0.0 , 0.0 , 0.0 , 0 , 0 , 0 , 1569358867.5910347
0.0 , 0.0 , 0.0 , 0 , 0 , 0 , 1569358867.6324577
9.6778978972e-05 , -1.55085304491e-21 , 3.97106388503e-22 , 0 , 0 , 0 , 1569358867.6734014
9.6778978972e-05 , -1.55085304491e-21 , 3.97106388503e-22 , 0 , 0 , 0 , 1569358867.7138429
9.6778978972e-05 , -1.55085304491e-21 , 3.97106388503e-22 , 0 , 0 , 0 , 1569358867.7547204
0.000145168468458 , 2.79376847807e-05 , 0.000147040446214 , 0 , 0 , 0 , 1569358867.79979
0.00188705040016 , 0.000978075104692 , 0.0051464156175 , 0 , 3 , -70 , 1569358867.8456483
0.00787087690939 , 0.00419380887717 , 0.0219090264859 , 0 , 42 , -99 , 1569358867.8907924
0.0214020201949 , 0.00736858279407 , 0.0366130711073 , 0 , 69 , -114 , 1569358867.9475684
0.0402866938916 , 0.0113312190405 , 0.0538168033144 , 0 , 76 , -117 , 1569358868.0055983
0.0618195874768 , 0.0146175130998 , 0.0649918772267 , 3 , 71 , -112 , 1569358868.0591109
0.0783906261076 , 0.0200355177704 , 0.0710205355215 , 55 , 64 , -108 , 1569358868.1115108
0.0919679976207 , 0.0289837773681 , 0.0674915648123 , 71 , 52 , -101 , 1569358868.1646
0.10780853661 , 0.0421791279189 , 0.0592572998243 , 75 , 45 , -86 , 1569358868.2222557
0.11935255842 , 0.0534989840377 , 0.0502878326053 , 78 , 33 , -82 , 1569358868.2674165
0.128098771915 , 0.0635898846325 , 0.0423476485097 , 78 , 22 , -75 , 1569358868.3162515
0.136346898366 , 0.074677079937 , 0.0344074644141 , 75 , 18 , -64 , 1569358868.3696685
0.1435253282 , 0.0869724422744 , 0.0272024825496 , 71 , 0 , -49 , 1569358868.41909
0.147736911684 , 0.0958627157805 , 0.0217619860397 , 64 , 0 , -45 , 1569358868.4638782
0.150061678835 , 0.104687825992 , 0.0119102761434 , 68 , -3 , -26 , 1569358868.5167027
0.152299028745 , 0.111867029317 , 0.00455825383264 , 51 , 0 , -23 , 1569358868.5742607
0.154591136922 , 0.118582591406 , -0.00249968758564 , 53 , 0 , -23 , 1569358868.6201665
0.156590533419 , 0.124751841155 , -0.00970466945014 , 41 , 0 , -27 , 1569358868.6644254
0.158708869406 , 0.128614803818 , -0.0104398716812 , 47 , 0 , -30 , 1569358868.7137463
0.162083173614 , 0.136626066946 , -0.0166155704222 , 52 , 0 , -30 , 1569358868.767312
0.165188168344 , 0.145823121242 , -0.0235264713943 , 60 , -41 , -30 , 1569358868.8282738
0.164372720702 , 0.154365661954 , -0.0210267838086 , 54 , -64 , -22 , 1569358868.8779185
0.161063692055 , 0.1650259741 , -0.0133806806055 , 59 , -71 , -15 , 1569358868.9319108
0.155625211129 , 0.178118875689 , -0.0030878493705 , 63 , -71 , -18 , 1569358868.9837272
0.15091342983 , 0.187967536932 , 0.00323488981671 , 59 , -76 , -15 , 1569358869.0289552
0.145994214528 , 0.197813678086 , 0.0092635481115 , 63 , -74 , -5 , 1569358869.0698798
0.140147862099 , 0.207286677855 , 0.0157333277449 , 60 , -75 , -3 , 1569358869.115091
0.132228050964 , 0.218506166627 , 0.0251439163026 , 60 , -83 , -3 , 1569358869.1731608
0.123902931472 , 0.23003433414 , 0.0322018577209 , 68 , -84 , 0 , 1569358869.2253897
0.116886837749 , 0.240430151705 , 0.0347015453066 , 67 , -98 , 0 , 1569358869.2745757
0.107719727865 , 0.252048488752 , 0.0427887698483 , 68 , -110 , 0 , 1569358869.3279378
0.0960451749037 , 0.265670100083 , 0.0561694504538 , 60 , -110 , 0 , 1569358869.3768322
0.0868058224839 , 0.275699728361 , 0.067932686151 , 56 , -110 , 0 , 1569358869.417974
0.0775372338892 , 0.285037927101 , 0.0796959218481 , 46 , -110 , 44 , 1569358869.4713218
0.0609640916921 , 0.293187316929 , 0.0848423374656 , 37 , -108 , 78 , 1569358869.521108
0.0431519836481 , 0.297055858852 , 0.0821956094337 , 29 , -101 , 93 , 1569358869.5695558
0.0274718984099 , 0.298791605563 , 0.0777843960473 , 18 , -97 , 97 , 1569358869.614918
0.0118116823647 , 0.299196322552 , 0.0730791017685 , 3 , -90 , 101 , 1569358869.6643274
-0.00645928155916 , 0.298250889218 , 0.0676386052585 , 7 , -84 , 97 , 1569358869.7142935
-0.0234847184678 , 0.296845537619 , 0.0623451491948 , -3 , -76 , 102 , 1569358869.7619894
-0.0374638542718 , 0.294769216413 , 0.0573457740235 , 0 , -69 , 99 , 1569358869.8029025
-0.0505708067773 , 0.292589595143 , 0.0498467112666 , 0 , -61 , 99 , 1569358869.8481631
-0.0632876122729 , 0.290136970792 , 0.0402890822627 , 0 , -50 , 99 , 1569358869.8932362
-0.0774867499597 , 0.286768553385 , 0.0255850376413 , 0 , -42 , 98 , 1569358869.951037
-0.0914050440716 , 0.282108563581 , 0.00338193026293 , 0 , -3 , 103 , 1569358870.003718
-0.0996162819076 , 0.277666614203 , -0.0194093389003 , -7 , 0 , 92 , 1569358870.0447085
-0.107235070209 , 0.271639116915 , -0.0369071519998 , -64 , 0 , 88 , 1569358870.0900671
-0.114869971242 , 0.261577039842 , -0.0427887698483 , -79 , 0 , 80 , 1569358870.1349385
-0.121904471181 , 0.249993827458 , -0.0413183653862 , -91 , 0 , 77 , 1569358870.1755857
-0.128079119813 , 0.240043133575 , -0.0398479609241 , -102 , 0 , 69 , 1569358870.220917
-0.135836080361 , 0.225254061125 , -0.0327900195058 , -100 , 0 , 57 , 1569358870.2782738
-0.141559424524 , 0.210179616988 , -0.016468529976 , -102 , 0 , 53 , 1569358870.3274364
-0.145765217179 , 0.198709057821 , -0.00441121338643 , -99 , 0 , 46 , 1569358870.3764012
-0.149935836235 , 0.185680429699 , 0.0111750739123 , -98 , 0 , 38 , 1569358870.4215343
-0.152912685698 , 0.174918420938 , 0.0252909567488 , -95 , 0 , 34 , 1569358870.4623063
-0.155409307705 , 0.164542961962 , 0.0389657182468 , -91 , 0 , 38 , 1569358870.5076292
-0.157990811813 , 0.152503867366 , 0.0533756819758 , -91 , 0 , 30 , 1569358870.564686
-0.160071625785 , 0.141565393263 , 0.0688149288283 , -84 , 0 , 23 , 1569358870.6055431
-0.161407110243 , 0.132792117526 , 0.0827837712186 , -79 , 0 , 19 , 1569358870.6505742
-0.162137967445 , 0.124629739549 , 0.096752613609 , -75 , 15 , 18 , 1569358870.69176
-0.160501448312 , 0.116283678083 , 0.10601616172 , -71 , 60 , 15 , 1569358870.7366788
-0.155635056051 , 0.107136709644 , 0.106604323505 , -69 , 80 , 16 , 1569358870.773646
-0.149685818441 , 0.0988384315876 , 0.101310867442 , -64 , 87 , 7 , 1569358870.8186142
-0.14180428981 , 0.0892494393822 , 0.0941058855771 , -71 , 102 , 0 , 1569358870.8597891
-0.132839391137 , 0.0792356525138 , 0.0852834588042 , -67 , 110 , 0 , 1569358870.9127061
-0.120435406587 , 0.0659398079108 , 0.0717557377525 , -64 , 113 , 0 , 1569358870.9667685
-0.109046551786 , 0.0539579672011 , 0.0574928144698 , -64 , 121 , 0 , 1569358871.0111527
-0.0989357498493 , 0.0433463384276 , 0.0436710125256 , -60 , 122 , 0 , 1569358871.0523276
-0.0887394018397 , 0.0328019182897 , 0.0282317656731 , -55 , 122 , 0 , 1569358871.1053517
