4.8389489486e-05 , 8.38130543421e-05 , 3.97106388503e-22 , 6.86747e-05 , 0.00024094 , 0.0 , 0.0 , 0.0 , 318.3098861837907 , -131.58849832080574 , -186.72138786298495 , 0.00339073 , 0.0059443 , 0.0117189046699 , 1572879546.3139684
0.000532284384346 , 0.0246131002918 , -0.0623451491948 , 0.00011763 , 6.37333e-05 , 104.0 , 0.0 , 0.0 , 317.9489877172763 , -128.6661681269312 , -189.28281959034507 , -0.000257886 , 0.002548 , 0.0109967722787 , 1572879546.4696367
0.0229846663771 , 0.133416260786 , 0.0458766192188 , 0.000130018 , -1.44975e-05 , 207.0 , -169.0 , -212.0 , 306.0044911487609 , -125.73097142346546 , -191.585213811556 , 0.00123626 , -0.000971481 , 0.00575955449189 , 1572879546.6212842
0.020639146833 , 0.264698064947 , 0.218796183967 , 0.000194442 , -0.00023465 , 207.0 , -205.0 , -214.0 , 277.5187227402117 , -105.11083322338034 , -164.08419009486602 , 0.00140525 , -0.00274035 , 0.0105795549833 , 1572879546.7728567
-0.00802476142635 , 0.395614626631 , 0.402743782181 , 0.000164429 , -0.000204282 , 202.0 , -213.0 , -214.0 , 245.75890905725 , -70.15207956461991 , -135.90918609556473 , 0.000445566 , -0.00405612 , 0.00865277935433 , 1572879546.9244347
-0.0601293977961 , 0.51902815605 , 0.586838420841 , 0.000190819 , -0.000132716 , 207.0 , -213.0 , -214.0 , 214.75064078725967 , -27.31746665153759 , -114.36069747943037 , 0.000715826 , -0.000430506 , 0.00964653348972 , 1572879547.0758648
-0.132929265958 , 0.630688586778 , 0.767845210131 , 0.000116754 , 4.33801e-05 , 207.0 , -210.0 , -214.0 , 186.10792284893236 , 20.805354813115596 , -100.43928922274159 , 8.4749e-05 , 0.00196523 , 0.00592380613527 , 1572879547.227404
-0.221992275284 , 0.728229090092 , 0.941352936663 , 0.000229362 , 2.40019e-05 , 209.0 , -194.0 , -213.0 , 160.9880001751087 , 72.5871891463057 , -94.25993809864876 , 0.00238787 , 0.00218997 , 0.0087153774256 , 1572879547.3790143
-0.319419244263 , 0.811991899547 , 1.09442204117 , 0.000145054 , -4.33272e-05 , 208.0 , -166.0 , -211.0 , 139.87752494821763 , 126.16248929626904 , -95.24410495146753 , 0.000285182 , -0.00106878 , 0.00615196654343 , 1572879547.5308688
-0.394390078818 , 0.898704337733 , 1.13735785147 , 0.000232486 , -0.000299469 , 206.0 , 0.0 , -206.0 , 121.88504640500422 , 178.62532926863162 , -101.94212311694397 , 0.000939661 , -0.0031313 , 0.00914276915619 , 1572879547.6822486
-0.430823238599 , 1.01148819401 , 1.04898654329 , 0.000169758 , -0.000227525 , 205.0 , 148.0 , -208.0 , 96.26151796398648 , 218.7170060615399 , -108.6201425226362 , 0.00147616 , -0.00188622 , 0.0100675879745 , 1572879547.833599
-0.433043561193 , 1.14360174461 , 0.887830214241 , 0.000180523 , -2.10654e-05 , 207.0 , 203.0 , -211.0 , 54.36653822600267 , 244.40348591968524 , -108.44543543959634 , 0.00313743 , -2.53573e-06 , 0.0046115052546 , 1572879547.9851146
-0.411088844747 , 1.27470655175 , 0.724615318944 , 0.000145677 , -0.000123918 , 200.0 , 205.0 , -212.0 , 1.8854803511342264 , 259.34304120757486 , -100.14359492464953 , -0.00106608 , 0.000434977 , 0.00901878033646 , 1572879548.136804
-0.366347979261 , 1.39878900078 , 0.567870203279 , 0.00017449 , -0.0001817 , 189.0 , 207.0 , -211.0 , -50.4302050480002 , 267.3429249957102 , -85.44095471871935 , 0.00105649 , -0.003068 , 0.00427490705969 , 1572879548.288433
-0.30014161914 , 1.50707233126 , 0.423770565989 , 0.000179815 , -1.21319e-05 , 165.0 , 205.0 , -208.0 , -100.15046891742834 , 268.34438746836514 , -65.1614596803277 , 0.00334592 , -0.000849556 , 0.00741932310481 , 1572879548.4397488
-0.202337375139 , 1.56492271698 , 0.391715748715 , 0.000135203 , 6.75342e-06 , 7.0 , 204.0 , -208.0 , -144.10800792887483 , 261.68781398530353 , -40.69230049840296 , 0.000303202 , 0.00170743 , 0.00582602235322 , 1572879548.587241
-0.0882533856995 , 1.57683174748 , 0.467882699854 , 0.000166987 , 7.79727e-05 , -139.0 , 202.0 , -191.0 , -165.2668946181644 , 245.07917358441966 , -8.740691594089856 , 0.000275946 , 0.00212867 , 0.0100613409071 , 1572879548.738854
0.0353801305151 , 1.56552594929 , 0.606982961972 , 0.000159417 , -0.000137992 , -208.0 , 204.0 , -168.0 , -165.28797962024078 , 223.22446884708157 , 26.954573467690064 , 0.000787845 , 0.000139677 , 0.006768817449 , 1572879548.8903124
0.156580138974 , 1.55574673818 , 0.722262671804 , 0.000168834 , -0.000163298 , -209.0 , 209.0 , -116.0 , -154.14425244227246 , 198.85671648489165 , 65.41648215569116 , 0.00110676 , -0.000634762 , 0.00452128377733 , 1572879549.0413568
0.269352332888 , 1.53491413957 , 0.768139291023 , 0.000177674 , -0.000129184 , -210.0 , 207.0 , -32.0 , -144.9578399014097 , 173.96984533353285 , 102.03290341625387 , 0.00173495 , -0.000761247 , 0.0047091668701 , 1572879549.189471
0.37623842181 , 1.50213695156 , 0.765786643884 , 0.00017748 , -0.000239156 , -208.0 , 208.0 , 0.0 , -136.48110267334502 , 145.45701592749396 , 130.39269501619341 , -0.000156875 , -0.0036729 , 0.00714848933259 , 1572879549.3368292
0.473317015561 , 1.43335895509 , 0.665946180904 , 0.000129323 , -0.000167074 , -207.0 , 206.0 , 151.0 , -127.14970033753303 , 113.75598771394826 , 152.3354645133135 , 0.00110477 , -0.00343893 , 0.00593583637075 , 1572879549.4883618
0.556747109968 , 1.33625586574 , 0.513318197734 , 0.000102129 , -2.96061e-05 , -208.0 , 204.0 , 194.0 , -112.28530640001276 , 73.13966829182007 , 159.9726723456315 , -0.000340125 , -0.000686626 , 0.0106552873058 , 1572879549.6399372
0.621536952038 , 1.22201363154 , 0.344368725034 , 0.000160499 , -0.000167964 , -207.0 , 205.0 , 205.0 , -91.62765427010383 , 28.591624842890393 , 156.17075597234458 , 0.000709849 , -0.0019181 , 0.00525791615392 , 1572879549.7915428
0.664584767527 , 1.09854959143 , 0.178507101704 , 0.000194641 , -0.000199226 , -208.0 , 200.0 , 205.0 , -66.53181510868508 , -14.526683833546619 , 143.53960165454825 , 0.00135562 , -0.00171852 , 0.00756160852393 , 1572879549.942899
0.683855938024 , 0.972119556606 , 0.0160274086373 , 7.61229e-05 , 2.80934e-06 , -201.0 , 187.0 , 204.0 , -38.343996055958826 , -52.9265843794407 , 123.65830831445686 , -0.00105284 , 0.000414993 , 0.00444851345072 , 1572879550.0944848
0.676236297068 , 0.849670527882 , -0.134100886947 , 0.00016238 , -0.000194463 , -193.0 , 162.0 , 205.0 , -9.03758989483223 , -85.03409066131088 , 96.97963964907332 , 0.00147998 , -0.00245872 , 0.00857508393097 , 1572879550.2459693
0.627102770753 , 0.754389477935 , -0.217472819951 , 0.000176167 , -0.000169684 , -171.0 , 43.0 , 206.0 , 19.71867874864307 , -108.3429402065854 , 64.29344776296678 , 0.000895218 , -0.00275896 , 0.00713044576573 , 1572879550.3936043
0.545326134917 , 0.703219355915 , -0.226148206277 , 0.000104767 , -2.77921e-05 , -125.0 , -80.0 , 203.0 , 43.834632593522755 , -111.84171470039205 , 28.549545423899065 , -0.00069845 , -0.000366573 , 0.00566174768139 , 1572879550.5409782
0.449112834145 , 0.705661832028 , -0.230559419664 , 0.00013006 , 8.77893e-06 , 19.0 , -174.0 , 198.0 , 58.397493922468165 , -94.7993204819939 , -4.6297430269571604 , 0.000645293 , 0.00107106 , 0.00677239810562 , 1572879550.6925151
0.352235557216 , 0.731271881644 , -0.224236680477 , 0.000141197 , 1.15503e-05 , 0.0 , -201.0 , 182.0 , 56.12323624887174 , -64.98237703685581 , -32.97278451214936 , 0.00135251 , 0.0014509 , 0.00647390273426 , 1572879550.831631
0.271037590031 , 0.782629614269 , -0.229089015202 , 0.00014545 , -0.000134498 , 100.0 , -208.0 , 110.0 , 47.094219913596724 , -30.642033397084134 , -57.13693529374694 , -0.00109441 , 0.00010006 , 0.00686517260827 , 1572879550.9791207
0.192760860248 , 0.850310391652 , -0.264672803186 , 0.000194367 , -0.000183825 , 120.0 , -204.0 , 131.0 , 29.164263151398163 , 2.8017337561583333 , -73.5311369698064 , 0.00160657 , -0.00236439 , 0.00401593771453 , 1572879551.1307247
0.141312581555 , 0.922232572212 , -0.244528262054 , 9.60398e-05 , 2.27345e-06 , 105.0 , -191.0 , 29.0 , 4.150702484183561 , 36.18282773899902 , -88.35487304221328 , -0.00171852 , -0.000410735 , 0.00620400320886 , 1572879551.2782643
0.117987795124 , 0.984057457288 , -0.154392468525 , 0.000173996 , -0.000194505 , 67.0 , -154.0 , -7.0 , -18.87163366665173 , 66.21669904798082 , -91.71145044135578 , 0.000899635 , -0.00268124 , 0.00647892337782 , 1572879551.4216769
0.121415070145 , 1.01646327703 , -0.0642566749956 , 0.000136485 , -2.24678e-06 , 17.0 , -53.0 , -104.0 , -34.47585544939233 , 91.12656307804176 , -84.66315760641734 , -0.00123502 , 0.000491165 , 0.00557851528586 , 1572879551.573215
0.161642796236 , 1.03576726365 , 0.0445532552029 , 0.000211212 , -0.000163434 , 0.0 , 0.0 , -150.0 , -40.7445073376045 , 103.98200802562754 , -74.89601558353216 , 0.00169378 , -0.000958315 , 0.00740102297416 , 1572879551.7246585
0.231285002937 , 1.04905152391 , 0.0980759776249 , 0.00023508 , -0.000187322 , 0.0 , 130.0 , -161.0 , -41.741994334481625 , 105.73908998793668 , -55.91350294558491 , 0.00157205 , -0.00137409 , 0.00672518576027 , 1572879551.8762794
0.315990858255 , 1.05592609836 , 0.0935177237922 , 0.000137459 , 4.8832e-07 , 0.0 , 174.0 , -155.0 , -44.1955768420475 , 95.08759223897384 , -33.09744003009665 , 0.00053846 , 0.000547743 , 0.00544030430415 , 1572879552.0235357
0.406671970886 , 1.0353046098 , 0.107633606629 , 0.00013164 , 3.53642e-05 , -82.0 , 192.0 , -128.0 , -48.14994468440941 , 75.7521814821844 , -10.634695668384166 , 0.00116604 , 0.00189223 , 0.00809531401359 , 1572879552.1710434
0.491177034456 , 1.00321234417 , 0.100575665211 , 0.000330183 , -0.00017503 , -86.0 , 197.0 , -88.0 , -42.250883358450324 , 51.52394641506176 , 10.255616356461019 , 0.00280281 , -0.00120615 , 0.00838773722527 , 1572879552.3185706
0.563699709216 , 0.962655363543 , 0.0479351854658 , 0.000162956 , 4.54556e-05 , -78.0 , 197.0 , -37.0 , -34.0092079227096 , 25.892793927234262 , 26.364524266706976 , 0.000344697 , 0.00167807 , 0.00501823217673 , 1572879552.4661837
0.616146350995 , 0.919636474994 , -0.030878493705 , 0.000223779 , -0.000193834 , -63.0 , 180.0 , -5.0 , -25.85783462564873 , -0.5387763902968681 , 35.0938097709478 , 0.00119605 , -0.00258558 , 0.00974870547241 , 1572879552.6052935
0.658263038512 , 0.878812834757 , -0.121455408573 , 0.000152901 , -1.57146e-05 , -44.0 , 151.0 , 0.0 , -18.533503794524606 , -23.410723000927227 , 36.341736799898236 , 0.0018815 , -0.000871227 , 0.00562948604431 , 1572879552.7526865
0.684539709205 , 0.84886783685 , -0.187035447584 , 0.000149096 , 1.43891e-05 , -24.0 , 91.0 , 0.0 , -12.646975611965834 , -43.79730532710777 , 34.40782028989617 , -0.000632998 , 0.00160211 , 0.00648205746511 , 1572879552.9041426
0.690317595131 , 0.838021671915 , -0.197328278819 , 0.000202638 , -0.000160974 , -20.0 , 19.0 , 0.0 , -8.738886920272371 , -56.574699493046865 , 31.378504154537538 , 0.00097015 , -0.00103452 , 0.00547702933179 , 1572879553.0516748
0.689164141773 , 0.837682470345 , -0.191446660971 , 0.000128197 , 3.88114e-06 , 0.0 , 0.0 , 0.0 , -7.593714619463535 , -57.31875935525273 , 29.109895050750037 , 0.000704687 , 0.00016535 , 0.00594245787487 , 1572879553.2025857
0.671734632844 , 0.840833004323 , -0.192622984541 , 0.000135139 , -8.26299e-06 , 0.0 , -65.0 , 61.0 , -8.841908972623544 , -53.50280131278264 , 27.60927231297397 , 7.0309e-05 , 0.000376836 , 0.00605269132023 , 1572879553.3506942
0.630015757928 , 0.854178837481 , -0.165714582883 , 0.000241755 , -0.000209871 , 0.0 , -100.0 , 60.0 , -11.654714725210999 , -45.07303434879967 , 21.77888291127165 , 0.00237186 , -0.00254876 , 0.00887360098037 , 1572879553.5021129
0.58948811939 , 0.869709667512 , -0.120279085003 , 0.000202333 , -0.000142841 , 0.0 , -104.0 , 45.0 , -16.04101613179543 , -26.628180489570674 , 12.602500311895206 , 0.00221752 , -0.000722842 , 0.00427164947033 , 1572879553.6538894
0.554081823137 , 0.884063437984 , -0.0676386052585 , 0.000191389 , -2.2946e-05 , 0.0 , -92.0 , 34.0 , -20.028912902138302 , -7.0455690999874045 , 5.2514495432550685 , 0.00156732 , -8.10844e-05 , 0.00553770496667 , 1572879553.8052323
0.528716888393 , 0.894098217006 , -0.0239675927329 , 0.00016369 , 5.89116e-06 , 0.0 , -61.0 , 15.0 , -23.232798797762968 , 11.371253582257559 , -0.4105757271357964 , 0.000542729 , 0.00172677 , 0.00460573391794 , 1572879553.9528127
0.517355651103 , 0.898702155878 , -0.000735202231071 , 0.000118354 , 2.61863e-05 , 0.0 , -23.0 , 3.0 , -25.630596519184014 , 25.78742780154435 , -4.505430659861477 , -0.00159278 , 0.00196859 , 0.00592588097456 , 1572879554.0960703
0.515420893641 , 0.89982108601 , 0.0051464156175 , 0.000174804 , 2.1051e-05 , 0.0 , -3.0 , 0.0 , -27.5618507730026 , 34.239762005694814 , -6.811303851633999 , 0.000557975 , 0.00155694 , 0.00812683382147 , 1572879554.2429724
0.515463164462 , 0.891607515456 , 0.026761361211 , 6.83083e-05 , 4.46723e-05 , -60.0 , 0.0 , 0.0 , -29.459002184160653 , 38.486152456109046 , -8.093401939356164 , -0.00077564 , 0.000775259 , 0.0069630710032 , 1572879554.3827376
0.516004179479 , 0.87320446829 , 0.0749906275692 , 0.000198215 , -0.000181667 , -56.0 , 0.0 , 0.0 , -27.459657304998125 , 41.650062212669084 , -9.334913578191223 , 0.000523279 , -0.00105583 , 0.00683823702312 , 1572879554.530175
0.51707177337 , 0.859640679569 , 0.110574415553 , 8.35946e-05 , -0.000220901 , -40.0 , 0.0 , 0.0 , -20.63276973739414 , 44.660362388356084 , -10.421545518903283 , -0.00243387 , -0.00242902 , 0.00655166669678 , 1572879554.6735733
0.527891041453 , 0.845072566996 , 0.110133294214 , 0.000155808 , -0.000164663 , -27.0 , 65.0 , 0.0 , -16.13632826241478 , 47.52657165868011 , -11.327993507425877 , 0.000150725 , -0.0011553 , 0.00308469960932 , 1572879554.8251898
0.550552027665 , 0.828577442514 , 0.0654329985653 , 0.000178244 , -0.000184033 , -20.0 , 76.0 , 0.0 , -13.524027314931313 , 45.36134573260549 , -11.855104100199773 , 0.000609733 , -0.0015115 , 0.00197023128127 , 1572879554.972524
0.571251672615 , 0.816103004793 , 0.0113221143585 , 0.000154577 , -3.04745e-05 , -4.0 , 74.0 , 0.0 , -12.999965457379803 , 36.943368076685495 , -12.071459533489804 , 0.00119542 , -0.001286 , 0.00525359650682 , 1572879555.1159694
0.590830155961 , 0.805093014923 , -0.0477881450196 , 0.000124007 , 6.22606e-05 , 0.0 , 67.0 , 0.0 , -14.34954829131163 , 29.131544704797268 , -12.727750081782691 , 0.000498075 , 0.00236324 , 0.00617124381009 , 1572879555.2673624
0.606669042819 , 0.794909766627 , -0.0973407753938 , 0.0001291 , 2.64341e-05 , 0.0 , 54.0 , 0.0 , -16.49210968902977 , 21.553899910659727 , -13.732310452843862 , 0.000584467 , 0.000772449 , 0.00759818654995 , 1572879555.4149666
0.617803125745 , 0.786945241265 , -0.133365684716 , 0.000204455 , -0.000147144 , 0.0 , 39.0 , 0.0 , -18.344062931526572 , 15.710825615837162 , -15.027945432198573 , 0.00120998 , -0.000740812 , 0.00595865585211 , 1572879555.562399
0.624661084668 , 0.781656024214 , -0.156156953879 , 0.000168679 , -0.000191049 , 0.0 , 23.0 , 0.0 , -20.10817308570242 , 12.3297285535173 , -16.418976543848707 , 0.000509316 , -0.00183774 , 0.00739961682866 , 1572879555.7097147
0.627955031297 , 0.778931448141 , -0.167184987346 , 0.00010827 , 8.13038e-06 , 0.0 , 11.0 , 0.0 , -21.947349419831585 , 11.347005596416691 , -17.73224843981324 , -0.000286917 , 0.000971778 , 0.00413684799718 , 1572879555.853181
0.628687149336 , 0.778326239394 , -0.169684674931 , 0.000136443 , 3.5189e-05 , 0.0 , 0.0 , 0.0 , -23.91507940273381 , 12.459498403132548 , -18.877900547753157 , 0.000195358 , 0.000995487 , 0.00483524042626 , 1572879556.001182
0.628739561739 , 0.778345604231 , -0.169537634485 , 0.000142056 , 1.55234e-05 , 0.0 , 0.0 , 0.0 , -26.065053735380857 , 15.12411843791617 , -19.84608115429169 , 1.7669e-05 , 0.000602667 , 0.00599463747728 , 1572879556.1480813
0.628230467946 , 0.775371593219 , -0.161597450389 , 9.89196e-05 , 4.97286e-05 , -32.0 , 0.0 , 0.0 , -28.27695930087664 , 18.22810246123034 , -20.71148108832172 , -0.00262117 , 0.0023932 , 0.00662789929505 , 1572879556.2954667
0.625146873819 , 0.756456035541 , -0.111162577338 , 0.000237798 , -0.000191987 , -60.0 , 0.0 , 0.0 , -29.08769612098764 , 21.473991354879743 , -21.705992877289198 , 0.00121329 , -0.000981054 , 0.00732534122022 , 1572879556.4429984
0.623411303396 , 0.740907496763 , -0.069991252398 , 0.000166891 , 3.52097e-05 , -40.0 , 0.0 , 0.0 , -22.276799119677094 , 25.454331320231248 , -23.346496184547078 , 0.00218035 , 0.0018513 , 0.0058728739596 , 1572879556.5903506
0.622657137587 , 0.730149953722 , -0.0416124462786 , 9.69848e-05 , -1.53486e-05 , -28.0 , 0.0 , 0.0 , -17.120429695583017 , 29.03028641122544 , -24.608834038897243 , -0.00137733 , -3.06898e-05 , 0.00585653539124 , 1572879556.7420492
0.622347987087 , 0.722724962753 , -0.0220560669321 , 0.00014794 , 2.17723e-06 , -20.0 , 0.0 , 0.0 , -14.285053657503381 , 32.315817025550196 , -25.58078560015001 , 0.000644604 , 0.00184558 , 0.00493644605286 , 1572879556.8894947
0.622351088413 , 0.718477333138 , -0.0108809930199 , 0.000137942 , -0.000137173 , -4.0 , 0.0 , 0.0 , -13.066096738978331 , 35.46646748000018 , -26.402149309274446 , -0.000386424 , -0.000437054 , 0.00670401152468 , 1572879557.0369074
0.634251872697 , 0.709239611255 , -0.04117132494 , 0.000167125 , -4.90369e-06 , -3.0 , 70.0 , 0.0 , -13.387248954589104 , 38.520508662996235 , -27.107470468745095 , 0.00176775 , 0.00136738 , 0.00297488841925 , 1572879557.1883228
0.666429069258 , 0.705006100899 , -0.0564635313463 , 0.000177012 , 6.20351e-07 , 0.0 , 69.0 , -80.0 , -14.649383450189966 , 34.98316369450234 , -27.803766905050516 , 0.000459493 , 0.00042745 , 0.0047731067774 , 1572879557.3357522
0.704295609145 , 0.706111691585 , -0.0394068395854 , 0.000136755 , 1.45039e-05 , 0.0 , 57.0 , -76.0 , -16.61869782004455 , 27.549904140736245 , -21.17575945541828 , 0.000713742 , 0.00231875 , 0.00479168859746 , 1572879557.4830754
0.735037602622 , 0.705878197992 , -0.0342604239679 , 0.000127731 , 9.45452e-06 , 0.0 , 50.0 , -50.0 , -18.352196237411814 , 21.34421735178594 , -10.141865489652064 , 0.00088101 , 0.000900142 , 0.0046423992755 , 1572879557.6306255
0.754191978982 , 0.70390786187 , -0.0407302036013 , 0.000224951 , -0.000165476 , 0.0 , 38.0 , -26.0 , -20.400650200352757 , 16.158523218087538 , -1.9739690604204518 , 0.00253596 , -0.00100669 , 0.00585127856061 , 1572879557.7775085
0.764672416869 , 0.700824472223 , -0.0546990459917 , 0.000158416 , 3.6597e-05 , 0.0 , 23.0 , 0.0 , -22.619420242454325 , 13.177310685384764 , 2.052158467696468 , 0.00132173 , 0.00267918 , 0.00550648127661 , 1572879557.9255188
0.769010673458 , 0.698628369572 , -0.0649918772267 , 0.000145958 , -0.000186117 , 0.0 , 5.0 , 0.0 , -24.95781955096882 , 11.94536041679607 , 3.088048284906375 , -0.0011888 , -0.00167742 , 0.00503104629921 , 1572879558.0650148
0.769680487479 , 0.688057981757 , -0.0422006080635 , 0.000203002 , -1.74308e-05 , -60.0 , 0.0 , 0.0 , -27.376472850205367 , 12.758677720134877 , 2.8258876156195885 , 0.00189689 , -0.000109572 , 0.00549505850991 , 1572879558.2081826
0.769013378724 , 0.672259330458 , -0.000588161784857 , 0.000230095 , -0.000242796 , -53.0 , 0.0 , 0.0 , -25.148512390277073 , 15.239585915391153 , 2.2521901476293213 , 0.00222236 , -0.00342414 , 0.00698825943363 , 1572879558.3474085
0.769007101747 , 0.661587136717 , 0.0274965634421 , 0.00019935 , -0.000139129 , -23.0 , 0.0 , 0.0 , -20.137702069566185 , 18.383170239057886 , 1.6478177353548578 , 0.00140006 , -0.000409016 , 0.00487576920003 , 1572879558.4907293
0.769191444193 , 0.654884626922 , 0.0451414169878 , 0.000142631 , 6.00184e-05 , -18.0 , 0.0 , 0.0 , -17.596223571510173 , 21.330005004056353 , 1.2551025158752962 , -0.000633726 , 0.00277325 , 0.00638372308541 , 1572879558.6341465
0.769436023564 , 0.649470237341 , 0.0594043402705 , 0.000185376 , 4.40714e-05 , -23.0 , 0.0 , 0.0 , -16.968859342358343 , 24.212059959029347 , 0.9471061863525239 , 0.00132205 , 0.00133284 , 0.00962612255959 , 1572879558.7815835
0.769684820135 , 0.645286976596 , 0.0704323737366 , 0.000199832 , -0.000171523 , -6.0 , 0.0 , 0.0 , -16.97492743312555 , 27.06505593711763 , 0.6879951065014377 , 0.000853168 , -0.00100477 , 0.00411628383497 , 1572879558.9289558
0.769998511933 , 0.641528145547 , 0.0801370431867 , 0.000200662 , -0.000210169 , -12.0 , 0.0 , 0.0 , -17.58713487210125 , 29.903966014495733 , 0.4621817522253098 , 0.000480481 , -0.0029242 , 0.00678876076937 , 1572879559.0766017
0.781068205592 , 0.635466289026 , 0.0502878326053 , 0.00016804 , -0.000156851 , 0.0 , 62.0 , 0.0 , -18.432833339479018 , 32.69898956799539 , 0.27363923613454777 , 0.000294098 , -0.00130638 , 0.003469229667 , 1572879559.2198393
0.797032386452 , 0.627290422287 , 0.0030878493705 , 0.000161366 , -6.75886e-06 , 0.0 , 51.0 , 0.0 , -20.955722711943416 , 29.75645261321461 , 0.32332523434460053 , 0.000855096 , -0.000157849 , 0.00534976023579 , 1572879559.3672762
0.808181929971 , 0.620843276738 , -0.0305844128126 , 0.000163605 , 2.23601e-05 , 0.0 , 39.0 , 0.0 , -23.872884665772904 , 24.064780196260177 , 0.36835346906805205 , 0.00149964 , 0.00055706 , 0.00808331484838 , 1572879559.5106187
0.817256824128 , 0.61522704538 , -0.0586691380395 , 0.000175891 , -0.000138186 , 0.0 , 30.0 , 0.0 , -26.539735433095156 , 20.779232646314355 , 0.21136983880388355 , 0.000343234 , -0.000723715 , 0.00438720827188 , 1572879559.6620977
0.823478234955 , 0.603135556111 , -0.0594043402705 , 0.000168383 , 5.3945e-05 , -53.0 , 23.0 , 0.0 , -29.150439342652327 , 18.521103788529178 , -0.01539543742868746 , 0.000276589 , 0.00202483 , 0.00578163789353 , 1572879559.8055136
0.827024451155 , 0.582885918331 , -0.0283788061193 , 0.00024828 , -0.000164745 , -47.0 , 16.0 , 0.0 , -28.062959092459316 , 17.65813397482818 , -0.37329849286245387 , 0.00321087 , -0.00149725 , 0.00520853115574 , 1572879559.9570916
0.829953711319 , 0.570113949042 , -0.00999875034257 , 0.000149001 , -0.000164416 , -29.0 , 5.0 , 0.0 , -22.474557041592636 , 18.139838136977033 , -0.8142361865360583 , 0.000528807 , -0.00179001 , 0.00489736685893 , 1572879560.0962892
0.832664628066 , 0.560531676529 , 0.00235264713943 , 0.000186138 , 1.764e-05 , -23.0 , 11.0 , 0.0 , -20.04763301960373 , 19.20143200599073 , -0.9679386039948639 , 0.000778408 , 0.00144998 , 0.00498168295005 , 1572879560.2354803
0.833357459268 , 0.553995870188 , 0.016468529976 , 0.000167128 , 6.92996e-05 , -18.0 , 0.0 , 0.0 , -19.01683037075038 , 20.45047919877277 , -1.0067924474088188 , 0.000823241 , 0.00226115 , 0.00911240864921 , 1572879560.374736
0.833432911043 , 0.549414711188 , 0.0285258465656 , 0.000176878 , -4.27799e-05 , -12.0 , 0.0 , 0.0 , -18.864960160485406 , 22.831351923871335 , -0.9783970990907163 , 0.0023037 , -0.000776478 , 0.00640733808005 , 1572879560.51399
0.833554030424 , 0.545169910735 , 0.0397009204778 , 0.000167359 , 3.40495e-05 , -24.0 , 0.0 , 0.0 , -19.47542131036106 , 25.55266723269043 , -0.9016123073894265 , 0.0010712 , 0.00242189 , 0.00621114445993 , 1572879560.6574697
0.833778690597 , 0.540733239728 , 0.0511700752825 , 0.000168656 , -0.000165279 , -12.0 , 0.0 , 0.0 , -20.26167398072431 , 28.244956501413473 , -0.7800810978345937 , -0.000423643 , -0.000699701 , 0.00570948528582 , 1572879560.8051462
0.836190831231 , 0.535261916904 , 0.0561694504538 , 0.000136488 , -0.000141763 , -11.0 , 35.0 , 0.0 , -20.98415357188151 , 30.879066069751257 , -0.6107862195238499 , -0.000333625 , -0.000292167 , 0.00577173232274 , 1572879560.9481866
0.85286223338 , 0.522348328232 , 0.0199975006851 , 0.00013763 , -1.61498e-05 , -17.0 , 60.0 , 0.0 , -21.78338234025948 , 32.3370535076818 , -0.3624750802725157 , 0.00137643 , -0.000231472 , 0.00374002535608 , 1572879561.0832825
0.866707793546 , 0.510078712682 , -0.00896946721907 , 0.000156823 , -0.000225384 , -23.0 , 49.0 , 0.0 , -22.718179617344692 , 26.172374840268624 , 0.17408401229168619 , -0.000458879 , -0.00283381 , 0.00560701896598 , 1572879561.2348814
0.876388359269 , 0.499542766409 , -0.0260261589799 , 0.000197363 , -0.000234806 , -17.0 , 33.0 , 0.0 , -23.436444668635108 , 21.30722797509626 , 0.5018267424494394 , 0.000344538 , -0.00280108 , 0.005529223098 , 1572879561.3740861
0.883576086677 , 0.48929468144 , -0.0335252217368 , 0.000171993 , -0.000173686 , -17.0 , 27.0 , 0.0 , -24.000180442858767 , 18.56850546268547 , 0.7095762696352458 , 0.000617805 , -0.00210824 , 0.00358175620998 , 1572879561.5257473
0.888693002794 , 0.480177985863 , -0.0347015453066 , 0.000237378 , -0.000208142 , -23.0 , 16.0 , 0.0 , -24.091168845396354 , 17.122596536102456 , 0.8858688855499787 , 0.00174094 , -0.00318557 , 0.00632819507169 , 1572879561.664921
0.892036028704 , 0.471871258371 , -0.0297021701353 , 0.000230237 , -0.000166513 , -23.0 , 5.0 , 0.0 , -24.1732657645242 , 16.791510501872857 , 1.0856236486006146 , 0.00194529 , -0.00131428 , 0.00603843374783 , 1572879561.8077018
0.894081167404 , 0.464124241899 , -0.0198504602389 , 0.000143766 , -0.000155827 , -23.0 , 10.0 , 0.0 , -24.152761174944153 , 17.433087986939956 , 1.3306113827573893 , 0.000252979 , -0.00220701 , 0.00435087602155 , 1572879561.9557383
0.894285074003 , 0.457329998563 , -0.00352897070914 , 0.000176122 , -0.000178768 , -29.0 , 0.0 , 0.0 , -24.029738756086633 , 18.795988386542238 , 1.632149658117064 , 0.000312669 , -0.00118777 , 0.00467555753884 , 1572879562.099122
0.894261214965 , 0.450569120945 , 0.0142629232828 , 0.000156044 , 3.14709e-05 , -23.0 , 0.0 , 0.0 , -23.831198938921766 , 21.190115222197385 , 2.0007991458039385 , 0.00166452 , 0.000724324 , 0.00454934253247 , 1572879562.246564
0.894356845255 , 0.443864758593 , 0.0319077768285 , 0.000163535 , 5.58187e-05 , -18.0 , 0.0 , 0.0 , -23.566546734383362 , 23.72175385913456 , 2.4326096827187587 , 0.000850822 , 0.00234262 , 0.00627536064144 , 1572879562.3939252
0.894616443037 , 0.437248441312 , 0.0491115090355 , 0.000167016 , -0.000127286 , -18.0 , 0.0 , 0.0 , -23.34067578513352 , 26.20078905668235 , 2.9291263905231713 , 0.000295508 , -0.000368076 , 0.00529367643778 , 1572879562.5415123
0.895384700362 , 0.430489149155 , 0.0649918772267 , 0.000152152 , -0.00015261 , -24.0 , 0.0 , 0.0 , -23.1811104912121 , 28.60194168171328 , 3.489795754807808 , 6.98461e-05 , -0.00102819 , 0.00330828914942 , 1572879562.6889424
0.910714206468 , 0.4169845092 , 0.0373482733384 , 8.82789e-05 , 2.28266e-05 , -17.0 , 60.0 , 0.0 , -23.067373276368464 , 30.73981885135091 , 4.119461939468381 , -0.0015743 , 0.00144889 , 0.00519753870113 , 1572879562.824238
0.924676607888 , 0.403583547168 , 0.0126454783744 , 0.000247016 , -0.000190774 , -17.0 , 43.0 , 0.0 , -23.44980918806447 , 25.137329086120715 , 5.088825144184721 , 0.00196218 , -0.00122801 , 0.00302514453126 , 1572879562.9755552
0.934595346399 , 0.392253614397 , -0.00176448535457 , 0.000148609 , -0.000138326 , -20.0 , 34.0 , 0.0 , -23.69809206333563 , 20.08530283841701 , 5.907142270716717 , -0.000867698 , -0.000411585 , 0.00305281227458 , 1572879563.1229951
0.941933974026 , 0.382853588783 , -0.0105869121274 , 0.000195065 , -0.000170799 , -16.0 , 26.0 , 0.0 , -23.993505227264315 , 17.079085433933678 , 6.594277507870396 , 0.00252716 , -0.00194432 , 0.00588178730306 , 1572879563.2663083
0.947259238812 , 0.373912526901 , -0.0119102761434 , 0.000237535 , 2.84486e-05 , -24.0 , 19.0 , 0.0 , -24.575396008088113 , 15.407956139273622 , 7.246586156053226 , 0.00245269 , 0.000974594 , 0.00555783724027 , 1572879563.4096956
0.950740651232 , 0.365545039757 , -0.00632273918721 , 0.000199581 , -0.000151556 , -24.0 , 11.0 , 0.0 , -24.859637593164454 , 14.79694353923336 , 7.901733627074674 , 0.00122528 , -0.00119346 , 0.00458312958688 , 1572879563.5532122
0.952484216553 , 0.358130381047 , 0.00499937517128 , 0.00014176 , 2.66596e-05 , -20.0 , 3.0 , 0.0 , -24.917978142967172 , 15.181753165332742 , 8.58904845473533 , 0.000879451 , 0.0010316 , 0.00375891716619 , 1572879563.6965346
0.952567383364 , 0.351174226387 , 0.0230853500556 , 0.000183694 , -0.000139364 , -24.0 , 0.0 , 0.0 , -24.94197461893315 , 16.522146675315593 , 9.326897752421434 , 0.000759251 , -0.00191561 , 0.0033001396828 , 1572879563.8473678
0.952731186427 , 0.344079945262 , 0.0417594867248 , 0.000152683 , -0.000160465 , -24.0 , 0.0 , 0.0 , -24.71172190568171 , 18.78011833200006 , 10.120131808452618 , -1.74264e-05 , -0.00130722 , 0.00389429745883 , 1572879563.9954562
0.953027432805 , 0.336989959775 , 0.060433623394 , 0.000214904 , -0.00023871 , -20.0 , 0.0 , 0.0 , -24.410498169718014 , 21.00704130395649 , 10.980157621653 , 0.00240847 , -0.00311144 , 0.00571137579315 , 1572879564.1428754
0.95345939389 , 0.329850968932 , 0.0792548005095 , 0.000181838 , -0.000135485 , -20.0 , 0.0 , 0.0 , -24.11890050725609 , 23.17550286646809 , 11.908270917799962 , 0.000617642 , -0.000327138 , 0.00461443889885 , 1572879564.2902815
0.954038906018 , 0.322554272107 , 0.0985170989635 , 0.000135215 , 1.88718e-05 , -24.0 , 0.0 , 0.0 , -23.81076038567974 , 25.284786025656715 , 12.905698681943843 , 0.000333068 , -0.000276853 , 0.00293730640489 , 1572879564.437728
0.954804260064 , 0.315302652657 , 0.117485316525 , 0.000166546 , 4.15504e-06 , -24.0 , 0.0 , 0.0 , -23.433381385662305 , 27.33189073874976 , 13.976101585107259 , 0.00173125 , 5.44297e-05 , 0.00414074407303 , 1572879564.589211
0.957285169441 , 0.307493568155 , 0.131601199362 , 0.000191317 , -0.000140118 , -24.0 , 7.0 , 0.0 , -23.095464644107533 , 29.29385102187394 , 15.117754129125505 , 0.000666267 , 0.000332457 , 0.00429713436013 , 1572879564.7367785
0.976230355934 , 0.293064269109 , 0.098811179856 , 0.000177938 , 3.04557e-05 , -20.0 , 65.0 , 0.0 , -22.88058127946418 , 30.377185599570478 , 16.380674470467252 , 0.00091666 , 0.00268971 , 0.00436028814476 , 1572879564.8882809
0.992940634522 , 0.279504377548 , 0.0689619692745 , 0.000239233 , -0.000192093 , -20.0 , 49.0 , 0.0 , -23.401938340359063 , 23.007711438999195 , 18.322194887131282 , 0.000682572 , -0.00122901 , 0.00712011742303 , 1572879565.0356991
1.00503370997 , 0.268045799075 , 0.0498467112666 , 0.000157058 , 8.38348e-05 , -20.0 , 38.0 , 0.0 , -24.028570252843327 , 16.546599345719724 , 19.99419856385989 , 0.00131976 , 0.00241107 , 0.00475830756251 , 1572879565.179044
1.01343340919 , 0.257975182683 , 0.0414654058324 , 0.000171531 , 2.43054e-05 , -20.0 , 27.0 , 0.0 , -24.68097040189478 , 12.317737006905935 , 21.40725295923958 , 0.000502697 , 0.00216333 , 0.0048916970671 , 1572879565.3223794
1.01859392215 , 0.249157652693 , 0.0429358102946 , 0.000196082 , -0.00021133 , -24.0 , 11.0 , 0.0 , -25.131757741406297 , 9.952716394880095 , 22.702385054840967 , 0.00195646 , -0.00251719 , 0.00366837459146 , 1572879565.4692657
1.02067010273 , 0.241417082352 , 0.055581288669 , 0.000136322 , -1.51534e-05 , -20.0 , 0.0 , 0.0 , -25.391042111902294 , 9.251304292286116 , 23.929866765814452 , 0.000286581 , -0.000252938 , 0.00345426382952 , 1572879565.6174421
1.02117646373 , 0.234058299535 , 0.0745495062306 , 0.000159621 , 3.12287e-05 , -20.0 , 0.0 , 0.0 , -25.322409566196683 , 10.222613558519077 , 25.18427799967401 , 0.00154025 , 0.00147351 , 0.00285348252916 , 1572879565.7647736
1.0148961671 , 0.22199082082 , 0.0723438995374 , 0.000157527 , -0.000119446 , -28.0 , 0.0 , 54.0 , -24.997727703404117 , 12.044841943444503 , 26.478897320653218 , -0.00101444 , 0.000165772 , 0.00487213396475 , 1572879565.9082174
1.00015052719 , 0.205208054499 , 0.0410242844938 , 0.000143258 , -2.30973e-05 , -20.0 , 0.0 , 57.0 , -24.459290156895438 , 13.682750726063588 , 23.902373134700195 , 0.000408361 , -0.000901169 , 0.0017294362617 , 1572879566.0514884
0.988783797334 , 0.19187932383 , 0.02058566247 , 0.000184866 , -0.00011845 , -16.0 , 0.0 , 42.0 , -24.184895214984973 , 15.117635268852526 , 16.510568083082163 , 0.00100755 , 0.000221482 , 0.0024820753676 , 1572879566.1947675
0.980969072266 , 0.181211634181 , 0.0116161952509 , 0.000173056 , -0.00011701 , -16.0 , 0.0 , 27.0 , -24.355749057789115 , 16.803303490112786 , 11.287438898045341 , 0.000332429 , 0.000369001 , 0.00384179881978 , 1572879566.338186
0.976183639044 , 0.17241095781 , 0.012351397482 , 0.000171585 , 5.28089e-06 , -20.0 , 0.0 , 19.0 , -24.683544550756068 , 18.601210708841375 , 8.189937221194329 , 0.000739122 , 1.42105e-05 , 0.00375875433951 , 1572879566.4815178
0.974191730304 , 0.165205821001 , 0.0217619860397 , 0.000168467 , 1.10577e-05 , -20.0 , 0.0 , 3.0 , -25.02193081537451 , 20.42217437085288 , 6.840752442743021 , 0.000328108 , 0.0015187 , 0.00268791532087 , 1572879566.6248758
0.974336418005 , 0.158558226431 , 0.0392597991392 , 0.000172488 , 2.00328e-05 , -20.0 , 0.0 , 0.0 , -25.346426555394093 , 22.22554508521498 , 7.0693029908549265 , 0.00141453 , 0.000542361 , 0.00354820792892 , 1572879566.7760992
0.974660003291 , 0.151553170316 , 0.0574928144698 , 0.000153322 , 2.75941e-06 , -20.0 , 0.0 , 0.0 , -25.361879619214086 , 23.991457603118718 , 8.493587867584877 , 0.000490787 , 0.000427008 , 0.00369130708183 , 1572879566.9238918
0.975083810782 , 0.144189807834 , 0.07690215337 , 0.000158166 , -7.11238e-06 , -24.0 , 0.0 , 0.0 , -25.221358352462367 , 25.669129907048834 , 9.983531246658487 , -0.000314511 , 0.00016783 , 0.00233592237705 , 1572879567.0712936
0.981475671236 , 0.133670270558 , 0.0804311240792 , 0.000167349 , -0.000160082 , -24.0 , 50.0 , 0.0 , -24.897596121408043 , 27.306616164773676 , 11.543847897941573 , 0.00120735 , -0.00261181 , 0.00396262768893 , 1572879567.2187529
0.999153257262 , 0.118530449847 , 0.0491115090355 , 0.000217939 , -0.000187742 , -24.0 , 61.0 , 0.0 , -24.531253942847783 , 25.809324638121897 , 13.315081816953503 , 0.00140471 , -0.00203844 , 0.0080112164978 , 1572879567.3664026
1.01375256786 , 0.104395201952 , 0.0248498354102 , 0.000165916 , -0.000227002 , -20.0 , 45.0 , 0.0 , -24.803148530995774 , 18.33099284290724 , 15.382782633397523 , 0.000818721 , -0.00221584 , 0.00548615533159 , 1572879567.5136545
1.02388012115 , 0.0922667051581 , 0.0126454783744 , 0.000211779 , -0.000143511 , -19.0 , 31.0 , 0.0 , -24.968947794847843 , 12.260778768059394 , 17.216839547019624 , 0.00102096 , -2.70195e-05 , 0.00386754819525 , 1572879567.665479
1.03025575781 , 0.0817581032587 , 0.0120573165896 , 0.000150739 , -0.000183081 , -20.0 , 19.0 , 0.0 , -25.044978602850126 , 8.444506929981435 , 18.894824718666783 , -0.000231931 , -0.000964608 , 0.00457762086403 , 1572879567.8163311
1.03268135914 , 0.0732377979217 , 0.0235264713943 , 0.000166206 , 1.21784e-05 , -20.0 , 7.0 , 0.0 , -24.934459471689753 , 6.59532985205519 , 20.526768570279252 , 0.00090537 , 0.000681049 , 0.00349190458595 , 1572879567.964267
1.03299802043 , 0.0659514950567 , 0.0420535676173 , 0.000151437 , 1.81046e-05 , -24.0 , 0.0 , 0.0 , -24.727657883164092 , 6.8530116380950545 , 22.14321005120506 , 0.000627367 , 0.000495996 , 0.00243119564758 , 1572879568.1116683
1.03325622685 , 0.0586641717545 , 0.0610217851789 , 0.000178129 , -0.000141884 , -24.0 , 0.0 , 0.0 , -24.486511283078144 , 8.28746267219079 , 23.829106414355522 , 0.000432658 , -0.000557892 , 0.00500053913405 , 1572879568.2628348
1.02220029253 , 0.0436299227134 , 0.0442591743105 , 6.40026e-05 , -0.000174196 , -24.0 , 0.0 , 57.0 , -24.217757663857196 , 9.736543140249628 , 25.552801895772934 , -0.00404689 , -0.00129269 , 0.00448589593177 , 1572879568.410532
1.00853627182 , 0.0284270025289 , 0.0173507726533 , 0.000167445 , -0.000174272 , -20.0 , 0.0 , 50.0 , -23.643117938885645 , 10.88245411443616 , 20.79089948474291 , 8.01973e-05 , -0.00286893 , 0.00387118425439 , 1572879568.5539393
0.998715526359 , 0.0170518897677 , 0.00117632356971 , 0.00019231 , -0.000176101 , -16.0 , 0.0 , 34.0 , -23.627151376213952 , 12.078566521829517 , 14.69665066140974 , 0.000965567 , -0.00163358 , 0.00723407999855 , 1572879568.6973543
0.992096391512 , 0.00835547754159 , -0.006175698741 , 0.000154298 , 6.15385e-05 , -12.0 , 0.0 , 19.0 , -24.17887356853961 , 13.445164449032388 , 10.947137309813984 , -2.3309e-05 , 0.00183793 , 0.00516065264504 , 1572879568.840671
0.988466983092 , 0.00049931461034 , -0.00176448535457 , 0.000124189 , -0.000202822 , -20.0 , 0.0 , 7.0 , -25.047799940115414 , 14.860494251270149 , 9.066807689734507 , -0.000769996 , -0.0021184 , 0.00476148528887 , 1572879568.9840267
0.987729360228 , -0.00617650092045 , 0.0124984379282 , 0.000149988 , 6.14594e-05 , -20.0 , 0.0 , 0.0 , -25.47055721947717 , 16.268081150370868 , 8.882333783646054 , -0.000662423 , 0.00271113 , 0.00493027847935 , 1572879569.127345
0.987815953974 , -0.0131045055957 , 0.0307314532588 , 0.000166599 , 6.90283e-05 , -20.0 , 0.0 , 0.0 , -25.670689911297615 , 17.633306256379278 , 10.305058176928082 , -0.000263861 , 0.0023378 , 0.0031910962049 , 1572879569.2748528
0.988046013353 , -0.0205882698092 , 0.0504348730515 , 0.000170658 , 5.08544e-07 , -24.0 , 0.0 , 0.0 , -25.547602352527914 , 18.942279722728735 , 12.181134101564368 , 5.30543e-05 , 0.00129893 , 0.0028415930518 , 1572879569.4260743
0.988431924901 , -0.0282334616758 , 0.0705794141828 , 0.000120882 , 3.8856e-05 , -28.0 , 0.0 , 0.0 , -25.15552490211915 , 20.183034086046494 , 14.123224475476798 , -2.07147e-06 , 0.00139706 , 0.00298047962709 , 1572879569.5739048
0.989018055442 , -0.0358380482949 , 0.0904298744217 , 0.000161338 , -1.3833e-05 , -24.0 , 0.0 , 0.0 , -24.681909017075476 , 21.352534438788258 , 16.135065996695356 , 0.00104922 , -0.000354462 , 0.00456707128206 , 1572879569.7220519
0.989709346326 , -0.0434616959331 , 0.110574415553 , 0.000230654 , -0.000123683 , -24.0 , 0.0 , 0.0 , -24.235210151593126 , 22.426113321280077 , 18.21638896014849 , 0.00132373 , 7.70923e-05 , 0.00363895128416 , 1572879569.8688443
0.998717697555 , -0.0544361071535 , 0.106604323505 , 0.000123241 , 1.18302e-05 , -24.0 , 57.0 , 0.0 , -23.760547135745526 , 23.455925715326348 , 20.366871309258617 , -0.000387769 , 0.000602857 , 0.0028131343086 , 1572879570.0203667
1.01642782933 , -0.0689497040773 , 0.0758728702465 , 0.00018159 , -0.000248844 , -20.0 , 53.0 , 0.0 , -23.673300724298265 , 20.171652622413422 , 22.84357784843883 , -0.000163811 , -0.00402313 , 0.00587640865378 , 1572879570.1680326
1.02852448071 , -0.0806103444819 , 0.0579339358084 , 0.000223017 , -0.000219172 , -20.0 , 38.0 , 0.0 , -24.073248847648998 , 12.277062331051559 , 25.562304791386193 , 0.0011597 , -0.00282685 , 0.00577856148374 , 1572879570.311124
1.03619219466 , -0.0907997871411 , 0.0519052775136 , 0.000151221 , 3.30797e-05 , -19.0 , 26.0 , 0.0 , -24.60258315545873 , 7.127763080997507 , 27.986158447071233 , -0.00017689 , 0.00235616 , 0.00320271965457 , 1572879570.4579246
1.02579117515 , -0.109775903421 , 0.0101457907888 , 0.000219258 , -0.00019431 , -23.0 , 11.0 , 64.0 , -24.874517609439188 , 4.12383508924261 , 30.16820141748422 , 0.00162024 , -0.00146209 , 0.00463992237679 , 1572879570.6099114
1.01230306999 , -0.125391029616 , -0.0210267838086 , 0.000155751 , -8.64586e-06 , -16.0 , 0.0 , 49.0 , -24.50483584151616 , 2.5113040879026385 , 23.83434989500966 , 0.00153188 , -8.4467e-05 , 0.00380626556685 , 1572879570.7571821
1.00160771907 , -0.13684664191 , -0.0383775564619 , 0.000248645 , -0.000175969 , -17.0 , 0.0 , 33.0 , -24.55869980455154 , 2.8947615315232302 , 17.848909371294162 , 0.00239022 , -0.000813213 , 0.00679408035597 , 1572879570.9007447
0.99466714251 , -0.146085960916 , -0.0433769316332 , 0.000182695 , -0.000205569 , -11.0 , 0.0 , 27.0 , -25.094331114856644 , 3.9759725497276173 , 14.155263856369531 , 0.000912995 , -0.00229032 , 0.00498488468044 , 1572879571.035931
0.989900765257 , -0.15435216887 , -0.04117132494 , 9.37368e-05 , 1.98599e-05 , -23.0 , 0.0 , 16.0 , -25.581798584937015 , 5.091440274288567 , 12.620193793085043 , -0.000465596 , 0.000556696 , 0.00604221254281 , 1572879571.1791077
0.987415758641 , -0.161771411172 , -0.0313196150436 , 0.000164961 , -0.000165546 , -23.0 , 0.0 , 0.0 , -25.9363218575709 , 6.167667506918779 , 12.29866768991397 , 0.000434924 , -0.00205824 , 0.0031653432678 , 1572879571.3227377
0.987144304988 , -0.1688905117 , -0.0132336401593 , 0.000153873 , 1.44528e-05 , -20.0 , 0.0 , 0.0 , -26.090757170648303 , 7.1816183315455415 , 13.226613272184087 , 0.00104597 , 0.000907865 , 0.00393359720728 , 1572879571.470495
0.987054096608 , -0.175706709885 , 0.00470529427885 , 0.000228024 , -0.000144734 , -20.0 , 0.0 , 0.0 , -25.835162527966027 , 8.100437921490375 , 15.333657465524077 , 0.00174542 , -0.000650557 , 0.00473873447083 , 1572879571.6175199
0.987089063516 , -0.183138051772 , 0.0242616736253 , 0.000153856 , -0.000192033 , -28.0 , 0.0 , 0.0 , -25.676998169706366 , 8.977820339433048 , 17.552890591500486 , -0.000122181 , -0.00228874 , 0.00634139419011 , 1572879571.7688067
0.987292388065 , -0.191516890588 , 0.0463177405575 , 0.000196388 , 5.98318e-05 , -28.0 , 0.0 , 0.0 , -25.217017228976733 , 9.789739374607068 , 19.82923427944743 , 0.000698088 , 0.00175815 , 0.00712857259753 , 1572879571.9165554
0.987620472883 , -0.199640278273 , 0.0674915648123 , 0.000184209 , -0.000160036 , -28.0 , 0.0 , 0.0 , -24.295762518936012 , 10.52467042264106 , 22.174827089625275 , 0.000517901 , -0.000949912 , 0.00204923702291 , 1572879572.0639174
0.988144260161 , -0.207389272318 , 0.0879301868361 , 0.000234974 , -0.000189828 , -20.0 , 0.0 , 0.0 , -23.50037167764057 , 11.181472451552942 , 24.564341644940406 , 0.000661952 , -0.00163408 , 0.00623979863363 , 1572879572.2113788
0.988791958154 , -0.214736326636 , 0.107339525736 , 0.000153421 , -0.000168166 , -24.0 , 0.0 , 0.0 , -22.859505349581937 , 11.768336396484406 , 27.04492617853101 , 0.00018436 , -0.00218636 , 0.00361068677855 , 1572879572.3588467
0.982011515915 , -0.22724059575 , 0.101310867442 , 0.000170336 , 3.59698e-05 , -24.0 , 0.0 , 58.0 , -22.399411229661478 , 12.291578259618461 , 29.583155335538745 , 0.00144216 , 0.000818161 , 0.00437132558878 , 1572879572.502116
0.967882892098 , -0.243756755843 , 0.0691090097207 , 0.000187115 , -0.000174802 , -16.0 , 0.0 , 54.0 , -21.826461886098855 , 12.471981697615284 , 27.73598307865694 , 0.000818671 , -0.00209652 , 0.00520746182302 , 1572879572.6455977
0.956277057299 , -0.256882097802 , 0.0445532552029 , 0.000159192 , -0.000151749 , -20.0 , 0.0 , 42.0 , -21.54938515453106 , 12.425258093903283 , 21.663033241152405 , -0.000597385 , -0.00184336 , 0.00378296787296 , 1572879572.7889123
0.947485563913 , -0.267201776525 , 0.0285258465656 , 0.000304174 , -0.00015895 , -16.0 , 0.0 , 34.0 , -21.878879777128585 , 12.653799561236788 , 17.308672923761918 , 0.00364644 , -0.00100231 , 0.0054751516587 , 1572879572.932261
0.94119070773 , -0.275626362697 , 0.0204386220238 , 0.000207013 , -0.000204749 , -12.0 , 0.0 , 23.0 , -22.57502588793408 , 13.037401894256329 , 14.713257608617674 , 0.000725092 , -0.00233943 , 0.00580331764416 , 1572879573.0756254
0.937084057603 , -0.283087398227 , 0.0204386220238 , 0.000191916 , -0.000132855 , -16.0 , 0.0 , 15.0 , -23.38325003587826 , 13.483094473496028 , 13.608470368962886 , 0.00120685 , -0.000588776 , 0.00244587542419 , 1572879573.2189002
0.934897737619 , -0.28978264784 , 0.0273495229958 , 0.000176106 , -0.000156126 , -16.0 , 0.0 , 11.0 , -23.997840307757045 , 13.936480108324853 , 13.769675006012848 , -7.46322e-05 , -0.000383099 , 0.00363598889018 , 1572879573.362215
0.934823193829 , -0.295905329019 , 0.0423476485097 , 0.000182662 , 7.216e-05 , -16.0 , 0.0 , 0.0 , -24.42669001813997 , 14.368733822301254 , 15.020161620471837 , 0.00126314 , 0.00147998 , 0.00538440208031 , 1572879573.513912
0.935151849713 , -0.302518575627 , 0.0595513807168 , 0.00018652 , 4.22446e-05 , -20.0 , 0.0 , 0.0 , -24.536855606885435 , 14.767424240484178 , 17.452846217446123 , 0.000758197 , 0.00255254 , 0.00444713698103 , 1572879573.6613932
0.93557086133 , -0.309546392143 , 0.0780784769397 , 0.000161904 , 3.5007e-05 , -20.0 , 0.0 , 0.0 , -24.345348093564585 , 15.078583953375992 , 20.071566274470445 , 0.000193493 , 0.000669998 , 0.00378250350121 , 1572879573.808702
0.936192210965 , -0.316867843844 , 0.0971937349476 , 0.000176526 , 1.31812e-05 , -24.0 , 0.0 , 0.0 , -23.929419251691 , 15.34714954579999 , 22.74856583750502 , 0.000554164 , 0.000678286 , 0.00194623955278 , 1572879573.9562476
0.94275824362 , -0.326866241812 , 0.0992523011946 , 0.000183126 , -0.000212716 , -27.0 , 53.0 , 0.0 , -23.37173384897461 , 15.516996427481068 , 25.4892416455931 , 0.000406119 , -0.00226196 , 0.00402658815045 , 1572879574.1076596
0.959597398368 , -0.341164571047 , 0.0711675759677 , 0.000212624 , -0.000144725 , -20.0 , 49.0 , 0.0 , -22.98050847257741 , 12.558672513628876 , 28.429839516084996 , 0.000608247 , -0.00026588 , 0.00425727185266 , 1572879574.258943
0.965677999654 , -0.355687681244 , 0.04117132494 , 0.000137202 , -0.000193481 , -19.0 , 30.0 , 49.0 , -23.030302240455367 , 4.22918023057992 , 31.713527523436987 , -0.00141912 , -0.00231558 , 0.00427732001035 , 1572879574.406641
0.95429462165 , -0.373268979422 , -0.0108809930199 , 0.000152069 , 2.71398e-05 , -15.0 , 11.0 , 60.0 , -23.11056000639254 , -1.3178180220249842 , 31.89836468915559 , 0.000431763 , 0.00141081 , 0.00165844025048 , 1572879574.5543294
0.940487266089 , -0.388038342628 , -0.0426417294021 , 0.00017475 , 6.32083e-05 , -20.0 , 0.0 , 50.0 , -23.53741066322758 , -3.9031701996761576 , 25.466370102565765 , 5.33741e-05 , 0.00277903 , 0.0053993893132 , 1572879574.7057927
0.929804030245 , -0.398907571712 , -0.0594043402705 , 0.00018348 , 0.000107317 , -23.0 , 0.0 , 39.0 , -23.617946589983262 , -4.1774949921873565 , 20.058669683548967 , 0.000182155 , 0.00309255 , 0.00391280643306 , 1572879574.8451936
0.921528219758 , -0.408462725095 , -0.0680797265972 , 0.000152714 , 1.34711e-05 , -15.0 , 0.0 , 23.0 , -24.018408530889893 , -3.8171746772401973 , 17.057459597636495 , 0.000648626 , -0.000208844 , 0.0035017203133 , 1572879574.9965312
0.915531990129 , -0.416734663161 , -0.069991252398 , 0.000257663 , -0.000150194 , -16.0 , 0.0 , 11.0 , -24.333307419116114 , -3.4542055204175988 , 15.435356425527443 , 0.0021119 , -0.000880319 , 0.00372242811081 , 1572879575.143965
0.911919027569 , -0.423987049977 , -0.0644037154418 , 0.000207603 , -0.000171029 , -20.0 , 0.0 , 15.0 , -24.632572491568727 , -3.1383051976747147 , 15.07190036598862 , 0.00200728 , -0.00238696 , 0.00396687698322 , 1572879575.2834024
0.910793725543 , -0.430157522783 , -0.0513171157288 , 0.000208498 , -0.00013202 , -24.0 , 0.0 , 0.0 , -24.787530995054233 , -2.8955650522572074 , 15.99790262801393 , 0.00111626 , -0.000264396 , 0.00220310889983 , 1572879575.4223742
0.910487052365 , -0.436128316807 , -0.0355837879838 , 0.000168153 , 5.02799e-05 , -17.0 , 0.0 , 0.0 , -24.8177534760742 , -2.744843618779097 , 18.251792292718967 , -5.55558e-05 , 0.00181672 , 0.00465891758543 , 1572879575.5617466
0.910234596972 , -0.443219996608 , -0.0169096513146 , 0.000235746 , -0.000176719 , -24.0 , 0.0 , 0.0 , -24.735600922266386 , -2.6599271708667955 , 20.93932533635234 , 0.00156041 , -0.000855273 , 0.00413211182184 , 1572879575.705026
0.910064809144 , -0.450398136901 , 0.00176448535457 , 0.000117381 , 5.47802e-05 , -30.0 , 0.0 , 0.0 , -24.102661904976586 , -2.622483361578138 , 23.657115030894385 , -3.58904e-05 , 0.00102342 , 0.00210074978989 , 1572879575.84839
0.910077527411 , -0.457606048354 , 0.0207327029162 , 0.000156307 , 4.48923e-05 , -18.0 , 0.0 , 0.0 , -23.42578566568145 , -2.6535744255563896 , 26.399502376698 , 0.00024153 , 0.00255622 , 0.00299772120755 , 1572879575.9958794
0.903863776886 , -0.468381440661 , 0.0194093389003 , 0.000222441 , 3.50593e-05 , -23.0 , 0.0 , 55.0 , -22.704957560662745 , -2.753907741161405 , 29.220537155981507 , 0.00221724 , 0.00209352 , 0.00596192234515 , 1572879576.139128
0.889730547319 , -0.483297896499 , -0.00779314364935 , 0.000206593 , -0.00020551 , -17.0 , 0.0 , 50.0 , -22.058815328836936 , -2.9647888645142637 , 28.5451693334134 , 0.00125629 , -0.00180139 , 0.00450128523888 , 1572879576.2787144
0.879143041168 , -0.494418736675 , -0.0261731994261 , 0.00022162 , -0.000199999 , -17.0 , 0.0 , 35.0 , -21.642439530353577 , -3.2487186669633377 , 23.477196436534303 , 0.00088504 , -0.00164866 , 0.00529730387587 , 1572879576.4258342
0.871598187377 , -0.503415866054 , -0.0352897070914 , 0.000189209 , 2.93795e-05 , -11.0 , 0.0 , 27.0 , -21.883174429634728 , -3.404357513122304 , 20.538754708430623 , 0.00267432 , 0.00135741 , 0.00315062385665 , 1572879576.5651248
0.865140136188 , -0.512161452587 , -0.0397009204778 , 0.000163418 , -0.000170466 , -17.0 , 0.0 , 17.0 , -22.22189075714052 , -3.532420728575774 , 19.35146577651216 , 0.00117227 , -0.00326248 , 0.00430436204422 , 1572879576.7166834
0.860291280617 , -0.519629809654 , -0.0402890822627 , 0.000163421 , 4.25152e-05 , -17.0 , 0.0 , 22.0 , -22.33807190411286 , -3.6673704708842347 , 18.802240952142444 , 0.000434652 , 0.00294519 , 0.00305370457073 , 1572879576.8559666
0.85612393862 , -0.526899279981 , -0.0383775564619 , 0.00019006 , -0.000140075 , -23.0 , 0.0 , 16.0 , -22.611297790390573 , -3.843300223677715 , 19.144682496060238 , -3.2598e-06 , -0.000602927 , 0.00354414279397 , 1572879576.9953983
0.852413188156 , -0.53399799274 , -0.034995626199 , 0.000209125 , -0.000223417 , -17.0 , 0.0 , 17.0 , -22.778095349148014 , -4.056111335708272 , 19.871111976096792 , 0.000593769 , -0.00204121 , 0.00307202498908 , 1572879577.1426256
0.848623881514 , -0.541273351703 , -0.0316136959361 , 0.000156022 , -2.32335e-05 , -17.0 , 0.0 , 16.0 , -22.89150104266226 , -4.310495559894318 , 20.85250794092914 , 0.00170527 , -0.000287284 , 0.00378113985723 , 1572879577.2818305
0.844510930346 , -0.548857938572 , -0.0289669679042 , 0.000205009 , 7.80287e-06 , -23.0 , 0.0 , 22.0 , -22.9296034775561 , -4.603115933106232 , 21.796836796166957 , 0.00125252 , 0.00172003 , 0.00386280883713 , 1572879577.4288595
0.840183504364 , -0.556195043542 , -0.0280847252269 , 0.000175167 , -0.000141733 , -20.0 , 0.0 , 7.0 , -22.894408950021894 , -4.931937169603887 , 22.57067693332071 , 0.00120241 , 0.000178184 , 0.00370492771434 , 1572879577.5767698
0.835852109455 , -0.56046131241 , -0.0357308284301 , 0.000161681 , -0.000176645 , -4.0 , 0.0 , 15.0 , -23.02511967356058 , -5.300658692699942 , 23.230180322685555 , -0.000225124 , -0.00226832 , 0.00374034045078 , 1572879577.7281716
0.830963807258 , -0.563110083301 , -0.050140792159 , 0.000132515 , -0.000197472 , 0.0 , 0.0 , 15.0 , -24.629255948605987 , -5.726984686868971 , 23.873359354905773 , -0.000491771 , -0.00151595 , 0.0036696601463 , 1572879577.8757112
0.825593085518 , -0.565861631947 , -0.0660211603502 , 0.000198617 , -0.000145645 , 0.0 , 0.0 , 19.0 , -27.137241819013937 , -6.183033664787441 , 24.222898871973854 , 0.000471605 , -0.000235973 , 0.004462250362 , 1572879578.0231664
0.819667016307 , -0.56894165321 , -0.0829308116648 , 0.000136956 , -2.4132e-05 , 0.0 , 0.0 , 23.0 , -29.681106267143246 , -6.642936298946329 , 24.345385385120206 , 0.000198141 , -0.000397866 , 0.00239781533848 , 1572879578.1705658
0.812127167724 , -0.587798582152 , -0.0589632189319 , 0.000181846 , -0.000244673 , -60.0 , 0.0 , 19.0 , -32.162083937131364 , -7.095776674970021 , 24.211173195471726 , -0.000467825 , -0.00290242 , 0.00474979756375 , 1572879578.3139803
0.805395474417 , -0.608223021419 , -0.0294080892428 , 0.000217244 , -0.000147778 , -56.0 , 0.0 , 23.0 , -27.12808159438531 , -7.173960434179891 , 23.603953989436654 , 0.00203865 , -0.000311825 , 0.00259205757691 , 1572879578.4573565
0.800087090824 , -0.624110034898 , -0.0092635481115 , 0.000176675 , 7.16777e-06 , -40.0 , 0.0 , 19.0 , -21.2361310108563 , -7.417854428918667 , 23.31828068210484 , 0.0015919 , 4.91568e-05 , 0.00414416129162 , 1572879578.604388
0.795275758472 , -0.636777655624 , 0.00279376847807 , 0.000166583 , 6.45507e-06 , -28.0 , 0.0 , 19.0 , -17.3363238353936 , -7.932410277854329 , 23.587987114581804 , 0.00091464 , 0.00186317 , 0.00227505009354 , 1572879578.7523115
0.790847514312 , -0.645227240876 , 0.00470529427885 , 0.00014761 , -2.3284e-05 , -16.0 , 0.0 , 15.0 , -14.928844003137021 , -8.591960581186852 , 24.02769653630248 , 0.000519696 , -0.000120854 , 0.00306005609983 , 1572879578.8955486
0.786027022566 , -0.649161242042 , -0.00705794141828 , 0.000142244 , 3.23066e-05 , 0.0 , 0.0 , 19.0 , -14.455833747935642 , -9.330580735043203 , 24.640127244206006 , 0.00058214 , 0.00113691 , 0.0055356343914 , 1572879579.0469913
0.78077979233 , -0.652141551894 , -0.0229383096094 , 0.000152485 , -1.72413e-05 , 0.0 , 0.0 , 23.0 , -16.22520070831989 , -10.100537074525493 , 25.045168641004516 , 0.000955234 , -0.000214262 , 0.00269164141174 , 1572879579.1946568
0.774945422703 , -0.655389047234 , -0.0402890822627 , 0.00025864 , -0.000151747 , 0.0 , 0.0 , 23.0 , -18.5248935049721 , -10.88110371808852 , 25.24414751207791 , 0.00240228 , -0.000115324 , 0.00500388654782 , 1572879579.3420315
0.768612558596 , -0.658712691745 , -0.0591102593781 , 0.000213885 , -0.00018207 , 0.0 , 0.0 , 23.0 , -20.805995047372704 , -11.662222048049 , 25.158301577413653 , 0.00197143 , -0.00296504 , 0.00481453487433 , 1572879579.4895074
0.762068398655 , -0.6619916534 , -0.0783725578322 , 0.000165331 , 9.88971e-06 , 0.0 , 0.0 , 23.0 , -23.129087540941317 , -12.437841616933957 , 24.842162594958367 , 0.00124139 , 0.00036352 , 0.00168101543196 , 1572879579.6369839
0.755764865878 , -0.664999578591 , -0.096752613609 , 0.000179126 , -0.000211983 , 0.0 , 0.0 , 23.0 , -25.470158851482672 , -13.205566568118051 , 24.456072240409924 , 0.000150076 , -0.00212879 , 0.00478465907738 , 1572879579.7803142
0.748753378412 , -0.672122245005 , -0.104986878597 , 0.000205003 , -0.000158055 , -36.0 , 0.0 , 23.0 , -27.821002017052137 , -13.973826649645288 , 24.24036001396282 , 0.00114262 , -0.0015386 , 0.00312440717327 , 1572879579.9316783
0.740781185193 , -0.692829023068 , -0.074843587123 , 0.000232288 , -0.000149114 , -56.0 , 0.0 , 23.0 , -28.225111974480047 , -14.618809209848603 , 23.795455199446426 , 0.001761 , -0.000450814 , 0.00403056139756 , 1572879580.0792336
0.734614434645 , -0.709708592906 , -0.0516111966212 , 0.000149882 , -1.09006e-05 , -44.0 , 0.0 , 19.0 , -21.960651648156663 , -14.870416736227842 , 23.251699776114112 , 0.000413853 , -0.000118264 , 0.0023939021683 , 1572879580.2226675
0.729605083777 , -0.722262344808 , -0.0377893946771 , 0.000189807 , -0.000229352 , -32.0 , 0.0 , 15.0 , -17.30859642165393 , -15.4589778218806 , 23.403412393823494 , 0.000748 , -0.00341398 , 0.00465058487596 , 1572879580.365917
0.725038279316 , -0.731623242679 , -0.0319077768285 , 0.000256053 , -0.000182378 , -20.0 , 0.0 , 11.0 , -14.578624403867163 , -16.277571443893027 , 23.99981523415409 , 0.00345641 , -0.00177462 , 0.00544234852604 , 1572879580.5093307
