9.6778978972e-05 , 0.000111750739123 , 0.000147040446214 , -9.95407e-05 , 0.000135128 , 0 , 0 , 0 , 338.93467594825665 , -13.180959187696573 , -86.60303288559899 , 0.00151291 , 0.00253446 , 0.0168283819902 , 1572903327.5003073
0.0193469798834 , 0.0600688534848 , -0.0698442119518 , -0.000224475 , -2.33458e-05 , 177 , 0 , -91 , 3824.2909945067645 , -0.00015835823195334698 , -2475.324222281008 , 0.00264259 , -0.000774369 , 0.0166187319088 , 1572903327.6325788
0.07524234157 , 0.143481129203 , -0.0714616568601 , -0.000255461 , -0.000110174 , 175 , 0 , -173 , 4121.31167519391 , 0.0004158940918440578 , -4371.246736892815 , 0.00165289 , -0.00215126 , 0.0143737428007 , 1572903327.766716
0.133452101872 , 0.227431124581 , -0.0654329985653 , -0.000250228 , -0.000136523 , 177 , 0 , -158 , 3262.7125173192508 , 0.02923194514447521 , -3620.522965672655 , 0.00116102 , -0.000902003 , 0.0138769037718 , 1572903327.9024358
0.190990785726 , 0.312189221446 , -0.0614629065175 , -0.000293777 , -6.14101e-06 , 160 , 0 , -162 , 2277.5298432734253 , 0.011946207674182507 , -2821.976407102539 , 0.00126196 , 0.000958169 , 0.0153344819487 , 1572903328.0399692
0.248304808964 , 0.396636353063 , -0.0554342482228 , -0.000126996 , -0.000103717 , 256 , 0 , -164 , 1864.2447641722285 , 1.1604208088616237 , -1706.7822152882816 , 0.00408506 , -0.00107589 , 0.0174186089128 , 1572903328.1720116
0.303339046704 , 0.479231259584 , -0.0508759943901 , -0.000382228 , 6.05904e-05 , 241 , 0 , -180 , 1173.8044071565173 , 0.7360073251795154 , -1228.6264940960905 , 0.000475337 , 0.000727661 , 0.013503800259 , 1572903328.303147
0.359518468198 , 0.564376434523 , -0.0461707001113 , -0.000498459 , 5.6634e-05 , 180 , 0 , -250 , 530.9858167025668 , 0.0002769195463166005 , -1096.2888797608846 , -0.00297244 , 4.31025e-05 , 0.0158762010109 , 1572903328.4386122
0.415450676041 , 0.649973661886 , -0.0413183653862 , -0.0004405 , 0.000275971 , 171 , 0 , -173 , 355.2155389661729 , 0.1848400483808167 , -559.5212682170461 , 0.00224381 , 0.00130635 , 0.0162701022799 , 1572903328.5739222
0.470820682071 , 0.735819364858 , -0.037054192446 , -0.000477107 , 0.000186182 , 173 , 0 , -185 , 166.2812439718232 , 0.22623695390773393 , -325.1913918693485 , 0.00111276 , -1.18059e-06 , 0.0152001856756 , 1572903328.7090175
0.524201344028 , 0.816005737883 , -0.0235264713943 , -0.000504025 , 0.000244262 , 168 , 0 , -182 , 62.97356368043017 , 0.33939654541685305 , -161.03769129126556 , 0.00131986 , -0.0003539 , 0.012790702947 , 1572903328.8388124
0.573689514423 , 0.888868653938 , -0.000588161784857 , -0.000469929 , 0.000309682 , 90 , 0 , -190 , 7.478959768403706 , 0.0033504663780417683 , -100.37547386714388 , 0.00160387 , -0.000824129 , 0.0159543305092 , 1572903328.9715986
0.61848378201 , 0.946645387468 , 0.0513171157288 , -0.000542197 , 0.000331307 , 92 , 0 , -187 , 0.3687034172137403 , 0.02909094150141519 , -34.95185962939797 , -0.000363026 , -0.000128552 , 0.012226466769 , 1572903329.1067448
0.651853577584 , 0.983719116313 , 0.118955720987 , -0.000567819 , 0.000451046 , 0 , 0 , -102 , -0.029420787520613608 , 0.020606013796326452 , -7.464735826549886 , -0.000768527 , 0.0010328 , 0.0129902479299 , 1572903329.2413802
0.670639117453 , 1.00146758812 , 0.173066605194 , -0.000598407 , 0.000512641 , 0 , 0 , 0 , -0.04735306408753622 , 1.3859638096393725 , -0.0018620364515792927 , -2.46834e-05 , -6.59896e-05 , 0.0150310651222 , 1572903329.376741
0.6781239774 , 1.00810799421 , 0.198063481051 , -0.000541786 , 0.000607815 , 0 , 0 , 0 , -0.444200817009419 , 2.3252132143482562 , 0.15686277054324743 , 0.000866341 , 0.000787313 , 0.0148685557553 , 1572903329.507498
0.679382361054 , 1.00921538836 , 0.202474694437 , -0.000648806 , 0.000593288 , 0 , 0 , 0 , -0.928738564474664 , 3.630321970068906 , 0.7479555266418009 , -0.00104505 , 3.82512e-05 , 0.0138740675296 , 1572903329.6432269
0.679465926819 , 1.00928958399 , 0.202768775329 , -0.000620953 , 0.000695997 , 0 , 0 , 0 , -1.3763035370852714 , 5.217399521064682 , 1.045963963035359 , 0.000377378 , 0.000215431 , 0.0152794802778 , 1572903329.7786798
0.679465926819 , 1.00928958399 , 0.202768775329 , -0.000617213 , 0.000706814 , 0 , 0 , 0 , -1.854857793146016 , 7.072281228322075 , 0.9712303537590151 , -0.000494166 , 0.000184657 , 0.0150244643593 , 1572903329.912496
0.679465926819 , 1.00928958399 , 0.202768775329 , -0.000581071 , 0.000670451 , 0 , 0 , 0 , -2.4191861157795773 , 9.272298506951081 , 0.808433212806723 , 0.00108448 , -0.000650201 , 0.0146688002185 , 1572903330.0443692
0.679465926819 , 1.00928958399 , 0.202768775329 , -0.000587104 , 0.000705027 , 0 , 0 , 0 , -3.0958150274648304 , 11.883127131983334 , 0.6585726594943653 , 0.00151444 , -0.000350696 , 0.0163696779042 , 1572903330.1794987
0.679518951092 , 1.00927196345 , 0.202621734883 , -0.000636176 , 0.000763791 , 0 , 0 , 0 , -3.900916131228935 , 14.947417341976712 , 0.5315788962947299 , 0.00100246 , 0.000173574 , 0.0123615370462 , 1572903330.3104248
0.679518951092 , 1.00927196345 , 0.202621734883 , -0.000673075 , 0.000823843 , 0 , 0 , 0 , -4.849965954979147 , 18.490428294189112 , 0.42527467934847357 , 0.00110776 , 0.000513336 , 0.012601982755 , 1572903330.4415805
0.679518951092 , 1.00927196345 , 0.202621734883 , -0.000587828 , 0.00079508 , 0 , 0 , 0 , -5.958708211732097 , 22.555188126665076 , 0.3368063564852142 , 0.00188608 , -0.000128064 , 0.0141095149259 , 1572903330.5726159
0.679518951092 , 1.00927196345 , 0.202621734883 , -0.000679616 , 0.00079819 , 0 , 0 , 0 , -7.2428850860620555 , 27.192264565236258 , 0.26372874619603137 , 0.000179076 , -1.23885e-05 , 0.0119406493198 , 1572903330.7032373
0.679518951092 , 1.00927196345 , 0.202621734883 , -0.000724047 , 0.000768942 , 0 , 0 , 0 , -8.720333363405032 , 32.43050278488368 , 0.20395159958279463 , -0.000158702 , -0.000194483 , 0.0116467053694 , 1572903330.8347368
0.679518951092 , 1.00927196345 , 0.202621734883 , -0.000684798 , 0.000804325 , 0 , 0 , 0 , -10.409593845157353 , 38.30203628073101 , 0.15555201145389685 , 0.00178986 , 0.000198723 , 0.013598571215 , 1572903330.969983
0.679518951092 , 1.00927196345 , 0.202621734883 , -0.00068006 , 0.000792971 , 0 , 0 , 0 , -12.329955580200677 , 44.841518567539346 , 0.11679823147816251 , 0.000232519 , 7.61856e-05 , 0.0141954089135 , 1572903331.104937
0.679571972774 , 1.00925433511 , 0.202474694437 , -0.000719214 , 0.000761664 , 0 , 0 , 0 , -14.50161966730828 , 52.08304611417571 , 0.08615414585474918 , 0.00101411 , -0.000195923 , 0.012778111856 , 1572903331.2357233
0.685457091635 , 1.00729672449 , 0.186153204907 , -0.000744561 , 0.000864963 , 0 , 155 , 0 , -2.0794697907907707 , 124.98805985578649 , 2.810678730695395 , -0.000300118 , 0.000896984 , 0.0140106639671 , 1572903331.3699036
0.725052959779 , 0.993403904299 , 0.0757258298003 , -0.000807654 , 0.000827377 , 0 , 133 , 0 , -4.031811453850791 , 122.31452543889392 , 1.8511946006259234 , 2.9933e-05 , -0.000309876 , 0.0129976288734 , 1572903331.501978
0.768315976275 , 0.972618864281 , -0.0505819134977 , -0.000875202 , 0.000793721 , 0 , 148 , 0 , -4.396550154875056 , 107.02581298767268 , 2.4474849706025905 , -0.00203025 , -0.000648325 , 0.0133598909355 , 1572903331.6371157
0.809976550146 , 0.945669358914 , -0.181153829736 , -0.000847529 , 0.000814382 , 0 , 145 , 0 , -6.3614691605360925 , 59.9414100907503 , 2.5719290621711117 , 0.000230285 , 0.000260587 , 0.0115596321795 , 1572903331.768716
0.842367969936 , 0.918122223824 , -0.293051609305 , -0.000882364 , 0.000752421 , 0 , 148 , 0 , -7.549390006202026 , 25.79975890800274 , 2.6433656246215476 , -0.000686349 , -0.000382821 , 0.0121122229074 , 1572903331.8996208
0.864403420145 , 0.894664549345 , -0.377746906324 , -0.00085711 , 0.000718148 , 0 , 148 , 0 , -8.304439202420804 , 8.365713205933863 , 2.188858820974734 , 0.000147551 , -0.000453788 , 0.0081682896424 , 1572903332.0306172
0.876643256207 , 0.879197720181 , -0.429652183838 , -0.000903271 , 0.000679838 , 0 , 0 , 0 , -35.86473031117848 , 0.04019258801446038 , 0.008191026387112445 , -0.000256244 , -0.00142813 , 0.0111656731675 , 1572903332.16182
0.881214224972 , 0.872678068772 , -0.450384886754 , -0.0008372 , 0.000668224 , 0 , 0 , 0 , -36.73691792944862 , -0.0003128531594046862 , 0.0002598425407484095 , 0.00162397 , -0.000120484 , 0.011184878696 , 1572903332.296828
0.88206209139 , 0.871430229826 , -0.454354978802 , -0.000859776 , 0.000628851 , 0 , 0 , 0 , -38.961759604739136 , -0.012858928758632256 , -4.4387859813287694e-05 , 0.00104117 , -9.61005e-05 , 0.0108781672682 , 1572903332.4275534
0.88206209139 , 0.871430229826 , -0.454354978802 , -0.000896404 , 0.00066869 , 0 , 0 , 0 , -42.893069541945486 , -0.008663128995350636 , -0.0009243264160912911 , -8.40197e-05 , -0.000194745 , 0.0118658957068 , 1572903332.5584702
0.88206209139 , 0.871430229826 , -0.454354978802 , -0.000885673 , 0.000616031 , 0 , 0 , 0 , -48.11228569778718 , -0.0005236860674428013 , -0.0023688405272747626 , 0.00127041 , -0.000948706 , 0.00961869226011 , 1572903332.6902883
0.88206209139 , 0.871430229826 , -0.454354978802 , -0.000867462 , 0.000568689 , 0 , 0 , 0 , -54.09916285418856 , 0.0002194012419339819 , -0.004099498829935712 , 0.000532538 , -0.000604569 , 0.00979197080827 , 1572903332.8253107
0.87632377022 , 0.859681909986 , -0.419947514388 , -0.000885774 , 0.000558387 , 0 , 0 , 0 , -60.662906158196584 , 0.009647372722147168 , -0.006275582553609605 , -0.00103682 , 0.00073529 , 0.0106188489652 , 1572903332.9564693
0.864500385443 , 0.833202333943 , -0.343633522803 , -0.000883795 , 0.000656546 , -155 , 0 , 0 , -127.77641889284232 , -0.48447961893382313 , -1.9241419419521806 , 0.000580069 , 0.00160149 , 0.0108246512325 , 1572903333.0874488
0.848819166008 , 0.78937927707 , -0.221148831106 , -0.00084381 , 0.000590004 , -138 , 0 , 0 , -100.02075811341712 , -0.056801162533263845 , -1.9778720338392595 , 0.000802939 , -0.000618796 , 0.00890634834645 , 1572903333.226533
0.838462595072 , 0.743314451733 , -0.0968996540552 , -0.000863403 , 0.000685444 , -141 , 0 , 0 , -64.22333247656287 , -0.0006948039664426274 , -3.156906940634505 , 0.00133828 , 0.000315354 , 0.0118950307101 , 1572903333.3579278
0.834251449619 , 0.699991727908 , 0.0176448535457 , -0.000859256 , 0.000671161 , 0 , 0 , 0 , -9.704247627552677 , 2.405992614521125 , -0.38653590955068007 , 0.00198468 , 0.000243119 , 0.00998597165719 , 1572903333.492958
0.83480353209 , 0.668706391788 , 0.0999875034257 , -0.000866424 , 0.000678686 , -145 , 0 , 0 , -10.682490720298984 , 0.07949453736940211 , -6.102295548318395 , 0.0012063 , 0.000118198 , 0.0102179444164 , 1572903333.6282268
0.83636524169 , 0.653139429144 , 0.141158828366 , -0.000852476 , 0.000730875 , 0 , 0 , 0 , -0.11972592525469054 , 5.811520516723189 , -0.7828997048110717 , 0.00125829 , 0.000496633 , 0.0107309063061 , 1572903333.7631612
0.837057021509 , 0.648271303273 , 0.154098387632 , -0.000851871 , 0.000804041 , 0 , 0 , 0 , -0.00037235862582216914 , 7.408153479883345 , -0.8116823163134463 , 0.00101078 , 0.00217213 , 0.0128789985086 , 1572903333.8938131
0.837151360453 , 0.647663957365 , 0.155715832541 , -0.000891765 , 0.00089421 , 0 , 0 , 0 , 0.0001127853463050905 , 9.225721299845375 , -0.8081072595839558 , 0.00181926 , 0.000641442 , 0.0107015955108 , 1572903334.0252383
0.837151360453 , 0.647663957365 , 0.155715832541 , -0.000925157 , 0.00077984 , 0 , 0 , 0 , 3.0316813589542657e-09 , 11.45685255397953 , -0.816949321718431 , 0.0018373 , -0.00101476 , 0.0101320435972 , 1572903334.15662
0.837151360453 , 0.647663957365 , 0.155715832541 , -0.000912042 , 0.000789071 , 0 , 0 , 0 , -0.001509626559122288 , 14.113893739588496 , -0.835584155292458 , 0.00130601 , -0.000433421 , 0.0111193734128 , 1572903334.2914207
0.837151360453 , 0.647663957365 , 0.155715832541 , -0.000947718 , 0.00077711 , 0 , 0 , 0 , -0.01640877704042805 , 17.17161528573547 , -0.8535579247683814 , -2.08227e-05 , -0.000317964 , 0.011621069382 , 1572903334.4260743
0.837203497247 , 0.647643862301 , 0.155568792095 , -0.000920451 , 0.000810116 , 0 , 0 , 0 , -0.06352195699348162 , 20.63428030188063 , -0.8673165898016262 , 0.00102342 , 0.000348183 , 0.0101854297066 , 1572903334.5576825
0.837203497247 , 0.647643862301 , 0.155568792095 , -0.000944714 , 0.000842657 , 0 , 0 , 0 , -0.16366688646221142 , 24.506743116740747 , -0.8761920685756993 , 3.70287e-05 , -3.84588e-05 , 0.0101389405583 , 1572903334.6887388
0.837203497247 , 0.647643862301 , 0.155568792095 , -0.000900248 , 0.000877204 , 0 , 0 , 0 , -0.3394115045475695 , 28.81841936815629 , -0.8802959391003403 , 0.00118573 , 0.000670737 , 0.00766327885728 , 1572903334.820091
0.837203497247 , 0.647643862301 , 0.155568792095 , -0.000845792 , 0.000911743 , 0 , 0 , 0 , -0.6146810039661715 , 33.60600519289523 , -0.8796613834527773 , 0.00142631 , 0.000810182 , 0.00936255765252 , 1572903334.95522
0.837203497247 , 0.647643862301 , 0.155568792095 , -0.000838268 , 0.000885595 , 0 , 0 , 0 , -1.0148701289271151 , 38.87957096679081 , -0.8742093124064216 , 0.000749752 , -0.000152188 , 0.00804369451942 , 1572903335.090104
0.837203497247 , 0.647643862301 , 0.155568792095 , -0.000852577 , 0.000944167 , 0 , 0 , 0 , -1.566675872867799 , 44.65315310014264 , -0.8639727478582444 , 0.00118223 , 0.000472307 , 0.00931879052729 , 1572903335.2252896
0.837255631086 , 0.64762375957 , 0.155421751648 , -0.0005687 , 0.000789594 , 0 , 0 , 0 , -2.2980179893612953 , 50.943406931679434 , -0.8490679961554966 , 0.00193018 , 0.00046786 , 0.0111225557428 , 1572903335.3645062
0.837255631086 , 0.64762375957 , 0.155421751648 , -0.000516911 , 0.000599416 , 0 , 0 , 0 , -3.2382174383097166 , 57.740337249386286 , -0.8294915587707659 , 0.00170629 , 0.000572662 , 0.0096561094237 , 1572903335.4955447
0.853155550205 , 0.641490088785 , 0.110574415553 , -0.000547959 , 0.0004681 , 0 , 148 , 0 , -0.0846590413044773 , 129.42717389863878 , 1.4255476625060516e-08 , 0.000800673 , -0.00055588 , 0.00805580605847 , 1572903335.6263049
0.893022332529 , 0.624019204068 , -0.00397009204778 , -0.000596585 , 0.000449929 , 0 , 138 , 0 , -0.31909305493095996 , 122.75419323707887 , -1.8579528091995785e-05 , -0.00134881 , -0.000424506 , 0.00859537991906 , 1572903335.7576816
0.935458864395 , 0.599293307791 , -0.13321864427 , -0.000542379 , 0.000399503 , 0 , 266 , 0 , 0.0014315550101312285 , 155.45086577289823 , 0.5919636880150845 , 0.000547054 , 9.82252e-05 , 0.00843389390391 , 1572903335.8891068
0.977142282817 , 0.567154646515 , -0.271730744604 , -0.000478728 , 0.000387201 , 0 , 136 , 0 , -1.1994376249331904 , 45.41830094910639 , 0.00040357968339660167 , 0.00171882 , 0.0002561 , 0.00689394226439 , 1572903336.024201
1.00863027986 , 0.535034917683 , -0.390098303806 , -0.000504379 , 0.000396725 , 0 , 0 , 0 , -12.153349672431457 , 4.085639037860399 , -0.4653917588347052 , 0.00256341 , 0.00028937 , 0.00902485854078 , 1572903336.1592803
1.02613894129 , 0.51233964563 , -0.465530052714 , -0.000479827 , 0.000386151 , 0 , 151 , 0 , -1.2764468293500326 , 4.3019255561122645 , 0.00047213512428111827 , 0.000868141 , 0.000166041 , 0.00676661577594 , 1572903336.2904196
1.03405926584 , 0.500294519808 , -0.503466487837 , -0.000466745 , 0.000386944 , 0 , 0 , 0 , -13.056495348011806 , -9.392379924882485e-05 , -0.991198578411203 , 0.00059529 , 0.000137035 , 0.00868258500219 , 1572903336.4214644
1.03625613313 , 0.496660407139 , -0.51464156175 , -0.000469966 , 0.000286923 , 0 , 0 , 0 , -13.940928694477979 , -0.06659628092184383 , -1.3584235611649853 , -0.000112158 , -0.00114445 , 0.00620282413981 , 1572903336.5566504
1.03659657305 , 0.496082759445 , -0.516406047104 , -0.000450621 , 0.000279677 , 0 , 0 , 0 , -15.917214006437668 , -0.12947428455661786 , -1.556782929059804 , -0.0005159 , 9.19746e-05 , 0.00755129506013 , 1572903336.6918738
1.03659657305 , 0.496082759445 , -0.516406047104 , -0.000412718 , 0.000268696 , 0 , 0 , 0 , -18.95087817714148 , -0.08857666570765146 , -1.5623447175336838 , 0.000720445 , 0.000124464 , 0.00713565385198 , 1572903336.826656
1.03659657305 , 0.496082759445 , -0.516406047104 , -0.000406164 , 0.000221295 , 0 , 0 , 0 , -22.77241822246124 , -0.03485341254286937 , -1.4777032032489286 , 0.000749717 , 1.13987e-05 , 0.0066375960575 , 1572903336.9576612
1.03659657305 , 0.496082759445 , -0.516406047104 , -0.000420311 , 0.000193717 , 0 , 0 , 0 , -27.20755127838503 , -0.007674268724185997 , -1.3713198648530003 , 8.91462e-05 , 9.46485e-05 , 0.00547707350365 , 1572903337.0889437
1.03659657305 , 0.496082759445 , -0.516406047104 , -0.000403293 , 0.000110549 , 0 , 0 , 0 , -32.22704379671062 , -0.0003611593367928916 , -1.2624304376010573 , -2.05041e-05 , -0.000293765 , 0.00754660770366 , 1572903337.2236168
1.03656898414 , 0.496034170261 , -0.516259006658 , -0.000374854 , 0.00011567 , 0 , 0 , 0 , -37.8629366731479 , 9.188270158091204e-05 , -1.1538135882242588 , 0.000638206 , 0.000602708 , 0.00730369354465 , 1572903337.355247
1.03656898414 , 0.496034170261 , -0.516259006658 , -0.000325228 , 0.000110276 , 0 , 0 , 0 , -44.13739435345845 , 0.004735911688516776 , -1.0468252184349536 , 0.000875195 , 0.000569598 , 0.00590817179805 , 1572903337.4861546
1.03656898414 , 0.496034170261 , -0.516259006658 , -0.000403727 , 6.24405e-05 , 0 , 0 , 0 , -51.10560138211207 , 0.02535828022360265 , -0.9417772842625962 , -0.000766807 , 0.00019213 , 0.00541390408915 , 1572903337.6214135
1.03193524715 , 0.487870505877 , -0.491556211694 , -0.000339539 , 8.58571e-05 , 0 , 0 , 0 , -58.83407126698507 , 0.07441503479924699 , -0.8392072741898702 , 0.00103443 , 0.0015908 , 0.00946070058016 , 1572903337.7567117
1.0184322272 , 0.462649543516 , -0.416271503232 , -0.000361606 , 3.9083e-05 , -145 , 0 , 0 , -124.62888478417601 , -0.14903921458995864 , -6.840052258850604 , 0.000464533 , -0.000523664 , 0.0060316579564 , 1572903337.8916552
1.00040270739 , 0.421868729983 , -0.298933227153 , -0.000382129 , -9.63558e-06 , -138 , 0 , 0 , -107.4127427619306 , -0.014159591741946613 , -6.998377421956169 , 1.7626e-05 , -1.80289e-05 , 0.00810064923875 , 1572903338.0269103
0.985922001783 , 0.374879049766 , -0.169537634485 , -0.000372059 , -7.58141e-05 , -145 , 0 , 0 , -75.21164424372563 , 5.904389859953623e-07 , -9.33971743100862 , -0.000414739 , 7.80697e-06 , 0.00884121645348 , 1572903338.161977
0.978181890592 , 0.32966306753 , -0.0488174281431 , -0.000421521 , 3.3507e-05 , 0 , 0 , 0 , -13.239242400114945 , 3.3736698787838177 , -2.181102667721823 , -0.00012768 , 0.00103007 , 0.00820980768546 , 1572903338.2973492
0.976545925459 , 0.29617778553 , 0.0394068395854 , -0.00038369 , -9.73626e-05 , -148 , 0 , 0 , -14.795057717812053 , 0.19295421480338612 , -14.068523459007697 , 0.000530264 , -0.000634739 , 0.00820686328107 , 1572903338.4324465
0.97728116029 , 0.277529900612 , 0.088518348621 , -0.000453983 , 2.65345e-06 , 0 , 0 , 0 , -0.33217335115418123 , 7.813777810238901 , -3.0493668373517027 , -0.00152288 , 2.56724e-05 , 0.0079727074337 , 1572903338.567507
0.977943058504 , 0.270071915303 , 0.108221768414 , -0.000443425 , -5.57548e-05 , 0 , 0 , 0 , -0.012192757708942292 , 9.542550343710623 , -2.874187245181365 , 0.000320474 , -0.00042813 , 0.00960492968649 , 1572903338.7000282
0.978063761197 , 0.268960945623 , 0.111162577338 , -0.000391542 , 2.72582e-06 , 0 , 0 , 0 , -0.0002756201334505541 , 11.204619547001208 , -2.5493679305016745 , -0.000229936 , -0.000168589 , 0.00925394337661 , 1572903338.8339849
0.978063761197 , 0.268960945623 , 0.111162577338 , -0.000307924 , 4.57454e-05 , 0 , 0 , 0 , -0.0010230979140644005 , 13.08338496587569 , -2.234545874696716 , 0.00150955 , -0.000334609 , 0.00745619815722 , 1572903338.9688683
0.978063761197 , 0.268960945623 , 0.111162577338 , -0.000380777 , 9.65342e-05 , 0 , 0 , 0 , -0.013093517354069259 , 15.227796027209745 , -1.9580509221988565 , -0.000333551 , 0.000405471 , 0.00814344308333 , 1572903339.104109
0.978063761197 , 0.268960945623 , 0.111162577338 , -0.000393849 , 0.000152715 , 0 , 0 , 0 , -0.06378184188252732 , 17.601371274029948 , -1.7049887619660373 , -0.000550791 , 0.000921722 , 0.00884055980598 , 1572903339.2367914
0.978063761197 , 0.268960945623 , 0.111162577338 , -0.000327883 , 8.70893e-05 , 0 , 0 , 0 , -0.18415242163009216 , 20.187295172576363 , -1.4692260974997327 , -0.000412137 , -8.87608e-05 , 0.00810330427759 , 1572903339.3701475
0.978063761197 , 0.268960945623 , 0.111162577338 , -0.000270743 , 7.89455e-05 , 0 , 0 , 0 , -0.4063843789290141 , 22.986078491530275 , -1.2508397157346325 , 0.000734182 , 8.20335e-06 , 0.00680158589519 , 1572903339.5051491
0.978063761197 , 0.268960945623 , 0.111162577338 , -0.00029195 , 0.000158373 , 0 , 0 , 0 , -0.7645721513900302 , 26.00032064151061 , -1.0504844756447658 , 0.000380273 , 0.000296681 , 0.00662141962416 , 1572903339.6365166
0.978063761197 , 0.268960945623 , 0.111162577338 , -0.000230234 , 0.000126091 , 0 , 0 , 0 , -1.2940807476622527 , 29.231880895759144 , -0.8686318040507897 , 0.000671012 , 0.000107759 , 0.00483331823867 , 1572903339.7715456
0.978063761197 , 0.268960945623 , 0.111162577338 , -0.000319723 , 0.000210735 , 0 , 0 , 0 , -2.031365958540962 , 32.68188715256566 , -0.7055569091627493 , 0.000175163 , 0.000923145 , 0.00861104781687 , 1572903339.9026098
0.978063761197 , 0.268960945623 , 0.111162577338 , -0.000252696 , 0.000149734 , 0 , 0 , 0 , -3.013838172961365 , 36.3507460827995 , -0.5613264778176104 , 4.14133e-05 , -2.83916e-05 , 0.00694582148878 , 1572903340.0339406
0.978063761197 , 0.268960945623 , 0.111162577338 , -0.000246451 , 0.000242345 , 0 , 0 , 0 , -4.279751738861129 , 40.23815457893042 , -0.43578699703381707 , 0.00112553 , 0.000793263 , 0.00646031428242 , 1572903340.168793
0.97811495125 , 0.268938548404 , 0.111015536892 , -0.000252119 , 0.000207422 , 0 , 0 , 0 , -5.868110496383061 , 44.34311242912309 , -0.32855387380318885 , 9.14547e-05 , 0.000495706 , 0.00736174761735 , 1572903340.299468
0.97811495125 , 0.268938548404 , 0.111015536892 , -0.000214789 , 0.00021732 , 0 , 0 , 0 , -7.818774374608432 , 48.64100703910668 , -0.23894225794526258 , 0.000409117 , 0.000519629 , 0.00887747914182 , 1572903340.4303896
0.97811495125 , 0.268938548404 , 0.111015536892 , -0.000206833 , 0.000238084 , 0 , 0 , 0 , -10.172248664211136 , 53.14658837625508 , -0.16617505977658525 , 0.000698933 , 0.000101055 , 0.00562754639387 , 1572903340.5624413
0.989887905809 , 0.263785456885 , 0.0771962342625 , -0.000204783 , 0.000270885 , 0 , 0 , 0 , -12.968534976976622 , 57.8825471643694 , -0.10911784617288105 , -0.000377607 , 0.000270663 , 0.00715885133549 , 1572903340.6980295
1.01695266338 , 0.250831564397 , -0.00176448535457 , -0.000263347 , 0.000247433 , 0 , 0 , 0 , -16.320935246605472 , 56.765877914564115 , -0.06080874124624728 , -0.000696192 , -0.000183125 , 0.0073618208643 , 1572903340.8324256
1.04639179558 , 0.233765542909 , -0.091312117099 , -0.000182859 , 0.000198635 , 0 , 151 , 0 , -3.1705787305467314 , 93.8062145542784 , 0.26156067268777883 , 0.000310552 , -0.000272535 , 0.00623838789007 , 1572903340.9675498
1.08048516738 , 0.209686966103 , -0.201151330421 , -0.000147251 , 0.000264833 , 0 , 145 , 0 , -4.935931341829151 , 58.19872869790985 , 0.3489723138584868 , 0.0015736 , 9.71082e-05 , 0.00840163214066 , 1572903341.1027486
1.11110614733 , 0.182571866691 , -0.30878493705 , -0.000176176 , 0.000286468 , 0 , 138 , 0 , -6.928716471769915 , 28.058355586610194 , 0.3902428002276149 , -0.000556542 , 0.000424516 , 0.00852291190887 , 1572903341.237959
1.13261937608 , 0.158935706656 , -0.392892072284 , -0.000216638 , 0.000292029 , 0 , 141 , 0 , -7.726761139497456 , 10.579674498413294 , 0.45618758396267406 , -0.0016866 , -9.05889e-05 , 0.00747202348853 , 1572903341.373289
1.14479360074 , 0.143063606682 , -0.445532552029 , -0.000193755 , 0.000199867 , 0 , 0 , 0 , -33.68688931649355 , 0.13071143897516074 , -0.0021786850040720475 , -0.000302847 , -0.000472046 , 0.00921307634895 , 1572903341.5084062
1.14922883669 , 0.136518255061 , -0.466118214499 , -0.000125427 , 0.000157915 , 0 , 0 , 0 , -35.84556559797241 , 5.270598581159685e-06 , -0.004353952858014436 , 0.000698809 , -0.000455286 , 0.00679225132653 , 1572903341.643312
1.15002629485 , 0.135303935928 , -0.469941266101 , -0.000182258 , 0.000168119 , 0 , 0 , 0 , -39.472600832181875 , -0.009671270835642091 , -0.004429693771738675 , -8.63566e-05 , -0.00010366 , 0.00689683977836 , 1572903341.7745225
1.15002629485 , 0.135303935928 , -0.469941266101 , -4.72222e-05 , 0.000126379 , 0 , 0 , 0 , -45.0458811735324 , -0.01688999721966255 , -0.0016883958552578726 , 0.00243548 , -0.000252936 , 0.00907455147168 , 1572903341.9052322
1.15002629485 , 0.135303935928 , -0.469941266101 , -0.00018685 , 0.000154238 , 0 , 0 , 0 , -52.196532773599216 , -0.008343191272544194 , -0.00010277948335349959 , 6.49269e-05 , -7.16311e-06 , 0.00679580393718 , 1572903342.036422
1.14476342423 , 0.124941751622 , -0.439356853288 , -0.000184774 , 0.000109625 , 0 , 0 , 0 , -60.407876680751 , -0.001962565661579304 , 2.4691317608553798e-05 , 0.000106385 , -0.000367319 , 0.00726474210312 , 1572903342.1676793
1.13202430854 , 0.097836966117 , -0.360543174117 , -0.000206557 , 0.000109926 , -151 , 0 , 0 , -129.3321215868629 , -1.7842214215669907 , -0.6278235877116722 , 0.00104279 , 0.000488774 , 0.00684411010414 , 1572903342.3026605
1.11591972334 , 0.0551218518184 , -0.24041112956 , -0.00017223 , 0.000130802 , -141 , 0 , 0 , -107.73221300141921 , -0.8229406820149763 , -0.5105080658504629 , 0.000695736 , 7.87919e-05 , 0.0073148382284 , 1572903342.4376743
1.10457138186 , 0.00883090387296 , -0.11498562894 , -0.000224741 , 7.54739e-05 , -138 , 0 , 0 , -69.96925291438178 , -0.2729616493909739 , -0.6303424124727965 , 7.49228e-05 , 0.000160715 , 0.00731715887741 , 1572903342.5690176
1.0993979341 , -0.0359627551396 , 0.00367601115536 , -0.000159738 , 7.60345e-05 , -145 , 0 , 0 , -36.065222933895605 , -0.08925587772351633 , -0.9635139853063206 , 0.000326949 , 0.000660534 , 0.00574521034614 , 1572903342.7043343
1.09953329139 , -0.0727843748928 , 0.100575665211 , -0.000198085 , 0.000127926 , -148 , 0 , 0 , -14.096697187534842 , -0.023422017790405345 , -1.1163350157596752 , -0.00134958 , 0.00081058 , 0.00680282646393 , 1572903342.8434362
1.10187275853 , -0.0959666579969 , 0.161891531282 , -0.000211356 , 0.00010511 , -151 , 0 , 0 , -4.367251144150756 , -0.008500547821094053 , -1.0397095494418438 , -0.000195066 , 0.000875059 , 0.00908802996737 , 1572903342.978525
1.10357494691 , -0.106389016179 , 0.189682175616 , -0.000259345 , 7.22787e-05 , -151 , 0 , 0 , -1.2398301734471908 , -0.0033118635077194394 , -0.7553073447709878 , -0.00102197 , 0.000762916 , 0.00596400218867 , 1572903343.1051843
1.10398581663 , -0.108529071004 , 0.195416753019 , -0.000216476 , 7.5321e-05 , 0 , 0 , 0 , 0.001935368897836737 , 1.2039796844958326 , 0.0033480095529548493 , 0.000107663 , 0.000546216 , 0.00768885185246 , 1572903343.2367456
1.10400751587 , -0.108638694772 , 0.195710833911 , -0.000213766 , 3.98606e-05 , 0 , 0 , 0 , 0.002431355561673788 , 1.4044344785144134 , 0.018112026385642715 , 0.000300252 , 0.000173052 , 0.0060230281886 , 1572903343.3676498
1.10400751587 , -0.108638694772 , 0.195710833911 , -0.000173779 , 0.000182875 , 0 , 0 , 0 , 6.980986253446501e-06 , 1.6684317169074145 , 0.04999986289929677 , 0.00137791 , 0.00154598 , 0.008453139418 , 1572903343.50291
1.10400751587 , -0.108638694772 , 0.195710833911 , -0.000154491 , 0.00020102 , 0 , 0 , 0 , -0.002185851483594772 , 1.9758279548785493 , 0.10550359961609872 , -3.47104e-05 , 0.000944755 , 0.00640786353861 , 1572903343.6374881
1.10400751587 , -0.108638694772 , 0.195710833911 , -0.000153675 , 0.000159644 , 0 , 0 , 0 , -0.025547382428750005 , 2.314070740135143 , 0.19339423924145324 , 0.000163458 , 6.4593e-05 , 0.00695469121344 , 1572903343.7689388
1.10400751587 , -0.108638694772 , 0.195710833911 , -0.000202038 , 0.000177484 , 0 , 0 , 0 , -0.09940454870195573 , 2.680141091913866 , 0.323092416874515 , -0.000151832 , 0.000130423 , 0.00621917177104 , 1572903343.9001906
1.10400751587 , -0.108638694772 , 0.195710833911 , -0.000117914 , 0.000185142 , 0 , 0 , 0 , -0.2551153581801976 , 3.0730468176167016 , 0.5046083389216895 , 0.00110679 , 0.000166262 , 0.00608511107924 , 1572903344.034785
1.10400751587 , -0.108638694772 , 0.195710833911 , -0.000149093 , 0.000192302 , 0 , 0 , 0 , -0.5251937092087514 , 3.491702032718244 , 0.7487383911886442 , -0.000316749 , 0.000302744 , 0.00602750673929 , 1572903344.1621876
1.10400751587 , -0.108638694772 , 0.195710833911 , -0.000123567 , 0.000223128 , 0 , 0 , 0 , -0.9428816314685391 , 3.934818202524639 , 1.0670938719628984 , 0.00230162 , 0.000100802 , 0.00493618318177 , 1572903344.2932758
1.10400751587 , -0.108638694772 , 0.195710833911 , -0.000156421 , 0.00018494 , 0 , 0 , 0 , -1.541889937445161 , 4.4009192934560675 , 1.4721122414494168 , -5.59466e-05 , -3.19123e-05 , 0.00599380606865 , 1572903344.424447
1.10400751587 , -0.108638694772 , 0.195710833911 , -0.000176302 , 0.00020496 , 0 , 0 , 0 , -2.356212732191123 , 4.888357115595461 , 1.9770691037215506 , -0.000643137 , 0.000443987 , 0.00584449565806 , 1572903344.555667
1.10400751587 , -0.108638694772 , 0.195710833911 , -0.000135736 , 0.00021997 , 0 , 0 , 0 , -3.4199832854401544 , 5.395326789638362 , 2.596090479678962 , 0.000602346 , 0.000453808 , 0.00468302487871 , 1572903344.6904488
1.10400751587 , -0.108638694772 , 0.195710833911 , -0.00015723 , 0.00023119 , 0 , 0 , 0 , -4.767355686126537 , 5.919882277318515 , 3.344165075543237 , 0.000829118 , 0.000361006 , 0.00628386877342 , 1572903344.8218026
1.10400751587 , -0.108638694772 , 0.195710833911 , -0.000139968 , 0.00030451 , 0 , 0 , 0 , -6.43240381379649 , 6.459951919327381 , 4.237156338951368 , 0.000604592 , 0.000413353 , 0.00507863613498 , 1572903344.956877
1.10400751587 , -0.108638694772 , 0.195710833911 , -0.000119444 , 0.000363175 , 0 , 0 , 0 , -8.449032615450607 , 7.013353928922251 , 5.291814149746575 , 0.00132485 , 0.000587988 , 0.00661451785644 , 1572903345.0875454
1.10400751587 , -0.108638694772 , 0.195710833911 , -0.000142793 , 0.000312489 , 0 , 0 , 0 , -10.850898529221144 , 7.577811792998045 , 6.525786028602067 , -0.000783308 , -6.93133e-05 , 0.00661559249595 , 1572903345.2183638
1.10396548302 , -0.108675509124 , 0.195563793465 , -0.000112131 , 0.000302979 , 0 , 0 , 0 , -13.67133696669951 , 8.150969535511502 , 7.957627771049748 , 0.000596974 , 8.96703e-05 , 0.00524811462125 , 1572903345.3495867
1.10396548302 , -0.108675509124 , 0.195563793465 , -7.94712e-05 , 0.000305931 , 0 , 0 , 0 , -16.941694988921245 , 8.729754139242072 , 9.59932750886526 , 0.0014038 , 0.000223452 , 0.00773254743466 , 1572903345.4814153
1.10396548302 , -0.108675509124 , 0.195563793465 , -0.000145321 , 0.000313509 , 0 , 0 , 0 , -20.695907313379337 , 9.311976019940877 , 11.475734421770806 , 0.000569239 , 0.000154288 , 0.00796572341509 , 1572903345.6162603
1.10396548302 , -0.108675509124 , 0.195563793465 , -0.000134597 , 0.000277205 , 0 , 0 , 0 , -24.967083316188265 , 9.896249144424553 , 13.617376621672133 , 0.000427567 , 0.000302984 , 0.00580078879366 , 1572903345.7513394
1.10396548302 , -0.108675509124 , 0.195563793465 , -0.000133236 , 0.000222997 , 0 , 0 , 0 , -29.785964481376656 , 10.479502738617517 , 16.04211771049946 , 0.00158139 , -8.01183e-05 , 0.00545695677338 , 1572903345.8864894
1.1039763407 , -0.108730319413 , 0.195710833911 , -0.000155748 , 0.000185771 , 0 , 0 , 0 , -35.18305385223143 , 11.059005689790453 , 18.771272547883097 , 0.000253281 , -0.000342699 , 0.00420548582392 , 1572903346.0176284
1.10402923929 , -0.108748313752 , 0.195563793465 , -0.000176525 , 0.000236062 , 0 , 0 , 0 , -41.16818076313538 , 11.630937880212475 , 21.830217843758465 , -0.000408656 , 0.00036182 , 0.00398994929696 , 1572903346.1528387
1.10402923929 , -0.108748313752 , 0.195563793465 , -0.000161284 , 0.000205948 , 0 , 0 , 0 , -47.78592007685354 , 12.185413346887772 , 25.245869771885694 , 0.000425961 , -0.000390961 , 0.00626098370625 , 1572903346.2880073
1.10402923929 , -0.108748313752 , 0.195563793465 , -0.000174952 , 0.000213846 , 0 , 0 , 0 , -55.08873113728299 , 12.727794249430513 , 29.040108111134984 , -0.000300707 , -0.000432487 , 0.00481645102317 , 1572903346.4231975
1.10715625118 , -0.124533676787 , 0.237911441975 , -0.000156824 , 0.000246769 , -148 , 0 , 0 , -126.24746740062079 , 1.4737135047284635 , 10.656577296773522 , -0.00016919 , 0.000844375 , 0.00587438385221 , 1572903346.5582855
1.11701746259 , -0.165608411132 , 0.348632897974 , -0.000142811 , 0.000268866 , -266 , 0 , 0 , -201.19943431975648 , 0.008480155196426305 , 3.7782021763974973 , 0.00119059 , 0.000498178 , 0.00566738008331 , 1572903346.6933665
-2.28091128067e-21 , 0.000223501478246 , -0.000147040446214 , 0.000102557 , -3.57083e-05 , 0 , 0 , 0 , 335.2019739354516 , -16.052342839515983 , -94.28150363614942 , 0.000873154 , -0.00034344 , 0.00906228301024 , 1572903932.6565511
0.0233817563578 , 0.0657339349333 , -0.0660211603502 , 0.000121735 , -5.23189e-05 , 173 , 0 , -88 , 2799.636446828032 , -1.85507071494316 , -3184.0965787616806 , 0.000119301 , -0.00116382 , 0.00817348198649 , 1572903932.7962523
0.0812592612149 , 0.151895000064 , -0.0649918772267 , 0.000132142 , 0.000163588 , 244 , 0 , -173 , 2984.0670386239867 , -0.3086683701411641 , -5049.792441718484 , 0.00178945 , 0.00215086 , 0.00779899063155 , 1572903932.9354143
0.140418943611 , 0.239062250678 , -0.0607277042865 , 0.000180226 , -8.76132e-05 , 160 , 0 , -250 , 1643.7157956816936 , -4.343698033250209 , -5465.321611549546 , 0.000116466 , -0.00170688 , 0.0118711293272 , 1572903933.0747216
0.199292820334 , 0.326307784491 , -0.055581288669 , 0.000252748 , -5.28903e-05 , 171 , 0 , -177 , 1299.8564385577158 , -1.0567196910551033 , -3673.2537283725756 , 0.00235695 , -0.00112421 , 0.00845436336855 , 1572903933.2135735
0.257769888413 , 0.413936146493 , -0.0504348730515 , 0.000215527 , -6.9338e-05 , 177 , 0 , -238 , 701.0437097472753 , -1.9497246139164865 , -2970.4840918737 , 0.000435505 , -0.000824646 , 0.00893552884407 , 1572903933.3533
0.315756743209 , 0.502062048625 , -0.046023659665 , 0.000214996 , -6.25596e-05 , 164 , 0 , -241 , 371.99122267028184 , -2.0336814358378517 , -2176.0910995615914 , -0.000912512 , -0.000918189 , 0.00854236429532 , 1572903933.4925168
0.373344010204 , 0.590219620095 , -0.0410242844938 , 0.000331915 , -0.000122358 , 160 , 0 , -173 , 233.941589699748 , -0.5540164370727727 , -1275.4487972055554 , 0.00216392 , -0.00324978 , 0.00896143758439 , 1572903933.6317456
0.000145168468458 , 8.38130543421e-05 , 0.000441121338643 , 0.000112165 , -3.83156e-05 , 0 , 0 , 0 , 335.2019739354516 , -16.052342839515983 , -94.28150363614942 , 0.00186504 , -0.00106835 , 0.00850402336841 , 1572904088.4294398
0.0244072603335 , 0.0668097133288 , -0.0644037154418 , 4.55085e-05 , -1.60396e-05 , 185 , 0 , -93 , 2820.0156632580665 , -1.5579096014695177 , -3146.989321661859 , -0.000373953 , -0.000688906 , 0.00836686909949 , 1572904088.569625
0.0837378475838 , 0.155201231266 , -0.0626392300873 , 4.69442e-05 , -2.35594e-05 , 173 , 0 , -185 , 2654.2641915038225 , -2.2951394215982814 , -5689.827025488564 , -0.00153585 , 0.000796992 , 0.0115271090791 , 1572904088.7127113
0.142638751522 , 0.242426802795 , -0.058375057147 , 0.000128397 , -1.93085e-05 , 180 , 0 , -180 , 1954.1369221432267 , -1.2218415794768116 , -4726.2964268604255 , 0.0023757 , -0.000528303 , 0.00596550985834 , 1572904088.8529
0.20126053042 , 0.32984131772 , -0.053522722422 , 0.000104955 , -2.00513e-05 , 173 , 0 , -173 , 1304.7968438476364 , -0.99266459369255 , -3583.502933062403 , 0.000352097 , 7.22407e-05 , 0.00886534928696 , 1572904088.9916255
0.257923152436 , 0.415131433909 , -0.0485233472507 , 0.000112255 , -1.98724e-06 , 166 , 0 , -175 , 801.2103258763244 , -0.9474328729101836 , -2645.0008329528982 , 0.000752805 , 0.000809383 , 0.00501620241006 , 1572904089.1267095
9.6778978972e-05 , 5.58753695614e-05 , 0.000294080892428 , -0.000228846 , 0.000116231 , 0 , 0 , 0 , 335.2019739354516 , -16.052342839515983 , -94.28150363614942 , -0.0011187 , 0.00188586 , 0.0187882895879 , 1572904100.0698307
0.0235945816446 , 0.0663309767899 , -0.0669034030275 , -0.000208393 , -7.90064e-05 , 173 , 0 , -92 , 2780.6515502272464 , -1.961984023992909 , -3207.301944792354 , -0.000866919 , -0.000655884 , 0.00975920348773 , 1572904100.2094784
0.0815368725434 , 0.152273695295 , -0.0654329985653 , -0.000174185 , -0.000156599 , 166 , 0 , -180 , 2655.9878656121973 , -2.451994334850777 , -5717.240424528474 , 0.00098574 , -0.000380406 , 0.0171668467857 , 1572904100.348511
0.140716733093 , 0.239136061842 , -0.060433623394 , -0.000265088 , 8.25023e-05 , 244 , 0 , -177 , 2169.3294500912843 , -0.15666336377827245 , -4293.879397848103 , 0.000443752 , 0.00140796 , 0.0137375482237 , 1572904100.4874592
0.199521710919 , 0.326485488185 , -0.0557283291152 , -0.000270271 , 4.90061e-05 , 166 , 0 , -185 , 1262.3777350153616 , -1.4267852537563535 , -3733.6399717561626 , 1.41858e-05 , 6.60967e-05 , 0.016163941365 , 1572904100.6272366
0.257871388517 , 0.414197019497 , -0.051464156175 , -0.000231508 , 7.80221e-05 , 173 , 0 , -166 , 844.7694654935299 , -0.6790203841766322 , -2602.1119948199475 , 0.0006264 , 0.000445693 , 0.0142232916535 , 1572904100.766227
0.315837896692 , 0.501989161561 , -0.0467588618961 , -0.000187189 , 0.000184831 , 160 , 0 , -247 , 363.2960977804554 , -2.488876734102091 , -2219.6466894449854 , 0.00162493 , 0.000168532 , 0.0170278469288 , 1572904100.906232
0.373536992503 , 0.590074201959 , -0.0414654058324 , -0.000214692 , 0.000261843 , 164 , 0 , -175 , 234.26357716692007 , -0.5147424123911435 , -1270.4178859458661 , -0.00093346 , 0.00211593 , 0.013984061627 , 1572904101.0447235
0.430564900241 , 0.677045855012 , -0.0330841003982 , -0.000180815 , 0.00035007 , 171 , 0 , -173 , 102.88708156426333 , -0.27599110449184683 , -785.3356304741365 , 0.000444315 , 0.000682972 , 0.0161825248516 , 1572904101.1844609
0.486967230682 , 0.758898333004 , -0.00867538632664 , -0.00023133 , 0.000461967 , 177 , 0 , -190 , 28.57776034823513 , -0.2031426336155376 , -476.4988417579087 , 0.00225051 , 0.000195653 , 0.0138998936459 , 1572904101.323705
0.541343724347 , 0.829642422504 , 0.0489644685893 , -0.000283944 , 0.000460005 , 86 , 0 , -266 , 0.15339901396819614 , -4.324823258873174 , -461.1929053367127 , -0.000477248 , -0.000156305 , 0.0128610084498 , 1572904101.463035
0.590932252115 , 0.884462514881 , 0.149246052907 , -0.000209617 , 0.000581874 , 92 , 0 , -125 , 0.08454773738538887 , -0.24792168543075516 , -124.25556171269434 , 0.000844638 , 0.000937928 , 0.0169710016877 , 1572904101.5976827
0.634051218512 , 0.927362562035 , 0.277906443345 , -0.000397279 , 0.000803976 , 0 , 0 , -199 , -2.992283397118369 , -4.470530089756627 , -121.30550938200719 , -0.00157826 , 0.00145256 , 0.0148959414496 , 1572904101.7373104
0.671812668044 , 0.965386611072 , 0.422006080635 , -0.000425433 , 0.000784238 , 0 , 0 , -128 , -3.346590787040605 , -0.9319749328366576 , -27.91816422638141 , 0.000252759 , 0.00121218 , 0.0109311593212 , 1572904101.876151
0.696600179035 , 0.999729016537 , 0.533462738865 , -0.000467209 , 0.000830457 , 0 , 0 , -148 , -8.327121713467383 , -0.4856457854430465 , -7.716530540250177 , 0.000514246 , 0.000223469 , 0.0144651711304 , 1572904102.01586
0.70859977132 , 1.0209946196 , 0.597719413861 , -0.000624357 , 0.000934687 , 0 , 0 , 0 , -1.7754605724016692 , 0.04911985047862723 , 0.0077017394611973815 , -0.000795424 , 0.000818868 , 0.0138580014054 , 1572904102.1550937
0.712629852966 , 1.02934865111 , 0.622128127932 , -0.000558203 , 0.000963423 , 0 , 0 , 0 , -3.1509977119550197 , 0.3657735733801203 , 0.6810540566913382 , -0.000301733 , 0.000902064 , 0.0139659294182 , 1572904102.2942364
0.713344158375 , 1.03092664493 , 0.626686381765 , -0.000570593 , 0.000915944 , 0 , 0 , 0 , -4.866210082789989 , 1.1199817881932657 , 1.8394249093024635 , -0.00137054 , 0.000707198 , 0.0142356869351 , 1572904102.4298458
0.71329853869 , 1.03082462987 , 0.626392300873 , -0.000547277 , 0.000839098 , 0 , 0 , 0 , -6.387789548821204 , 2.0929772106991154 , 2.2756740563440463 , 0.00104348 , -0.000305487 , 0.0133143688858 , 1572904102.5687733
0.71329853869 , 1.03082462987 , 0.626392300873 , -0.000622838 , 0.000885409 , 0 , 0 , 0 , -7.780460056577343 , 3.188040405216125 , 2.127130065531666 , -0.00107232 , 0.000774668 , 0.0107559593334 , 1572904102.7075725
0.71329853869 , 1.03082462987 , 0.626392300873 , -0.000543115 , 0.00095667 , 0 , 0 , 0 , -9.25366700366759 , 4.499487653583395 , 1.8461118625927655 , 0.00209583 , 0.000895233 , 0.0139787315019 , 1572904102.8469808
0.71329853869 , 1.03082462987 , 0.626392300873 , -0.000652972 , 0.000889152 , 0 , 0 , 0 , -10.915016557042389 , 6.122075940430996 , 1.5881164785547932 , -0.00042367 , -0.000205133 , 0.0112003957996 , 1572904102.9819875
0.71329853869 , 1.03082462987 , 0.626392300873 , -0.000695274 , 0.000857322 , 0 , 0 , 0 , -12.79253317043467 , 8.100113089729232 , 1.36274958501553 , 0.00051438 , 0.000143771 , 0.0126446847507 , 1572904103.1171625
0.71329853869 , 1.03082462987 , 0.626392300873 , -0.000714945 , 0.000930812 , 0 , 0 , 0 , -14.903720588986445 , 10.468400873621288 , 1.1657334900204763 , 0.000987671 , 0.00109117 , 0.0155139705418 , 1572904103.2567449
0.713354119116 , 1.03083036339 , 0.626245260426 , -0.000742033 , 0.000981918 , 0 , 0 , 0 , -17.267886283482813 , 13.262394237595212 , 0.9940392809705937 , 0.000941873 , 0.000571846 , 0.0119646463816 , 1572904103.3916087
0.713354119116 , 1.03083036339 , 0.626245260426 , -0.000815264 , 0.000882901 , 0 , 0 , 0 , -19.90999219992564 , 16.507796783057078 , 0.8453514751423042 , -0.00147651 , 0.000236584 , 0.0136267947082 , 1572904103.530736
0.713354119116 , 1.03083036339 , 0.626245260426 , -0.000762736 , 0.000872063 , 0 , 0 , 0 , -22.848315723043 , 20.244703095010486 , 0.7165814557187596 , -2.02675e-06 , 0.000506797 , 0.0133820001893 , 1572904103.666539
0.713354119116 , 1.03083036339 , 0.626245260426 , -0.000764917 , 0.000853951 , 0 , 0 , 0 , -26.09871840686174 , 24.519723501805863 , 0.6051583988722636 , 0.000326383 , -0.000257852 , 0.0152235834785 , 1572904103.8052526
0.713386868043 , 1.03078509127 , 0.626392300873 , -0.000785216 , 0.000893428 , 0 , 0 , 0 , -29.687228351358087 , 29.361468431631746 , 0.5092906821404936 , 0.000936269 , 0.000435606 , 0.0108515453977 , 1572904103.9404337
0.713386868043 , 1.03078509127 , 0.626392300873 , -0.000818673 , 0.000869419 , 0 , 0 , 0 , -33.62332627121308 , 34.79521882379649 , 0.42751171402907023 , -0.00086462 , 0.00018147 , 0.0156199041327 , 1572904104.075995
0.713386868043 , 1.03078509127 , 0.626392300873 , -0.000834869 , 0.000833748 , 0 , 0 , 0 , -37.942762903079846 , 40.85880925182348 , 0.3577537062692974 , -2.287e-05 , 6.9545e-05 , 0.00984173229038 , 1572904104.210806
0.713442448469 , 1.03079082479 , 0.626245260426 , -0.000830954 , 0.000830918 , 0 , 0 , 0 , -42.68936672905153 , 47.590021673103585 , 0.2981605612773719 , 0.000774073 , 0.000142611 , 0.0105628665218 , 1572904104.347123
0.713442448469 , 1.03079082479 , 0.626245260426 , -0.00085063 , 0.000885948 , 0 , 0 , 0 , -47.88891284018868 , 54.996179715391975 , 0.24783179313470413 , -0.00073255 , 0.000681293 , 0.00833358347152 , 1572904104.4853466
0.728504972117 , 1.03234239299 , 0.586397299502 , -0.000764685 , 0.000817406 , 0 , 151 , 0 , -15.34933586963291 , 140.62703528653955 , 2.9409233793879865 , 0.00218666 , -0.000484587 , 0.0121472641988 , 1572904104.6206462
0.777448071102 , 1.0352745389 , 0.458030989957 , -0.000833647 , 0.000895953 , 0 , 141 , 0 , -21.146398063254786 , 141.12729373108658 , 2.4302904380125097 , -0.000523533 , 0.000975632 , 0.0127764670845 , 1572904104.7636023
0.829133238578 , 1.03188079213 , 0.321724496317 , -0.000835519 , 0.000925724 , 0 , 141 , 0 , -31.216433101287876 , 109.23713264248958 , 3.4000612839246163 , 0.00102625 , 0.00123679 , 0.0130061747188 , 1572904104.8989964
0.878527000083 , 1.02172236986 , 0.189241054278 , -0.00077371 , 0.000830777 , 0 , 155 , 0 , -44.14343042999101 , 65.86433222122555 , 6.184273169239583 , 0.00299615 , -0.000757676 , 0.011544643374 , 1572904105.034231
0.920593507219 , 1.00710841647 , 0.072049818645 , -0.000714054 , 0.000816478 , 0 , 151 , 0 , -64.71184390817321 , 27.893711189594494 , 8.41481449778409 , 0.00273277 , -0.000596693 , 0.0145251724705 , 1572904105.1693232
0.954326217697 , 0.969936422147 , 0.0348485857528 , -0.000902017 , 0.000910295 , -96 , 102 , 0 , -152.54349541296315 , 0.7944022363651178 , 1.5629510675045801 , -0.00170179 , 0.00227669 , 0.0100437727378 , 1572904105.3123407
0.971951410699 , 0.91436202245 , 0.111162577338 , -0.000793502 , 0.000854083 , -251 , 95 , 0 , -251.3924704995028 , -1.3485432441612148 , 3.190142494952788e-05 , 0.00239491 , 0.000326493 , 0.0106530261723 , 1572904105.447963
0.976658744822 , 0.856050741702 , 0.273201149066 , -0.000771392 , 0.000868228 , -133 , 0 , 0 , -196.26002352138826 , -2.78914736424338 , 0.04052505728463729 , 0.000322491 , -0.000320423 , 0.00959638423658 , 1572904105.5865777
0.991912949839 , 0.801253103844 , 0.423329444651 , -0.000864817 , 0.000912783 , -138 , 0 , 0 , -110.89100677974376 , -4.421279063901266 , 0.05086646917472134 , -6.51668e-05 , 6.09368e-05 , 0.0121394278619 , 1572904105.722795
1.01390240759 , 0.752449669555 , 0.564194192124 , -0.000926003 , 0.00107096 , -148 , 0 , 0 , -47.939870526974644 , -5.105408650124073 , 0.058367268512516064 , 0.000668001 , 0.000826235 , 0.012821798115 , 1572904105.8612945
1.03684911051 , 0.716187941415 , 0.677121254816 , -0.00084506 , 0.0010275 , -141 , 0 , 0 , -14.633034527736442 , -5.13010420630046 , 0.26904947470295687 , 0.00160259 , 0.000456002 , 0.0129645162475 , 1572904105.9974298
1.0552987607 , 0.69323807964 , 0.754611569971 , -0.000804152 , 0.00107176 , 0 , 0 , 0 , -0.37778508435372754 , -0.30787631455852954 , 8.33592498776429 , 0.00162939 , 0.000259002 , 0.0123423673729 , 1572904106.1368356
1.0645230233 , 0.683427617489 , 0.790048317509 , -0.000786194 , 0.00103568 , 0 , 0 , 0 , -0.0031795153316619145 , -0.4264954413850868 , 13.412909889965025 , 0.000868161 , -5.52757e-05 , 0.010938047837 , 1572904106.2749543
1.06622982883 , 0.68173661242 , 0.796371056696 , -0.000805206 , 0.00104555 , 0 , 0 , 0 , 0.0027285779181681325 , -0.4287961305192148 , 17.62956701479178 , -0.000347341 , 0.000326781 , 0.00918752554347 , 1572904106.414314
1.06622982883 , 0.68173661242 , 0.796371056696 , -0.000828351 , 0.00107834 , 0 , 0 , 0 , 0.00633950470233712 , -0.29562742801905767 , 19.748877671099375 , 0.000114379 , 0.000819662 , 0.00895661784603 , 1572904106.5495312
1.06622982883 , 0.68173661242 , 0.796371056696 , -0.000825275 , 0.00105087 , 0 , 0 , 0 , 0.0007515276155564999 , -0.14550206781963138 , 20.089403705054114 , -0.000190733 , 7.82098e-05 , 0.0103098611383 , 1572904106.6894264
1.06622982883 , 0.68173661242 , 0.796371056696 , -0.000780323 , 0.00100403 , 0 , 0 , 0 , -3.7534035832406876e-05 , -0.051899132573293906 , 19.894262282426535 , 0.00058595 , -2.29689e-05 , 0.0103828724668 , 1572904106.8286924
1.06622982883 , 0.68173661242 , 0.796371056696 , -0.000771175 , 0.000953284 , 0 , 0 , 0 , -0.004854801468225494 , -0.010907619560132926 , 19.679324822491903 , 0.00102276 , -0.000452732 , 0.0126765396971 , 1572904106.9677558
1.06622982883 , 0.68173661242 , 0.796371056696 , -0.000745436 , 0.00104529 , 0 , 0 , 0 , -0.03016263603587335 , -0.00043220048737077085 , 19.505796366086578 , 0.00186442 , -9.54026e-05 , 0.0130357694653 , 1572904107.106339
1.06622982883 , 0.68173661242 , 0.796371056696 , -0.000709964 , 0.00103439 , 0 , 0 , 0 , -0.09538178490246768 , 0.00021553455524486785 , 19.372968311004136 , 0.000532687 , 0.00075536 , 0.00996610405786 , 1572904107.2459068
1.06622982883 , 0.68173661242 , 0.796371056696 , -0.000773873 , 0.00105606 , 0 , 0 , 0 , -0.22182952652378282 , 0.008471393502144212 , 19.280297683124154 , 0.000548729 , -0.000202563 , 0.0100611172389 , 1572904107.3851647
1.06622982883 , 0.68173661242 , 0.796371056696 , -0.000707797 , 0.000964472 , 0 , 0 , 0 , -0.43241937198704483 , 0.043453194754019375 , 19.227405370014427 , 8.19115e-05 , -0.000196923 , 0.00801963655048 , 1572904107.524473
1.06622982883 , 0.68173661242 , 0.796371056696 , -0.000648421 , 0.00105351 , 0 , 0 , 0 , -0.7515113432344888 , 0.12578843383929217 , 19.21407488275201 , 0.00101279 , 0.000791835 , 0.0131240182513 , 1572904107.6638513
1.06622982883 , 0.68173661242 , 0.796371056696 , -0.000650603 , 0.000975119 , 0 , 0 , 0 , -1.2048192737841832 , 0.27653984069327137 , 19.24025164706719 , -0.000358635 , -0.000419509 , 0.00949406553719 , 1572904107.7984416
1.06622982883 , 0.68173661242 , 0.796371056696 , -0.000974355 , 0.00128335 , 0 , 0 , 0 , -1.8193458674101248 , 0.5168175383990848 , 19.306042824441427 , -0.00220915 , 0.00207019 , 0.0129368486162 , 1572904107.9336796
1.06622982883 , 0.68173661242 , 0.796371056696 , -0.000629944 , 0.00105959 , 0 , 0 , 0 , -2.6233330591263564 , 0.867558627013498 , 19.41171766331837 , 0.000601365 , -0.000732222 , 0.00940046427729 , 1572904108.0692153
1.06622982883 , 0.68173661242 , 0.796371056696 , -0.000580861 , 0.00108649 , 0 , 0 , 0 , -3.6462214331042326 , 1.3493790407074442 , 19.55770838011537 , 0.000844797 , 3.18137e-05 , 0.00731172757417 , 1572904108.2091272
1.06622982883 , 0.68173661242 , 0.796371056696 , -0.000594219 , 0.00108044 , 0 , 0 , 0 , -4.918615214769951 , 1.9824645884627814 , 19.744611569251482 , -8.89535e-05 , 0.000451496 , 0.00914904020183 , 1572904108.3482003
1.06622982883 , 0.68173661242 , 0.796371056696 , -0.000582472 , 0.00109947 , 0 , 0 , 0 , -6.472250742614985 , 2.786486174557563 , 19.973190140931482 , 0.00115943 , 0.000476542 , 0.0104887766285 , 1572904108.4869823
1.06622982883 , 0.68173661242 , 0.796371056696 , -0.000482853 , 0.00105109 , 0 , 0 , 0 , -8.339967086918215 , 3.7805313019601092 , 20.244375784945003 , 0.000918617 , 6.60004e-05 , 0.0094697219481 , 1572904108.626303
1.06622982883 , 0.68173661242 , 0.796371056696 , -0.000549027 , 0.00107386 , 0 , 0 , 0 , -10.55567792937156 , 4.983047270163843 , 20.559271958252225 , -0.000423411 , 0.000748881 , 0.0104787739353 , 1572904108.7655482
1.06622982883 , 0.68173661242 , 0.796371056696 , -0.000479306 , 0.0010999 , 0 , 0 , 0 , -13.154344093970728 , 6.41179320416207 , 20.91915739363044 , 0.00107113 , 0.000819516 , 0.0102975008323 , 1572904108.9002829
1.06622982883 , 0.68173661242 , 0.796371056696 , -0.000430772 , 0.00100134 , 0 , 0 , 0 , -16.171946298063034 , 8.083799028106675 , 21.32549012615021 , 0.000988374 , 0.000244385 , 0.0111602390155 , 1572904109.0397396
1.06622982883 , 0.68173661242 , 0.796371056696 , -0.000445873 , 0.000896301 , 0 , 0 , 0 , -19.645457812042096 , 10.015330086238809 , 21.779912033730497 , 0.00154526 , -0.000481091 , 0.00771007418303 , 1572904109.1789627
1.06628363836 , 0.68175166537 , 0.79622401625 , -0.000450757 , 0.000919913 , 0 , 0 , 0 , -23.61281679882981 , 12.221856486991229 , 22.284253887492103 , -0.000907327 , 0.000655462 , 0.00776663064146 , 1572904109.319732
1.06628363836 , 0.68175166537 , 0.79622401625 , -0.00047892 , 0.000908619 , 0 , 0 , 0 , -28.12075795368815 , 14.71001921596784 , 22.84537540221026 , -0.00139055 , 0.000622457 , 0.00877338231399 , 1572904109.4584694
1.06628363836 , 0.68175166537 , 0.79622401625 , -0.000462999 , 0.000884971 , 0 , 0 , 0 , -33.20452020263221 , 17.4983397366746 , 23.46083093620483 , -0.000480758 , 0.000596986 , 0.00884363974099 , 1572904109.5974488
1.06632357361 , 0.681712585552 , 0.796371056696 , -0.000433262 , 0.000863675 , 0 , 0 , 0 , -38.89471255971881 , 20.609762641550592 , 24.12908492037972 , 0.000509123 , 0.000421595 , 0.00902340452816 , 1572904109.736225
1.06632357361 , 0.681712585552 , 0.796371056696 , -0.000466139 , 0.000806932 , 0 , 0 , 0 , -45.22021106445635 , 24.046475297992007 , 24.862741656903374 , 0.000558854 , 0.000553169 , 0.00802037948999 , 1572904109.8750155
1.06632357361 , 0.681712585552 , 0.796371056696 , -0.000397918 , 0.000563108 , 0 , 0 , 0 , -52.23683543704233 , 27.82171898751529 , 25.660119357547064 , 0.000758956 , -0.00241666 , 0.0101195797527 , 1572904110.0101516
1.07495083023 , 0.673272613332 , 0.828131793078 , -0.00046264 , 0.000776493 , 0 , 0 , 0 , -60.00839925637046 , 31.950417194877403 , 26.516138120447962 , 0.000203001 , 0.00157632 , 0.00690238176983 , 1572904110.1496274
1.09771323267 , 0.65237701234 , 0.909445159835 , -0.000491073 , 0.000724 , -148 , 0 , 0 , -115.55416774836831 , 8.253070772762847 , 6.980658768971988 , -0.000627338 , 0.000573604 , 0.0104075719721 , 1572904110.2895272
1.13245991865 , 0.625334632113 , 1.02443078877 , -0.000424085 , 0.000762193 , -145 , 0 , 0 , -99.031910482315 , 8.356813472176896 , 10.04603982730796 , 0.00129153 , 0.000601705 , 0.00785594813396 , 1572904110.424084
1.17337391587 , 0.600454189663 , 1.15044445118 , -0.000501269 , 0.000693034 , -145 , 0 , 0 , -72.30050491307065 , 6.667972888818196 , 18.537708666198146 , -0.000207142 , -0.000431725 , 0.00975657783837 , 1572904110.5591905
1.21398455936 , 0.582248445108 , 1.26734160592 , -0.000507465 , 0.000656658 , -145 , 0 , 0 , -45.83288348965751 , 4.511315357111021 , 36.82511461868936 , 0.000450313 , -0.000299228 , 0.0097710598853 , 1572904110.6941504
1.24982942413 , 0.570973793564 , 1.36600574533 , -0.000361697 , 0.000700471 , -148 , 0 , 0 , -28.463092510460214 , 2.6605654863127413 , 68.36130406331539 , 7.34098e-05 , 0.000380412 , 0.00952269455693 , 1572904110.82952
1.2860140093 , 0.541317008016 , 1.37629857657 , -0.000471972 , 0.000724401 , -95 , 0 , 95 , -4.100273530648467 , 10.164855978182699 , 231.08814353143964 , 0.000166563 , -0.000456989 , 0.0102900021588 , 1572904110.9691129
1.32004501001 , 0.48554049211 , 1.27307618332 , -0.000436932 , 0.000745238 , 0 , 0 , 128 , -0.11553285877801826 , 21.630728801224308 , 478.7060274157102 , 0.000644976 , 0.000914801 , 0.00552853362401 , 1572904111.108312
1.33682717147 , 0.427851427317 , 1.13088807183 , -0.000452976 , 0.000806562 , 0 , 0 , 272 , 0.6779851616065808 , 23.306368421786985 , 796.4560871218929 , 0.000117444 , 0.00119173 , 0.00879211289273 , 1572904111.2431421
1.34228924929 , 0.367948522033 , 0.974584077508 , -0.000408649 , 0.000846922 , 0 , 0 , 141 , 0.027986970612978414 , 1.2669195999792158 , 467.0431912376454 , 0.00108136 , -0.000123364 , 0.00788255948089 , 1572904111.3827565
1.33803205635 , 0.308089492584 , 0.816221516935 , -0.000524119 , 0.000791678 , 0 , 0 , 256 , 3.147585796169744 , 0.5934044458831038 , 528.713564273581 , -0.00296938 , 0.000101444 , 0.00986624876522 , 1572904111.5219092
1.32429406865 , 0.249673010099 , 0.658300077701 , -0.000332875 , 0.000820094 , 0 , 0 , 256 , 6.04541614523851 , 3.152070654940901e-05 , 372.15130224913503 , 0.000168166 , -0.000302125 , 0.00789132899971 , 1572904111.660922
1.30154011441 , 0.194143960958 , 0.500378638467 , -0.000440825 , 0.000842547 , 0 , 0 , 266 , 10.843859248198221 , -0.171881582247729 , 244.12830446252875 , -9.5964e-05 , 0.000380296 , 0.00772544275542 , 1572904111.8004014
1.27097566084 , 0.143934329772 , 0.34569208905 , -0.000433285 , 0.000805765 , 0 , 0 , 133 , 3.1277934382532973 , -6.399793131334706 , 62.21818466316526 , -0.00196927 , 0.000403649 , 0.0114234618172 , 1572904111.939508
1.23951223517 , 0.106768543552 , 0.217766900843 , -0.000412912 , 0.000748002 , 0 , 0 , 138 , 4.8031597798615735 , -10.716635553093328 , 22.112678684737087 , -0.00135241 , -0.000381484 , 0.0111602168801 , 1572904112.075222
1.21264285107 , 0.0821670174994 , 0.121896529912 , -0.000331791 , 0.000725616 , 0 , 0 , 0 , 0.4307254325001441 , -34.4342670507256 , 0.15963395723250323 , -6.88519e-05 , 0.000156881 , 0.0067634302702 , 1572904112.21391
1.1957578561 , 0.069571735064 , 0.0669034030275 , -0.000162737 , 0.000666665 , 0 , 0 , 0 , 0.3821685452281709 , -35.83333364409875 , -0.031270762685798925 , 0.00146126 , 0.00142706 , 0.00874300532984 , 1572904112.3543088
1.18944562003 , 0.0653407492846 , 0.0469059023423 , -0.000104929 , 0.000484276 , 0 , 0 , 0 , 0.26177041136546947 , -34.79807394409327 , -0.8363206821942889 , 0.00112646 , -8.54692e-05 , 0.00839915964733 , 1572904112.4922595
1.18841104132 , 0.0646768799877 , 0.0436710125256 , -8.99847e-05 , 0.000394472 , 0 , 0 , 0 , 0.12354491907342931 , -31.965388833979343 , -2.019633098373171 , 0.00103978 , -0.0005177 , 0.00708196230306 , 1572904112.6231678
1.18841104132 , 0.0646768799877 , 0.0436710125256 , -0.000107621 , 0.000376919 , 0 , 0 , 0 , 0.037550649437522295 , -28.714597547111918 , -2.4215146923206086 , 0.000424143 , 0.000392615 , 0.00808669037016 , 1572904112.7626102
1.18841104132 , 0.0646768799877 , 0.0436710125256 , -0.000190058 , 0.000290091 , 0 , 0 , 0 , 0.004819384053363016 , -25.58491414974841 , -2.2365135987055487 , -0.00102297 , -0.000511425 , 0.00912501608301 , 1572904112.9020514
1.18841104132 , 0.0646768799877 , 0.0436710125256 , -4.47694e-05 , 0.000298892 , 0 , 0 , 0 , 9.288673750102201e-07 , -22.706032953306973 , -1.9219083527251932 , 0.00332347 , 4.63308e-05 , 0.0105279110214 , 1572904113.0373392
1.18841104132 , 0.0646768799877 , 0.0436710125256 , -0.000213362 , 0.000199017 , 0 , 0 , 0 , -0.0031430416114654634 , -20.08617127037516 , -1.6207284190764435 , -0.00111756 , -0.000954975 , 0.00872433594976 , 1572904113.1710474
1.18841104132 , 0.0646768799877 , 0.0436710125256 , -0.000161452 , 0.00017038 , 0 , 0 , 0 , -0.030789597045848566 , -17.709557583093595 , -1.347394471438635 , 0.000767291 , 3.84619e-05 , 0.00923680452518 , 1572904113.3078933
1.18841104132 , 0.0646768799877 , 0.0436710125256 , -0.000145926 , 0.000213068 , 0 , 0 , 0 , -0.1136555077383614 , -15.55920347301926 , -1.1020422039062578 , 0.000316979 , 0.00102091 , 0.0072388258997 , 1572904113.442861
1.18841104132 , 0.0646768799877 , 0.0436710125256 , -0.000140241 , 0.00016091 , 0 , 0 , 0 , -0.28494191048619477 , -13.618905220209587 , -0.8845427388820615 , 0.00101657 , 0.000202794 , 0.00738180540023 , 1572904113.5822444
1.18841104132 , 0.0646768799877 , 0.0436710125256 , -0.000101926 , 9.99428e-05 , 0 , 0 , 0 , -0.5795245920593383 , -11.873228244632301 , -0.6944908801548001 , 0.000370662 , -0.000324295 , 0.0084771885789 , 1572904113.7214308
1.18841104132 , 0.0646768799877 , 0.0436710125256 , -0.00016103 , 0.000116552 , 0 , 0 , 0 , -1.033573474781849 , -10.307491048296663 , -0.5311943552581896 , -0.000129118 , 0.000410427 , 0.0080648053171 , 1572904113.8605964
1.18841104132 , 0.0646768799877 , 0.0436710125256 , -0.000135233 , 6.2968e-05 , 0 , 0 , 0 , -1.6843131387633512 , -8.907748689940954 , -0.39366427780468516 , 0.000741332 , -0.00036294 , 0.00538916514075 , 1572904114.0036833
1.18841104132 , 0.0646768799877 , 0.0436710125256 , -0.00016744 , 6.64628e-05 , 0 , 0 , 0 , -2.569850017693626 , -7.660775824360617 , -0.28060712986975955 , 0.000358983 , 0.000507323 , 0.0102518551697 , 1572904114.1389685
1.18841104132 , 0.0646768799877 , 0.0436710125256 , -8.75456e-05 , 0.000152145 , 0 , 0 , 0 , -3.729036671079921 , -6.5540493386821606 , -0.19041866911635075 , 0.000204472 , 0.000915457 , 0.00968612609239 , 1572904114.2743897
1.18841104132 , 0.0646768799877 , 0.0436710125256 , -0.000147051 , 4.77452e-05 , 0 , 0 , 0 , -5.201358820345247 , -5.575730618078966 , -0.1211803302655071 , 0.00118666 , -0.000208552 , 0.00519257572231 , 1572904114.4091895
1.18841104132 , 0.0646768799877 , 0.0436710125256 , -0.000196638 , 1.65956e-05 , 0 , 0 , 0 , -7.026837343967178 , -4.714647473591533 , -0.07065896519416041 , -0.000277861 , -5.42904e-05 , 0.00690047032444 , 1572904114.5481086
1.18841104132 , 0.0646768799877 , 0.0436710125256 , -0.000153602 , 3.54272e-05 , 0 , 0 , 0 , -9.24594060827487 , -3.960275764861375 , -0.03631125664944393 , 0.000463148 , -2.22518e-05 , 0.00679714399793 , 1572904114.6832223
1.18841104132 , 0.0646768799877 , 0.0436710125256 , -0.000115512 , 3.88455e-05 , 0 , 0 , 0 , -11.8995042240249 , -3.3027207507178122 , -0.015295102875723273 , 0.00181024 , 0.000903698 , 0.00953526989615 , 1572904114.822367
1.18841104132 , 0.0646768799877 , 0.0436710125256 , -0.00013274 , 9.4049e-05 , 0 , 0 , 0 , -15.028656311067476 , -2.732698200680691 , -0.004492423471961474 , -0.00144084 , 0.000624798 , 0.00866201784909 , 1572904114.9625866
1.18841104132 , 0.0646768799877 , 0.0436710125256 , -0.000119609 , 0.000111376 , 0 , 0 , 0 , -18.67474696131815 , -2.241515300569664 , -0.0005537619832611604 , -0.00170429 , 0.000553388 , 0.00650604428351 , 1572904115.101002
1.18841104132 , 0.0646768799877 , 0.0436710125256 , -5.0876e-05 , 9.5076e-05 , 0 , 0 , 0 , -22.87928098001584 , -1.8210513855562591 , -9.62904392904804e-09 , 0.00157025 , 8.71009e-05 , 0.00512097367201 , 1572904115.2403436
1.18841104132 , 0.0646768799877 , 0.0436710125256 , -6.43521e-05 , 0.000122155 , 0 , 0 , 0 , -27.683853244672086 , -1.463738534181197 , 0.0004810042840616447 , 0.000286416 , 0.000360888 , 0.00711588119463 , 1572904115.3837388
1.18841348068 , 0.0646210578913 , 0.0438180529718 , -8.5323e-05 , 3.76562e-05 , 0 , 0 , 0 , -33.13008619927983 , -1.1625420571162655 , 0.004518364795927006 , -5.11929e-05 , -0.000557307 , 0.00740163860289 , 1572904115.5145614
1.18841348068 , 0.0646210578913 , 0.0438180529718 , -0.000105387 , 6.23691e-05 , 0 , 0 , 0 , -39.23957551273049 , -0.9110411599220389 , 0.016709129174535115 , 6.83806e-06 , 0.000527178 , 0.00642095163785 , 1572904115.654046
1.18841348068 , 0.0646210578913 , 0.0438180529718 , -5.23895e-05 , 0.000125331 , 0 , 0 , 0 , -46.06658533681301 , -0.7030281036704891 , 0.04241414391263161 , 0.00186935 , 0.000482111 , 0.00830744386916 , 1572904115.7923853
1.18841348068 , 0.0646210578913 , 0.0438180529718 , 2.50059e-05 , 0.00012269 , 0 , 0 , 0 , -53.67620743686512 , -0.5329963988550642 , 0.08767757049294042 , 0.00207942 , -0.000321133 , 0.00770805323298 , 1572904115.9241729
1.1890400577 , 0.050330693173 , 0.0814604072027 , -8.13385e-05 , 0.000127286 , -151 , 0 , 0 , -114.42934007160477 , -7.7000007359619325 , -0.15036992394916035 , 1.73038e-05 , -3.87581e-05 , 0.0070302781335 , 1572904116.067263
1.19265460317 , 0.00605707700959 , 0.198357561943 , -0.000112798 , 0.000140859 , -138 , 0 , 0 , -108.82468892834733 , -5.812518538329901 , -0.053864142771742604 , -0.000818691 , -0.000770242 , 0.00590165742791 , 1572904116.210736
1.20248721617 , -0.0428612313549 , 0.329664680412 , -9.19105e-05 , 0.000114828 , -141 , 0 , 0 , -82.54145558577302 , -5.7315905635528965 , -0.024009406592919415 , -5.14492e-05 , -0.000300112 , 0.00675111008726 , 1572904116.3504555
1.21795271079 , -0.0880621178376 , 0.455384261925 , -1.25476e-05 , 0.000117003 , -141 , 0 , 0 , -42.187375391996895 , -5.9654407731608075 , -0.0021615515337760527 , 0.00103191 , 0.000272711 , 0.00748680173682 , 1572904116.4901938
1.23544968626 , -0.123791151896 , 0.56007705963 , -0.000125079 , 8.87211e-05 , -145 , 0 , 0 , -16.564061235152867 , -7.308573285332446 , 0.00033153659561054375 , -0.000978854 , -0.00160037 , 0.00831008982594 , 1572904116.6287446
1.24972762921 , -0.146560924774 , 0.630803514259 , -3.01505e-05 , 0.000167192 , 0 , 0 , 0 , -0.7380813775842577 , -0.6866840603812366 , 3.178571211366836 , -8.97882e-05 , 0.00157476 , 0.00505903489196 , 1572904116.7680929
1.25694476286 , -0.156442723901 , 0.66300537198 , -4.90651e-05 , 0.000115269 , 0 , 0 , 0 , -0.05637193460981582 , -1.0205848753411337 , 6.423775863134167 , -0.000411698 , -0.00040735 , 0.00539684640583 , 1572904116.9075549
1.25826505501 , -0.158212006101 , 0.668592908936 , -4.04316e-05 , 7.9993e-05 , 0 , 0 , 0 , -0.0018995418864187778 , -1.2383656394687583 , 9.979214835839782 , 0.000410504 , 0.000195625 , 0.00735085868746 , 1572904117.0469236
1.25829969117 , -0.158255851206 , 0.668739949382 , 1.84768e-05 , 0.00011105 , 0 , 0 , 0 , -0.0014156971363405483 , -1.2212830262951981 , 13.053974473872444 , 0.00224452 , 0.000520692 , 0.0056551790811 , 1572904117.187723
1.25829969117 , -0.158255851206 , 0.668739949382 , -0.000108265 , 0.0001537 , 0 , 0 , 0 , -0.01289711773419768 , -1.0637473975606249 , 15.500499360960049 , -0.00164874 , 0.00108187 , 0.00688315329111 , 1572904117.3291807
1.25829969117 , -0.158255851206 , 0.668739949382 , 1.32047e-05 , 0.000177585 , 0 , 0 , 0 , -0.06286515034440604 , -0.8886389518461789 , 17.872531211388804 , 0.00130415 , 0.000683941 , 0.00714508024702 , 1572904117.4688802
1.25829969117 , -0.158255851206 , 0.668739949382 , -2.39351e-05 , 0.000130999 , 0 , 0 , 0 , -0.18293648705833246 , -0.7345120558942586 , 20.461140924708765 , 0.00112042 , -0.000516488 , 0.00546506819268 , 1572904117.607352
1.25829969117 , -0.158255851206 , 0.668739949382 , 9.93653e-06 , -1.29931e-05 , 0 , 0 , 0 , -0.40453858538703324 , -0.6031298617755743 , 23.326036504220944 , 0.00162957 , -0.0010284 , 0.00596840183243 , 1572904117.7470326
1.25829969117 , -0.158255851206 , 0.668739949382 , -6.78435e-05 , 0.000171938 , 0 , 0 , 0 , -0.7604309300843054 , -0.4918202733845764 , 26.488708368695445 , 0.00120585 , 0.00125566 , 0.00601503107774 , 1572904117.8824365
1.25829969117 , -0.158255851206 , 0.668739949382 , -5.39843e-05 , 0.000178391 , 0 , 0 , 0 , -1.2839085867203746 , -0.3980703533148098 , 29.9703949625136 , -0.000327289 , 0.000747046 , 0.00644244456614 , 1572904118.0214858
1.25829969117 , -0.158255851206 , 0.668739949382 , -0.000144666 , 0.000195185 , 0 , 0 , 0 , -2.0085440653681244 , -0.319607893414462 , 33.79321800112492 , -0.0030213 , 0.00066726 , 0.00871982100766 , 1572904118.1645777
9.6778978972e-05 , 5.58753695614e-05 , 0.000294080892428 , -0.000443117 , 0.000289117 , 0 , 0 , 0 , 335.2019739354516 , -16.052342839515983 , -94.28150363614942 , 0.000224384 , -0.000288736 , 0.0146586617216 , 1572904174.5746589
0.023933349136 , 0.066191387985 , -0.0649918772267 , -0.000617298 , 0.000309013 , 187 , 0 , -98 , 2802.226903185671 , -1.6056731850368078 , -3165.6734877229396 , -0.00128319 , -0.00139067 , 0.0174803181145 , 1572904174.714325
0.0818259716549 , 0.152517209191 , -0.063815553657 , -0.000545507 , 0.000424868 , 166 , 0 , -173 , 2688.7190265032964 , -2.2354709330532008 , -5648.307846004578 , 0.00101916 , 0.000320479 , 0.0162330945388 , 1572904174.85373
0.141069113623 , 0.239630123515 , -0.058375057147 , -0.000697593 , 0.000499743 , 247 , 0 , -180 , 2169.1752370495283 , -0.1509553324913528 , -4287.641804941318 , -5.44728e-05 , 0.000737868 , 0.0131025064408 , 1572904174.9932196
0.199850483159 , 0.327287179912 , -0.053522722422 , -0.000730721 , 0.000516134 , 177 , 0 , -180 , 1300.544328024314 , -1.012062921091825 , -3624.4563408688564 , -0.000161074 , -0.00010911 , 0.0111031046012 , 1572904175.1324077
9.6778978972e-05 , 5.58753695614e-05 , 0.000294080892428 , -0.000596077 , 0.000572925 , 0 , 0 , 0 , 335.2019739354516 , -16.052342839515983 , -94.28150363614942 , -0.00947354 , 0.00959539 , 0.0211929698104 , 1572904225.9519663
0.0232559456081 , 0.0660235626576 , -0.0676386052585 , -0.000362606 , 0.000314123 , 177 , 0 , -177 , 2390.034124541699 , -4.9218856273994085 , -3712.0959508484534 , -0.0043008 , 0.00374193 , 0.0138228064088 , 1572904226.0911276
0.0811761777907 , 0.152097442455 , -0.0670504434737 , -0.000417192 , 9.54151e-05 , 168 , 0 , -259 , 2284.5544331101723 , -5.432440621337469 , -6422.841633838798 , -0.00163935 , -0.000458009 , 0.00950263683243 , 1572904226.2318604
0.142386568338 , 0.241733116668 , -0.0621981087486 , -0.00043026 , 4.60987e-05 , 164 , 0 , -250 , 1649.2243025340645 , -3.921449237438705 , -5458.90082335466 , -0.00128705 , 0.00173033 , 0.0157415154042 , 1572904226.3740575
0.20149915184 , 0.329109041493 , -0.0571987335773 , -0.000503557 , 8.55959e-05 , 160 , 0 , -160 , 1316.249570238309 , -1.0569285794194716 , -3616.6786641502667 , -0.00024976 , 0.000140414 , 0.0133372780502 , 1572904226.5132022
