-0.000629063363318 , -0.00209532635855 , 0.00220560669321 , -0.000646164 , 0.000303303 , 0 , 0 , 136 , -223.29658311620972 , 18.63812334251436 , 38.75885142197659 , -0.00263281 , 0.00138676 , 0.0106756052776 , 1574442196.5656888
-0.0156708794745 , -0.0712465030092 , 0.0914591575452 , -0.000597119 , 0.000140548 , -193 , 66 , 132 , -6919.379194193422 , 645.2385778808756 , 1021.8184993258349 , -0.00162511 , -0.00190924 , 0.00948668283894 , 1574442196.7133641
-0.00570991260543 , -0.169787693831 , -0.0222031073783 , -0.000225335 , -6.19993e-05 , 200 , -130 , -93 , 22663.225188889774 , -2850.934802567433 , -2647.7859430431618 , 0.00219616 , -0.00295121 , 0.0178526241617 , 1574442196.85704
-0.00352599308458 , -0.0605449684467 , 0.136012412748 , -0.000445329 , 0.000411018 , 226 , -226 , -171 , 19122.40614835743 , -2699.6815786743828 , -2452.5514811269563 , -0.00108841 , -0.00102353 , 0.00385479832149 , 1574442196.9999638
-0.0218913491077 , 0.0654403689591 , 0.308049734819 , -0.000296791 , 0.000278524 , 195 , -175 , -177 , 25931.49902308257 , -634.4121592239451 , -7093.289507169629 , 0.000767446 , -0.00130942 , 0.00474743794308 , 1574442197.1440442
-0.057545472416 , 0.17494383778 , 0.503907609176 , -0.000213567 , 0.000187754 , -162 , -240 , -158 , 48194.88931056315 , -11653.752941459488 , -4746.309091054499 , 0.00275637 , -0.00268638 , 0.00634410560023 , 1574442197.2867534
-0.0618656995738 , 0.181175575873 , 0.978554169556 , -0.000500531 , 0.000408753 , -188 , -220 , -175 , 39447.92888972686 , -4232.064113974924 , -7694.463114092597 , -0.0025449 , 0.00168042 , 0.00957333236373 , 1574442197.4301865
-0.0710172740898 , 0.186341348171 , 1.45231848726 , -0.000308402 , 0.000288385 , 197 , -175 , -194 , 27579.226686717313 , -1018.7239413359534 , -9917.21007712094 , 0.000475245 , 0.00137532 , 0.00362216108605 , 1574442197.5734563
-0.187713434496 , 0.199403885014 , 1.63670720681 , -0.000162972 , 0.000238958 , 221 , -175 , -185 , 19838.98365638401 , -155.59797557938614 , -11954.58300574876 , 0.00511588 , -3.25649e-05 , 0.0108675483863 , 1574442197.7166662
-0.307116569294 , 0.203064262667 , 1.7693376893 , -0.000254722 , 0.000332823 , 225 , 65 , -155 , 9108.129428212851 , 1249.562054000221 , -15730.811163044533 , 0.00322718 , 0.000801568 , 0.00879677446894 , 1574442197.8602054
-0.389963948409 , 0.291333558798 , 1.62391468799 , -0.000329986 , 0.000297991 , 178 , 224 , -171 , 1053.348331111895 , 16937.058623693767 , -4924.509954532433 , 0.000270514 , -0.0008815 , 0.00385057156871 , 1574442198.0034804
-0.458728964833 , 0.397046772097 , 1.46217019715 , -0.000313038 , 0.000311496 , 199 , 180 , -181 , 3.15759403348801 , 31955.899227246024 , -754.3971645875154 , 0.000325295 , -4.48324e-06 , 0.00459913061878 , 1574442198.1468208
-0.490052271583 , 0.487350102465 , 1.34233223349 , -0.000265198 , 0.000257551 , -147 , -148 , 141 , -408.949210217906 , 46657.75568986354 , 1.0266336128877094 , 0.00115868 , -0.00198999 , 0.00594783539303 , 1574442198.2901788
-0.474051871647 , 0.429229573409 , 1.63567792369 , -0.000332166 , 0.000269728 , -250 , -247 , 0 , -539.5579767143295 , 40522.41074289554 , 0.02858624536383234 , 0.00060607 , -0.0014997 , 0.005971778049 , 1574442198.4336681
-0.434482044608 , 0.385976049975 , 1.94063980914 , -0.000375186 , 0.000419501 , -164 , 83 , 0 , -460.8671643960676 , 31408.99243342575 , -13.923665179935364 , 0.0030732 , -0.000168941 , 0.00362322682976 , 1574442198.5773544
-0.371422873938 , 0.466162200808 , 1.96563668499 , -0.000275425 , 0.000197202 , -177 , 198 , -66 , -207.5947918399856 , 24546.937200326192 , -464.685739312747 , 0.00190364 , 7.1319e-05 , 0.00623356328851 , 1574442198.7202766
-0.356285096951 , 0.587224478963 , 2.12076435575 , -0.000462225 , 0.000438661 , -208 , 175 , -185 , -1305.2397481518308 , 31960.586867007616 , -0.13998383520001728 , -0.0018298 , 0.00124563 , 0.00596536677894 , 1574442198.8636453
-0.339499429038 , 0.690429799325 , 2.2564826876 , -0.000273768 , 0.000215779 , -204 , -132 , 0 , -3338.285076899203 , 33073.663982993 , 1022.2197000710728 , 0.0018144 , -0.0018986 , 0.00608348886927 , 1574442199.0070739
-0.232333230364 , 0.663254344219 , 2.38734868473 , -0.000530149 , 0.000426025 , -197 , 122 , 192 , -2138.688009627945 , 29376.684149288856 , 525.6582171309417 , -0.00293879 , 0.00390791 , 0.00896623624872 , 1574442199.1505382
-0.147569236479 , 0.748030014507 , 2.24016119807 , -0.000253098 , 0.000181692 , -196 , 183 , 178 , -1425.3425658253777 , 14074.049200083065 , 4347.188724537171 , 0.00187025 , -0.00166456 , 0.00364211344702 , 1574442199.2937918
-0.0495686876061 , 0.826063732972 , 2.07841670724 , -0.000300162 , 0.000249193 , -190 , 177 , 165 , -525.6865839831055 , 4769.876987572814 , 14178.407230471073 , 0.000447313 , 0.00022937 , 0.0035796623127 , 1574442199.4370575
0.0596207549341 , 0.887186728369 , 1.91652517596 , -0.000363236 , 0.000268043 , -194 , 171 , 192 , -125.92554301044213 , 5315.269391983446 , 17376.58334847494 , -0.000989221 , -0.000198176 , 0.0015611134668 , 1574442199.5803945
0.171987552918 , 0.928072232611 , 1.73890031693 , -0.000360904 , 0.000215041 , -177 , 187 , 183 , -27.790217699935834 , 5129.756430341058 , 10713.645378943711 , -0.000529575 , -0.000900402 , 0.00380771686173 , 1574442199.723672
0.278041212971 , 0.946511862356 , 1.52877951929 , -0.000343892 , 0.000266097 , -104 , 183 , 183 , -0.4293337497542395 , 4317.914580186652 , 5913.010595280148 , -0.000247037 , 0.000237116 , 0.00261338990899 , 1574442199.8670688
0.364334609438 , 0.943222979801 , 1.26131294763 , -0.000343227 , 0.000220921 , 71 , 187 , 192 , 5.757645603648777 , 3309.6389056573644 , 3137.637955628505 , 0.000364074 , -0.00184416 , 0.0045014405041 , 1574442200.010477
0.421907630564 , 0.924864350638 , 0.924737366241 , -0.000269781 , 0.000233852 , 0 , 190 , 162 , 102.43734428134655 , 2229.4274035490394 , 1499.1191587299022 , 0.00349384 , -8.54963e-05 , 0.00531150333106 , 1574442200.155914
0.442175719272 , 0.910491173721 , 0.488321321877 , -0.000330385 , 0.000165983 , 138 , 178 , 177 , 456.7667160498933 , 1302.7762035315725 , 665.0718252336635 , 0.000249434 , -0.00109425 , 0.0062862581597 , 1574442200.301356
0.442737538728 , 0.910568185166 , 0.000294080892428 , -0.000496458 , 0.000451765 , 192 , 234 , 175 , 1072.3945955479257 , 553.7562199797732 , 283.1585620584424 , -0.00205067 , 0.00169406 , 0.00384573120909 , 1574442200.4449725
0.443124539604 , 0.91095942658 , -0.490379888124 , -0.000352508 , 0.000225624 , 202 , 187 , 175 , 1577.933822606497 , 109.72792400935843 , 146.7693568055341 , 3.89315e-05 , 0.000195149 , 0.00281929159568 , 1574442200.5878596
0.443956769981 , 0.917039107587 , -0.955909940839 , -0.000298243 , 0.000176086 , 210 , 113 , 183 , 968.1063777160157 , 0.6750493296796322 , 116.90057027979591 , 0.000627583 , -0.00133005 , 0.00499625494089 , 1574442200.7311728
0.448202916254 , 0.942845184289 , -1.35821260168 , -0.000365863 , 0.000221083 , 181 , -123 , 196 , 163.74390153485004 , -5.776498037068829 , 117.78377560889115 , -0.000951077 , -0.00070022 , 0.00410371330826 , 1574442200.8746166
0.469897700036 , 0.998318865096 , -1.65346981768 , -0.000576025 , 0.000419462 , 185 , 0 , 134 , 0.19254369397856552 , -56.67676245744416 , 57.79877849559549 , -0.0049732 , 0.00213189 , 0.00725582314314 , 1574442201.017933
0.502417712451 , 1.05889177576 , -1.82065480502 , -0.000204711 , 7.36039e-05 , -129 , -70 , 171 , -69.91759812216645 , -160.92029491787162 , 5.9455542507072625 , 0.00179745 , -0.00307417 , 0.00990397410555 , 1574442201.1614008
0.509071282225 , 1.12970710569 , -1.67596700595 , -0.000349738 , 0.000253048 , -119 , -206 , -123 , -582.7412927472604 , -265.94050421731976 , -2.0927842444602582 , -0.00158952 , 0.00045902 , 0.00278187843142 , 1574442201.304748
0.493464515099 , 1.17028123327 , -1.2952792907 , -0.000272866 , 0.000239885 , -219 , -244 , -66 , -1521.8865716451494 , -263.6458521841832 , -232.85699076339066 , 0.00309924 , -0.000982603 , 0.00586989086928 , 1574442201.4480433
0.489964006836 , 1.17557737099 , -0.816662638274 , -0.000332542 , 0.000209334 , -171 , -224 , -236 , -2284.8930271756835 , -256.8001797934266 , -1790.5828665097988 , 0.000663452 , -0.000552714 , 0.00304421963638 , 1574442201.591382
0.490192518826 , 1.17672148597 , -0.314960635791 , -0.000378487 , 0.000275481 , -194 , -230 , -169 , -2151.266087007808 , -71.02012340751872 , -4015.9197256901593 , -0.000691412 , 0.000175903 , 0.00744000545279 , 1574442201.7346911
0.496178359214 , 1.17056948335 , 0.162920814405 , -0.000405808 , 0.000351279 , -201 , -118 , -242 , -2299.2828366066487 , -0.48584225181376894 , -3241.758640657338 , -0.000318412 , 0.00168825 , 0.00821935539469 , 1574442201.8780725
0.526244355144 , 1.15979816719 , 0.581103843439 , -0.00035558 , 0.000265926 , -209 , 62 , -187 , -2791.4820012833416 , 1.8246985596266247 , -757.7304290845717 , -0.00108295 , 0.000600608 , 0.00364233466361 , 1574442202.0214202
0.592001399226 , 1.16377758254 , 0.910621483405 , -0.000244784 , 0.000250412 , -182 , 0 , -177 , -2489.786706815807 , 6.843358264173175 , -9.55730501493801 , 0.00285376 , -0.000955043 , 0.00565213519986 , 1574442202.1647203
0.648036357254 , 1.16456489274 , 1.18396967292 , -0.000339372 , 0.000204667 , -247 , 0 , 90 , -1229.3380905951294 , 2.982947350971511 , 51.77368359066118 , -0.000564982 , -0.000972692 , 0.00683711898315 , 1574442202.308171
0.709100478814 , 1.1219253384 , 1.30013162543 , -0.000540564 , 0.000410863 , -256 , 0 , 90 , -222.8208900702013 , 0.003174472541959419 , 601.2945433370141 , -0.00293678 , 0.000590926 , 0.00605692196198 , 1574442202.4516795
0.783325494003 , 1.04649205492 , 1.30057274676 , -0.000318175 , 0.000248118 , -168 , 0 , 177 , -0.10321513114996071 , -13.378121712273222 , 1704.504022751502 , 0.00101453 , -7.38382e-05 , 0.00260538004151 , 1574442202.594836
0.839075407167 , 0.974812393356 , 1.24572666033 , -0.000340542 , 0.000217767 , 92 , 0 , 266 , 179.82414279562846 , -45.41789937763613 , 2466.664503218478 , -0.00140115 , 0.000632031 , 0.0020417718659 , 1574442202.73821
0.806230634815 , 0.930018141508 , 0.960615235117 , -0.000600183 , 0.000417666 , 175 , 0 , 180 , 1076.761296538271 , -29.38511853766536 , 1906.590441447812 , -0.00544738 , 0.00260174 , 0.00649377869469 , 1574442202.8815382
0.749794409826 , 0.903761294226 , 0.633009120952 , -0.000372262 , 0.000264585 , 220 , 0 , 168 , 3140.719177895965 , -15.45558851190301 , 786.9648022170443 , -0.00150277 , 0.00041865 , 0.00182493477128 , 1574442203.0248768
0.687413698117 , 0.897493001238 , 0.303050359647 , -0.000352924 , 0.000257531 , 215 , 0 , 166 , 7872.707483482545 , -8.098146149378612 , 239.5156041107333 , -0.000405627 , -0.000240974 , 0.00264243178393 , 1574442203.1682684
0.627052858471 , 0.912662112627 , -0.0230853500556 , -0.00034356 , 0.000203725 , 179 , 0 , 244 , 4576.755347916226 , -53.473319267641514 , 365.6779814726616 , -0.000655173 , -0.00176313 , 0.00233393450997 , 1574442203.3115773
0.556042273676 , 0.956498855764 , -0.295110175552 , -0.000397864 , 0.000211858 , 212 , -62 , 236 , 1522.0750550077903 , -94.5691273688571 , 541.7952245170633 , -0.00180229 , -0.000704074 , 0.00403689670455 , 1574442203.4553573
0.483705435645 , 1.03431867871 , -0.5049368923 , -0.000269147 , 0.000209914 , 226 , -181 , 232 , 226.48639878432024 , -100.89314170679675 , 511.9628084388875 , 0.00134458 , -0.000808772 , 0.00781751607541 , 1574442203.59835
0.424393853095 , 1.13107227236 , -0.6932957039 , -0.000287891 , 0.000238575 , 205 , -178 , 188 , 1.6519454579509711 , -78.3215908661944 , 320.8248445351973 , 0.00223261 , -0.000888537 , 0.00471836889699 , 1574442203.7419472
0.37133850867 , 1.21994189601 , -0.830484440218 , -0.000513851 , 0.000422592 , -113 , -128 , 202 , -13.00471885848999 , -21.34872236408129 , 75.45050330861564 , -0.00172698 , 0.000966119 , 0.00438891487075 , 1574442203.8850272
0.309518646815 , 1.27252714004 , -0.863274459724 , -0.000605791 , 6.42664e-05 , 0 , -92 , 215 , -144.5353131213745 , -0.03344031988225363 , 0.552657492668954 , -0.00380633 , -0.00197072 , 0.00540900470174 , 1574442204.0284507
0.241580673729 , 1.27128415429 , -0.769609695485 , -0.000355877 , 0.000262398 , -182 , 68 , 0 , -442.22231518876805 , 13.982767834162466 , -43.331263190234864 , 0.000105806 , -0.000842804 , 0.00365143274341 , 1574442204.1718163
0.205853932934 , 1.22238072448 , -0.588602906195 , -0.000364957 , 0.000259949 , -133 , 0 , -84 , -607.91452948979 , 105.32915300754871 , -754.2062510004857 , -0.000683133 , 0.000143178 , 0.00265135153163 , 1574442204.3159394
0.248965230196 , 1.13243440383 , -0.36936560089 , -0.000362757 , 0.000216012 , -172 , 115 , -230 , -496.1715075777389 , 270.1079124048275 , -2930.1540969350763 , -0.000615649 , -0.00157649 , 0.00603672769373 , 1574442204.4585397
0.327530734444 , 1.03554189365 , -0.200269087744 , -0.000358675 , 0.000282809 , -193 , 172 , -181 , -315.1536030886809 , 688.131845059558 , -5217.49974052721 , 0.000180518 , -0.000215128 , 0.00603050254011 , 1574442204.6020384
0.422046571032 , 0.952641930052 , -0.0313196150436 , -0.000288823 , 0.000251184 , -188 , 174 , -181 , -347.7303456350166 , 1495.8379796890838 , -5251.912875509856 , 0.000722545 , 0.000165692 , 0.00905801460215 , 1574442204.7455661
0.52900483509 , 0.886623920263 , 0.136600574533 , -0.00029469 , 0.000200468 , -227 , 232 , -244 , -506.5789082524309 , 1567.7827445677624 , -2013.857101331283 , 0.001159 , -0.00214127 , 0.00411952840666 , 1574442204.8884647
0.645335661591 , 0.839840311801 , 0.305550047233 , -0.000343025 , 0.000273859 , -180 , 187 , -180 , -400.38488810001854 , 836.5880249911291 , -661.1897321084598 , 0.000108397 , -0.000344177 , 0.00554701917158 , 1574442205.031881
0.768015275677 , 0.813004951333 , 0.473323196364 , -0.000407464 , 0.000277207 , -198 , 181 , -174 , -231.9410170936705 , 345.85366273577665 , -129.71263319511996 , -0.00115303 , -0.00149177 , 0.00672332019507 , 1574442205.1752386
0.890341380497 , 0.803555100411 , 0.626539341319 , -0.000304323 , 0.000222413 , -209 , 172 , -178 , -82.31974157982786 , 89.86788450937787 , -6.0581261633900585 , 0.00174731 , -0.00243892 , 0.00348327801052 , 1574442205.3189704
0.994748420187 , 0.805633130216 , 0.74108384892 , -0.000375555 , 0.000322292 , -155 , 124 , -68 , -7.354012682586991 , 8.009627660977051 , 0.7619846757547266 , -1.97589e-05 , 0.000404857 , 0.00435679653123 , 1574442205.4619865
1.06736756741 , 0.806268331561 , 0.796959218481 , -0.000480984 , 0.000389974 , -124 , 90 , 0 , 0.5687907703233717 , -0.10461817260498368 , 37.49765985446073 , -0.000962325 , -0.000589991 , 0.00266909628551 , 1574442205.605191
1.09604802304 , 0.781693905922 , 0.751229639708 , -0.000364873 , 0.000302425 , 42 , 0 , 125 , 105.39500303581934 , -28.942654844992173 , 157.00539271948537 , -0.001068 , 0.000934191 , 0.00388253058019 , 1574442205.7486448
1.04432807866 , 0.756749120815 , 0.546402298132 , -0.000345704 , 0.000292011 , 129 , -61 , 128 , 742.2369957690026 , -153.37693685033287 , 289.5938511248659 , 0.00183254 , -0.00071308 , 0.00302475530045 , 1574442205.8919923
0.931855582193 , 0.754038700834 , 0.361866538133 , -0.000282983 , 0.000215417 , 205 , -222 , 165 , 2284.486868807132 , -382.6396054657622 , 409.8872477941937 , -0.000167514 , -0.000252596 , 0.00588903489481 , 1574442206.035314
0.807720313544 , 0.774978688 , 0.203945098899 , -0.000451883 , 0.000455305 , 201 , -172 , 177 , 4173.036361026367 , -800.4308795909774 , 465.88928132430215 , 3.65578e-05 , 0.00339885 , 0.00536534178886 , 1574442206.1787012
0.68767248372 , 0.81522484595 , 0.0470529427885 , -0.000201365 , 0.000183504 , 200 , -175 , 188 , 1949.5493592316777 , -1205.9443631805864 , 742.6116427292279 , 0.00330058 , -0.00240594 , 0.0072004887626 , 1574442206.3220093
0.575489485122 , 0.873627000185 , -0.110427375107 , -0.000526144 , 0.000494855 , 202 , -226 , 181 , 484.41479549846514 , -634.8502843992726 , 654.800879728327 , -0.00151261 , 0.00244469 , 0.0040672955556 , 1574442206.465357
0.474003183373 , 0.948490068328 , -0.268201773895 , -0.000395852 , 0.000219348 , 196 , -178 , 177 , 52.90245207018988 , -169.23387625231393 , 362.66609096437395 , -0.000762288 , -0.00228885 , 0.00241247681952 , 1574442206.6087608
0.384728691413 , 1.02610424827 , -0.408184278691 , -0.000602336 , 0.000119618 , 121 , -177 , 192 , 0.06529042382844905 , -10.621293162993236 , 124.50782616257936 , -0.00374512 , -0.00169906 , 0.00440160703949 , 1574442206.7522628
0.311711137943 , 1.08437694175 , -0.515670844873 , -0.000331477 , 0.000199066 , -130 , -134 , 173 , -13.3928984865211 , 0.5864583993316679 , 9.243117376197949 , 0.000457477 , -0.00134112 , 0.00163663137228 , 1574442206.8957143
0.265633413984 , 1.10288412708 , -0.535080183774 , -0.000535225 , 0.00041005 , 0 , 93 , 0 , -117.39396070607668 , 75.06984751981238 , -2.5737755903952104 , -0.00202396 , 0.000115163 , 0.00419854730689 , 1574442207.0387878
0.284723800731 , 1.04028676959 , -0.43773940838 , -0.000357632 , 0.000241577 , -134 , 66 , 0 , -260.1063578936783 , 421.2243329230888 , -225.47705226346366 , 0.000866286 , -2.87187e-05 , 0.000977830675636 , 1574442207.1826
0.348379301172 , 0.940566509092 , -0.292022326181 , -0.000510389 , 0.000407941 , -193 , 166 , -180 , -256.9223417338884 , 1075.5951139906367 , -1838.133381140591 , -0.00210048 , 0.000913286 , 0.00237662739571 , 1574442207.3254223
0.43433355422 , 0.849817863289 , -0.12469029839 , -0.000316976 , 0.000302823 , -187 , 183 , -177 , -242.49287521147272 , 2112.742317246901 , -5099.5042893404125 , 0.000905951 , 0.000249925 , 0.00130574503642 , 1574442207.4689732
0.53505325241 , 0.775221619887 , 0.0413183653862 , -0.000361792 , 0.000243807 , -166 , 166 , -178 , -256.27848058459034 , 2303.758094562564 , -4499.702094540047 , 0.000684221 , -0.00133853 , 0.00214892724347 , 1574442207.612124
0.646126959283 , 0.717291592748 , 0.21012079764 , -0.000262497 , 0.000127312 , -192 , 166 , -230 , -225.46999883006706 , 1563.1968734931315 , -2364.285762387201 , 0.000501607 , -0.00228099 , 0.00799508262697 , 1574442207.7555513
0.765815018904 , 0.680629191225 , 0.375247218739 , -0.000559535 , 0.000454672 , -201 , 183 , -230 , -165.744439155362 , 935.7535187749012 , -842.6190952078376 , -0.00204858 , 0.00179946 , 0.00286037145651 , 1574442207.8988442
0.888568733105 , 0.665806441842 , 0.532580496188 , -0.000322059 , 0.000230275 , -165 , 165 , -242 , -96.1504242177393 , 425.5423220495011 , -206.43573896759068 , 0.00117592 , -0.0022764 , 0.00456100083631 , 1574442208.0422776
1.00872193797 , 0.673321715079 , 0.672121879645 , -0.000543058 , 0.000447596 , -171 , 230 , -187 , -24.41621029648465 , 146.36728317937627 , -17.584549031118858 , -0.00199876 , 0.00110675 , 0.0036800173114 , 1574442208.185618
1.11027005702 , 0.693751157061 , 0.75387636774 , -0.000417153 , 0.000290244 , -70 , 192 , -134 , -0.4857057788472424 , 23.69288377938884 , 0.0007592065023348805 , -0.00195961 , 0.000299412 , 0.00200271063189 , 1574442208.3303297
1.17897550076 , 0.712194168055 , 0.754023408186 , -0.000385234 , 0.000231597 , 71 , 93 , 0 , 6.037606513466945 , 0.10317593119150044 , 13.635568385698049 , -0.00138404 , -0.000590461 , 0.00267102109683 , 1574442208.476429
1.19855394944 , 0.715097194409 , 0.671239636968 , -0.000239321 , 0.000195126 , 0 , 0 , 0 , 166.97796993726976 , -5.314818614737318 , 95.20196044275455 , 0.00168857 , -0.000469711 , 0.00570232586166 , 1574442208.6197894
1.15124110441 , 0.717013357757 , 0.444062147567 , -0.000367359 , 0.00026693 , 185 , 0 , 175 , 799.1192782755052 , -76.33515626194527 , 255.73765540808554 , -0.000614654 , -0.000565173 , 0.00235103574563 , 1574442208.7632267
1.05822235742 , 0.725106997079 , 0.206738867377 , -0.000475233 , 0.000410346 , 180 , -120 , 181 , 1811.1532973424053 , -350.68706424296164 , 514.5900745662591 , -0.00134211 , 0.0012967 , 0.00309158210083 , 1574442208.9064984
0.939784498709 , 0.76435112503 , 0.048082225912 , -0.000358073 , 0.000263223 , 177 , -171 , 232 , 2321.1004032863602 , -833.0930449509372 , 926.2254461370268 , 0.00144545 , 0.000399107 , 0.00350921272311 , 1574442209.0498304
0.827489085265 , 0.822719170693 , -0.109839213322 , -0.00029712 , 0.000327513 , 160 , -230 , 222 , 582.9195971973519 , -1058.7805704769096 , 1635.4903278825404 , 0.00112976 , 0.000696589 , 0.00480186220508 , 1574442209.193199
0.725751967421 , 0.897854520013 , -0.266878409879 , -0.000289113 , 0.000214677 , 207 , -226 , 175 , 17.88894891242136 , -583.48062140539 , 1424.9957736334115 , 0.00317873 , -0.00328163 , 0.00457937887022 , 1574442209.336615
0.630690778123 , 0.968505241614 , -0.37054192446 , -0.000426825 , 0.000291867 , -139 , -188 , 194 , -1.7135653040011494 , -96.39611452298611 , 797.5833798390979 , -0.00347711 , 8.68271e-06 , 0.00351755094175 , 1574442209.4798365
0.531808942123 , 1.00020583275 , -0.373923854723 , -0.000569879 , 0.000485117 , 0 , -168 , 196 , -116.9830893562355 , -0.6049349496247451 , 240.2943976807517 , -0.00346883 , 0.00190889 , 0.00595424094613 , 1574442209.6232207
0.435296771455 , 0.979583393042 , -0.333193651121 , -0.000344798 , 0.000291189 , -188 , 68 , 206 , -537.951916423691 , 25.036192225354664 , 7.548999412426415 , 0.00144857 , 0.000361318 , 0.00200612376042 , 1574442209.7666154
0.382404533538 , 0.910499228317 , -0.272024825496 , -0.000377772 , 0.000275565 , -184 , 67 , -137 , -1068.7233910353655 , 321.25643028441436 , -16.31925238852121 , 0.000327721 , 0.0005874 , 0.0007283740543 , 1574442209.910081
0.42899658867 , 0.813506701976 , -0.206444786485 , -0.000242971 , 0.000208132 , -183 , 175 , -64 , -1304.7525514465199 , 1133.8741485840899 , -221.9258331752499 , 0.0026173 , -0.00215406 , 0.00925152162399 , 1574442210.0533228
0.514662803825 , 0.729172903128 , -0.0592572998243 , -0.000419037 , 0.000326727 , -195 , 168 , -177 , -1140.1847981016697 , 2619.102533378805 , -958.2016249566304 , -0.00192828 , 0.00130454 , 0.00502477927674 , 1574442210.196504
0.619801683476 , 0.660496787479 , 0.108074727967 , -0.000359406 , 0.000300916 , -194 , 230 , -178 , -681.2530548939895 , 3870.2745535534145 , -2188.6325255804036 , 0.000543776 , -0.000652052 , 0.00115941940271 , 1574442210.3400805
0.734254791034 , 0.610051290811 , 0.276730119775 , -0.000337969 , 0.000273337 , -195 , 230 , -177 , -329.7249561401744 , 2501.2546884622852 , -2162.7326112498686 , 0.0016042 , -1.02732e-05 , 0.00314642727649 , 1574442210.4834955
0.855856035549 , 0.580055405758 , 0.445385511583 , -0.000311349 , 0.000265047 , -195 , 175 , -187 , -265.9523614523458 , 1561.4734981893573 , -884.7356878372062 , 0.00130875 , -0.00032581 , 0.00465748942696 , 1574442210.6268158
0.981069536378 , 0.570824484987 , 0.614776105622 , -0.000377869 , 0.000285262 , -193 , 165 , -174 , -175.3036635610439 , 808.0673740080528 , -184.1516947314571 , -0.00130853 , -0.00050428 , 0.00233092700214 , 1574442210.7707639
1.10247133282 , 0.582361674513 , 0.76475736076 , -0.00050933 , 0.000493648 , -171 , 222 , -174 , -74.35756407238802 , 312.53792485264506 , -9.27614350432593 , -0.00162679 , 0.00302525 , 0.00445517985879 , 1574442210.9134128
1.21279499766 , 0.604512078699 , 0.860627731692 , -0.00038463 , 0.000287807 , -182 , 183 , -130 , -10.518332490563633 , 69.9740321065443 , 0.7560157387015012 , -7.73527e-05 , -0.00106478 , 0.0031089289318 , 1574442211.056745
1.29641020931 , 0.620940845512 , 0.882389717731 , -0.000364926 , 0.000292683 , -88 , 82 , 70 , 0.18813388794558264 , 3.273892998610007 , 51.19635012157279 , 0.00115679 , -0.00161008 , 0.00218608298469 , 1574442211.2001195
1.34197521824 , 0.599371845501 , 0.769756735931 , -0.000330974 , 0.000295461 , 68 , 70 , 182 , 75.64970471161145 , -0.8769581284646695 , 223.97305381426247 , 0.00105781 , 0.00123606 , 0.00479143739269 , 1574442211.3435793
1.32288890784 , 0.569629601336 , 0.492144373479 , -0.000360546 , 0.000234592 , 136 , 0 , 177 , 656.9932883655646 , -44.149226583065165 , 507.16860122854956 , -0.000174492 , -0.00288414 , 0.00339550824451 , 1574442211.4868543
1.24273523955 , 0.571764311351 , 0.220560669321 , -0.000397999 , 0.000290596 , 212 , -124 , 236 , 2124.0728571145155 , -250.4834359833214 , 805.4585428219738 , -0.00066231 , -0.000639693 , 0.00119697987691 , 1574442211.6302989
1.12567391966 , 0.608821961683 , 0.0591102593781 , -0.00033809 , 0.000301525 , 199 , -177 , 181 , 3387.580253443558 , -828.5609765429335 , 1084.8672117400038 , 0.00132211 , -0.000328524 , 0.00238695246513 , 1574442211.7735257
1.01296128997 , 0.665513297953 , -0.0985170989635 , -0.000539367 , 0.000447864 , 194 , -224 , 230 , 1152.299178982967 , -1586.596965357638 , 1937.015146732966 , -0.00206945 , 0.00154025 , 0.00435301186566 , 1574442211.9169118
0.910765258901 , 0.739453900965 , -0.25555629552 , -0.000262563 , 0.000213679 , 200 , -164 , 185 , 43.00218828294147 , -1194.3403489929156 , 2106.51347076318 , 0.00187609 , -0.00272757 , 0.00672045667968 , 1574442212.0602612
0.817289432286 , 0.81755574757 , -0.381864038818 , -0.000383787 , 0.000268356 , 137 , -226 , 188 , -0.4948594200276216 , -318.9101415983598 , 1385.1092201309727 , -0.000465432 , -9.37572e-05 , 0.000959889969307 , 1574442212.2035704
0.726995427369 , 0.886691583515 , -0.452443453001 , -0.000386491 , 0.000281776 , -72 , -256 , 177 , -109.27744486276437 , -22.663127424316126 , 600.3006096598318 , 4.44148e-05 , -0.00150465 , 0.00160048282959 , 1574442212.346929
0.626457874243 , 0.882970073232 , -0.408037238244 , -0.000383449 , 0.000286605 , -168 , 128 , 200 , -589.9333422588716 , 1.0939156927887583 , 106.03433030111499 , 0.000690644 , 0.000599668 , 0.00347189665852 , 1574442212.4906075
0.548622413296 , 0.815964890321 , -0.400244094595 , -0.000504089 , 0.000418935 , -256 , 63 , 168 , -1318.402318837276 , 130.85115205259984 , 0.0034563506994821987 , -0.000758991 , 0.00019522 , 0.00544177743839 , 1574442212.6337502
0.5187234134 , 0.718346137728 , -0.441562459981 , -0.000503316 , 0.000249927 , -190 , 187 , -62 , -2136.1702938146636 , 935.1103789974634 , -70.49563816414313 , 0.000487143 , -0.00146681 , 0.00330651798438 , 1574442212.7771437
0.546873681274 , 0.612922064558 , -0.387157494882 , -0.000625971 , 0.000405367 , -185 , 181 , -118 , -2396.681968992095 , 2386.2270258625426 , -247.33819575108862 , -0.00185662 , -0.000623916 , 0.00522253597355 , 1574442212.9212046
0.620065304055 , 0.514440768096 , -0.228941974756 , -0.000395326 , 0.000215923 , -194 , 168 , -172 , -1434.5194389456556 , 3250.785649064263 , -928.6663705192911 , 0.000244722 , -0.000923175 , 0.00248976332769 , 1574442213.0639682
0.711638155237 , 0.429160243619 , -0.0608747447327 , -0.000437027 , 0.000215968 , -195 , 222 , -238 , -374.4652180349289 , 2232.5018393422424 , -3019.016665737362 , -0.000443595 , 0.000271782 , 0.00522707291263 , 1574442213.2071862
0.819515228899 , 0.358545086574 , 0.112191860461 , -0.000426187 , 0.000336525 , -228 , 181 , -181 , -132.13387129620716 , 1214.6662751321253 , -3339.2453838519446 , 0.000586765 , 0.000341841 , 0.00607983345484 , 1574442213.3544984
0.933920497508 , 0.313856183554 , 0.267172490771 , -0.000544557 , 0.00037894 , -167 , 175 , -177 , -96.42726965405178 , 748.7008948337381 , -1531.2139986680797 , -0.00130017 , -0.000592114 , 0.00181052074561 , 1574442213.4978926
1.05300675923 , 0.291736523233 , 0.409801723599 , -0.000290843 , 0.00015199 , -168 , 236 , -178 , -50.601217623262066 , 400.0248403368623 , -487.0126479130804 , 0.0037894 , -0.00092736 , 0.00699724760302 , 1574442213.6412408
1.17083350973 , 0.294001561939 , 0.531404172618 , -0.00047672 , 0.000494937 , -118 , 181 , -185 , -9.621815637954052 , 134.85523836568163 , -91.36597299211782 , -0.00252891 , 0.00101927 , 0.00400882354736 , 1574442213.784563
1.27271717819 , 0.316524363214 , 0.608894487773 , -0.000455349 , 0.000287902 , -77 , 192 , -192 , -0.018781944611601622 , 26.203495383350155 , -5.248999855636146 , -0.00142558 , -0.00184993 , 0.00521390903619 , 1574442213.9279716
1.34219165408 , 0.345144996416 , 0.633597282737 , -0.000371296 , 0.000202073 , 0 , 187 , -93 , 8.00545983671961 , 0.4542502262650032 , 0.23301518431169332 , -0.000217851 , -0.00201318 , 0.00413891867921 , 1574442214.0671265
1.37324286705 , 0.367609761285 , 0.6175698741 , -0.000438387 , 0.000412904 , 0 , -99 , 102 , 114.87622638547265 , -4.496382953515401 , 19.876425836172974 , 0.000420221 , 0.000396006 , 0.00733693638471 , 1574442214.211054
1.34604985853 , 0.398291945313 , 0.510083307917 , -0.000462852 , 0.000177921 , 141 , 0 , 0 , 431.3934104150087 , -77.08797064918375 , 126.807765737348 , -0.0017058 , 0.000220076 , 0.00644879043897 , 1574442214.3539479
1.26112312589 , 0.41361925518 , 0.318783687392 , -0.000337125 , 0.000405179 , 214 , -188 , 120 , 872.6115124501736 , -320.07238778755413 , 373.44067674193246 , -0.000386608 , 0.00279339 , 0.00298417456518 , 1574442214.4972434
1.13944699884 , 0.439685543631 , 0.160568167266 , -0.000635287 , 0.000893086 , 202 , -181 , 180 , 1387.645574686442 , -770.8244747801443 , 735.5118839210612 , -0.000586987 , 0.00232999 , 0.00663486604147 , 1574442214.6405628
1.02125866336 , 0.484788420567 , 0.00338193026293 , -0.000664146 , 0.000776545 , 190 , -228 , 175 , 688.5028039225344 , -1106.0748044526886 , 1649.378797661149 , -0.00137174 , 0.00150869 , 0.00651490309982 , 1574442214.7838564
0.911926606388 , 0.547809635048 , -0.153510225848 , -0.000404741 , 1.33128e-06 , 207 , -171 , 240 , 46.59000184976647 , -705.6491528440368 , 1891.0946794032493 , -0.000900377 , -0.00327587 , 0.00586070651044 , 1574442214.9273229
0.811396806104 , 0.616455667336 , -0.282317656731 , -0.000265538 , 5.22152e-05 , 136 , -242 , 196 , -0.1003246493433579 , -139.10530037746568 , 1226.5143597722931 , 0.00107434 , -0.00302377 , 0.00615172527183 , 1574442215.0706708
0.717518509244 , 0.673037567096 , -0.367748155982 , -0.000618864 , 0.00129978 , -107 , -190 , 259 , -74.5072742655595 , -2.6393774657346967 , 505.7305290987676 , 0.0014519 , 0.00605336 , 0.00926732163993 , 1574442215.2140539
0.62394595976 , 0.668670444544 , -0.364219185273 , -0.000504498 , 0.000103533 , -152 , 68 , 175 , -448.6087846452532 , 13.61251942830509 , 80.04671975701825 , 0.00101634 , -0.00370233 , 0.00870691424628 , 1574442215.357429
0.551832588902 , 0.599050114139 , -0.354808596715 , -0.000407603 , 5.72373e-05 , -177 , 64 , 198 , -1064.8795128186814 , 260.9647636773225 , -4.0057259220715946e-07 , 0.00102625 , -0.00107431 , 0.005614433831 , 1574442215.5012734
0.537749203168 , 0.489443960235 , -0.430093305177 , -0.000328926 , 9.35553e-05 , -219 , 192 , -64 , -1680.983758428141 , 1252.753252873772 , -82.88240016029096 , 0.00134324 , -0.000972485 , 0.0065906901456 , 1574442215.6441848
0.570963348838 , 0.384516937043 , -0.366424791966 , -0.000351502 , 0.000137735 , -210 , 190 , -124 , -1900.4207242371954 , 2946.196574245206 , -406.69884096255373 , 0.000775621 , 0.000152674 , 0.00145357576852 , 1574442215.7874038
0.648664277022 , 0.28796772895 , -0.20159245176 , -0.000477226 , 0.000544459 , -191 , 228 , -171 , -1208.0633904400136 , 4244.886876029692 , -1184.5692855283262 , -0.000310998 , 0.00305577 , 0.00461798383207 , 1574442215.9314277
0.742819430477 , 0.205165124734 , -0.0335252217368 , -0.000590892 , 0.000487615 , -224 , 178 , -180 , -187.5951666461962 , 2118.1351513330756 , -3909.0705598972386 , -0.00100847 , 0.000745265 , 0.00476636822253 , 1574442216.074271
0.849452151051 , 0.142215893999 , 0.12660182419 , -0.000362104 , 0.000122182 , -195 , 180 , -228 , -52.889736281699015 , 1165.716491741616 , -3951.529830758465 , -0.000624127 , -0.00185884 , 0.00566254322207 , 1574442216.217441
0.964436369469 , 0.106495790193 , 0.261584953815 , -0.000637297 , 0.000935702 , -132 , 178 , -194 , -42.71658760877328 , 769.8832104174487 , -1801.3732334215388 , -0.00276516 , 0.00336312 , 0.0055077122606 , 1574442216.3626285
1.08356540931 , 0.0967418981651 , 0.372306409814 , -0.000495087 , 0.000200639 , -120 , 178 , -180 , -17.248929214765827 , 418.82146544833864 , -626.5246962051159 , -0.00175408 , -0.00263625 , 0.00750447069906 , 1574442216.5082903
1.1954305111 , 0.110524872598 , 0.448473360953 , -0.000443495 , 0.000110055 , -62 , 200 , -190 , -1.4769108739643204 , 173.39550589697433 , -153.4006596511671 , -0.000467336 , -0.00171171 , 0.00701004696089 , 1574442216.6516898
1.29514681895 , 0.142228819416 , 0.487292038754 , -0.000565525 , 0.000181612 , 0 , 198 , -134 , 0.13536937209767533 , 42.27293943644757 , -17.412561818899956 , -0.00394163 , 0.000175956 , 0.00526751742123 , 1574442216.795014
1.37060057187 , 0.176869456337 , 0.488468362324 , -0.000406354 , 0.000197919 , 0 , 92 , -175 , 14.28196599217533 , 1.537422555890237 , -5.289732863441632e-06 , -0.000392884 , -0.00091105 , 0.00192402085497 , 1574442216.9383886
1.4101932599 , 0.196201464456 , 0.476999207519 , -0.000478082 , 0.000245947 , 0 , -138 , 104 , 76.64796096728269 , -2.586615851671015 , 11.62248202778197 , -0.000691291 , -0.000303325 , 0.00593106888438 , 1574442217.0816863
1.39214742441 , 0.220052988127 , 0.396126962101 , -0.000478329 , 0.000126278 , 148 , 0 , 0 , 181.44091594170143 , -68.85893725652681 , 144.05510542925208 , -0.00146973 , -0.000266004 , 0.00507147063213 , 1574442217.2252936
1.31300080766 , 0.236978112032 , 0.203209896668 , -0.00053016 , 0.000502372 , 179 , -177 , 178 , 245.03153426761432 , -337.0458078422204 , 566.9711959960091 , -0.00108259 , 0.00240363 , 0.00397561047049 , 1574442217.368381
1.19579877194 , 0.275154439432 , 0.0498467112666 , -0.000378325 , -3.80622e-05 , 165 , -177 , 226 , 460.76644506827205 , -885.7265946391586 , 1168.174394661137 , 0.000535696 , -0.00265628 , 0.0045865315723 , 1574442217.5117114
1.08330666908 , 0.33326362264 , -0.107927687521 , -0.000790144 , 0.000751319 , 196 , -165 , 222 , 270.7751250067073 , -1258.6961143454218 , 2121.5518940738384 , -0.00195821 , -0.000185172 , 0.00562741636762 , 1574442217.6552553
0.981543353241 , 0.407938748232 , -0.265408005417 , -0.000395066 , 9.32074e-06 , 194 , -228 , 177 , 3.5362333876685548 , -776.3451367855355 , 2211.694145855398 , 0.00221713 , -0.00276642 , 0.00653436881676 , 1574442217.7984734
0.886585271173 , 0.478103864234 , -0.367895196428 , -0.000437494 , 3.42432e-05 , -137 , -183 , 190 , -12.737350361694357 , -150.79753990811392 , 1416.8195869458216 , -0.00105385 , -0.0018738 , 0.00688460409741 , 1574442217.9417684
0.785503224972 , 0.51131659912 , -0.36083725501 , -0.000464023 , 0.000725889 , 0 , -127 , 196 , -270.84183337293183 , -2.711234441341669 , 551.3157779065391 , 0.0019822 , 0.00466542 , 0.00751466085838 , 1574442218.0852916
0.680304298114 , 0.475407159624 , -0.265555045863 , -0.000602005 , 0.00028067 , -205 , 62 , 192 , -1030.0095382701727 , 19.42802000455335 , 52.13183147475078 , -0.000402021 , -0.00121292 , 0.00430515390356 , 1574442218.2285764
0.620103578358 , 0.39400767208 , -0.26099679203 , -0.000424302 , 0.000143561 , -198 , 66 , 187 , -1908.120142130241 , 339.14740552394545 , -0.9155909472389762 , -0.00156994 , 0.000291747 , 0.00413347241094 , 1574442218.3719006
0.619306045697 , 0.283757705598 , -0.329958761305 , -0.000465947 , 0.000205793 , -188 , 181 , -66 , -2521.238073520525 , 1310.3220981661673 , -63.44020219255061 , -0.000646149 , 0.000138187 , 0.00530973398098 , 1574442218.5154464
0.641990728856 , 0.178094420821 , -0.322018577209 , -0.000424075 , 0.000332956 , -182 , 162 , 0 , -2551.652429097401 , 3027.381533717751 , -99.6113126950049 , 0.00179107 , -0.000104661 , 0.00188229751995 , 1574442218.6586387
0.696361431061 , 0.079758122854 , -0.230559419664 , -0.000341138 , 0.000158946 , -179 , 238 , -174 , -1622.2815512298982 , 3864.083290371896 , -417.10147460033505 , 0.000875707 , -0.000756795 , 0.00152277973566 , 1574442218.802037
0.787093556357 , -0.00527588756426 , -0.0657270794578 , -0.000202633 , -3.34475e-05 , -197 , 177 , -172 , -442.12357534545373 , 2174.0614181259225 , -1408.2914888491348 , 0.00151542 , -0.00105818 , 0.00488240461553 , 1574442218.9452198
0.891278638504 , -0.0742334205319 , 0.10175198878 , -0.000281265 , 0.000196629 , -194 , 224 , -232 , -119.99202713432341 , 1045.131668488193 , -2040.5118981642056 , 0.000947439 , 0.000347077 , 0.00438445313985 , 1574442219.0886433
1.0055224652 , -0.119352298208 , 0.254379971951 , -0.000431753 , 0.000235309 , -163 , 183 , -236 , -42.34548560252431 , 520.1502475502464 , -1561.9714805785497 , -0.00279278 , 1.20045e-05 , 0.00684577528645 , 1574442219.2318947
1.12251624477 , -0.136071629414 , 0.378188027663 , -0.000454042 , 0.00019945 , -137 , 190 , -251 , -15.395566720806052 , 257.5610651496151 , -526.2888910321966 , -0.000855101 , 9.70888e-05 , 0.00253741767072 , 1574442219.37538
1.2355708761 , -0.124702735616 , 0.465088931376 , -0.00040269 , 0.000227047 , -73 , 121 , -132 , -0.8613619718115737 , 84.07565669513332 , -126.8545203453284 , -0.0019308 , -0.000233203 , 0.00639760306741 , 1574442219.5186632
1.32913715645 , -0.0920357326273 , 0.515229723535 , -0.000333369 , 0.00020525 , 40 , 164 , -87 , 1.0707415914507052 , 12.360522994704043 , -12.675577533196792 , 0.000914892 , -0.000505494 , 0.00591077440105 , 1574442219.6619997
1.39096156688 , -0.0524368647484 , 0.523905109861 , -0.000682468 , 0.000617622 , 0 , 95 , -99 , 43.33034263007268 , 0.015412905216421227 , -0.00013827868400707205 , -0.00218686 , 0.00146989 , 0.0052619948441 , 1574442219.805434
1.42118388494 , -0.0320072410953 , 0.527287040124 , -0.000542262 , 0.000629688 , 0 , 0 , 0 , 192.81417328082935 , -12.925092758620192 , 11.602566269889065 , -0.000786446 , 0.00145084 , 0.00479915473147 , 1574442219.9488518
1.39099134489 , 0.0111902879867 , 0.389069020683 , -0.000558585 , 0.000953046 , 145 , 0 , 73 , 393.10222724042393 , -134.98376427853285 , 113.54613581952616 , 0.00100288 , 0.00380072 , 0.00545812887251 , 1574442220.0920546
1.29624080662 , 0.0410075966918 , 0.239528886883 , -0.000279977 , 0.000214984 , 211 , -181 , 180 , 511.54116582065575 , -437.18080029198114 , 442.8325569846592 , 0.00163165 , -0.000131627 , 0.00278232679938 , 1574442220.235428
1.17623292272 , 0.0769531861475 , 0.0835189734497 , -0.000249608 , 0.00025235 , 198 , -226 , 187 , 1151.5022190511447 , -1009.0897755656215 , 841.5855410485087 , -0.00043707 , -0.00107554 , 0.00383017538457 , 1574442220.3789265
1.06128362274 , 0.131026799186 , -0.0738143039995 , -0.000298945 , 0.000221141 , 196 , -165 , 224 , 274.32859747359294 , -1352.184264768114 , 2017.3135340106599 , -1.22686e-05 , -4.04219e-05 , 0.00694955838694 , 1574442220.5223787
0.957817071707 , 0.202297732816 , -0.229971257879 , -0.000373426 , 0.000337397 , 209 , -177 , 234 , 6.9734350111212136 , -681.608469350446 , 2140.2869753706823 , -0.000754639 , 0.000300548 , 0.00656754613345 , 1574442220.665461
0.860582954539 , 0.268847162242 , -0.333340691568 , -0.000255153 , 0.000145798 , -104 , -188 , 208 , -9.931465696961522 , -127.36116676484521 , 1358.4964251110046 , 0.00116079 , -0.00186583 , 0.00470892565991 , 1574442220.809043
0.759547813627 , 0.298273530323 , -0.331870287105 , -0.000341667 , 0.000378436 , 0 , -200 , 118 , -223.0429569980413 , -1.3405341473062633 , 543.3672414396061 , -0.00101188 , 0.000396201 , 0.00211501456657 , 1574442220.952509
0.657002470223 , 0.261510053069 , -0.249968758564 , -0.000574247 , 0.00046576 , -182 , 124 , 134 , -933.0408407030768 , 22.92130117766941 , 55.82788088843815 , -0.00295258 , -0.000421303 , 0.00463844768493 , 1574442221.095587
0.593989489241 , 0.183513004658 , -0.229971257879 , -0.000296112 , 0.000163508 , -180 , 67 , 188 , -1771.3206008413329 , 352.57914168641173 , -0.43548067508625393 , 0.0010465 , -0.0019549 , 0.00458976494169 , 1574442221.2388766
0.596528324588 , 0.0735692670235 , -0.297609863138 , -0.000550097 , 0.000750288 , -180 , 192 , -59 , -2336.5096471706024 , 1286.9414565797688 , -53.75987108547448 , -0.00234681 , 8.19183e-06 , 0.00326875456371 , 1574442221.382388
0.631063919209 , -0.0300088073498 , -0.267466571664 , -0.000487959 , 6.07428e-05 , -187 , 166 , -121 , -2318.186693373366 , 2778.550812844099 , -121.94851407147907 , -0.00171271 , -0.0031349 , 0.00706652134407 , 1574442221.5257542
0.70224320079 , -0.122715556692 , -0.146305243983 , -0.000308421 , 7.07036e-05 , -185 , 180 , -183 , -1522.3414642922316 , 3956.9820634405037 , -405.43302730880265 , 1.16436e-05 , -0.00193836 , 0.00496482590703 , 1574442221.6690605
0.80043081136 , -0.200242840419 , 0.0207327029162 , -0.000486691 , 0.000270549 , -192 , 228 , -177 , -415.4773234191278 , 2169.0633277981697 , -1531.2071995675758 , -0.000417664 , -0.000135584 , 0.00660372598084 , 1574442221.8124804
0.911257280641 , -0.260482757752 , 0.189682175616 , -0.000370991 , 0.00010692 , -193 , 172 , -177 , -125.91309082332673 , 1118.5042239892864 , -1840.1245118574523 , 0.00100605 , -0.00105105 , 0.00399288343956 , 1574442221.9558754
1.02949681751 , -0.296071705774 , 0.34451576548 , -0.000512359 , 8.1545e-05 , -165 , 175 , -232 , -60.541788863772574 , 573.6664697944649 , -987.0201892641767 , -0.00270885 , -0.000122939 , 0.00677748832919 , 1574442222.0991457
1.14941613267 , -0.304895684122 , 0.477146247965 , -0.00034978 , 0.000170424 , -171 , 177 , -234 , -24.357052169881918 , 247.84231703592914 , -266.9930288201964 , 0.000938813 , 0.000464674 , 0.00476058734437 , 1574442222.2435772
1.26325467024 , -0.286644890862 , 0.577133751391 , -0.00039995 , 0.000333482 , -120 , 192 , -181 , -1.473090215127644 , 64.11134533308656 , -33.272410322324745 , 8.79992e-05 , 0.000463085 , 0.00277673202188 , 1574442222.3858104
1.34972196934 , -0.254050645177 , 0.621245885255 , -0.000477214 , 0.000247875 , 0 , 177 , -175 , 1.3259886417334992 , 5.321786410484584 , -0.18201767054361348 , -0.00193311 , -0.00117676 , 0.00345804467759 , 1574442222.52919
1.39602865352 , -0.224134287784 , 0.590661472442 , -0.000354827 , 6.44102e-05 , 0 , 102 , 0 , 56.743126897557396 , -0.18782075872381274 , 3.6381162963680054 , 0.00125394 , -0.000817971 , 0.00794793142918 , 1574442222.6683514
1.40003952549 , -0.206308444271 , 0.475969924395 , -0.000613096 , 0.000730697 , 99 , 0 , 0 , 342.08083707270913 , -36.90863350818372 , 60.91368261898853 , -0.00103638 , 0.00340621 , 0.00378151884048 , 1574442222.8117394
1.34220069949 , -0.174581794881 , 0.284376222978 , -0.000635443 , 0.000471153 , 228 , -62 , 127 , 897.219687577862 , -243.7356797207103 , 250.93265154506952 , -0.00319182 , 0.00107357 , 0.00452392115282 , 1574442222.9551725
1.22555268228 , -0.144090053429 , 0.123661015266 , -0.000327403 , 0.000112534 , 203 , -230 , 183 , 1322.0054242636108 , -707.9163315831935 , 657.0558016600808 , 0.00128789 , -0.0018176 , 0.00711751248801 , 1574442223.09879
1.10970598864 , -0.0947516087378 , -0.0339663430755 , -0.000525521 , 0.000272202 , 180 , -224 , 169 , 998.4478970244728 , -1515.5193318145227 , 1451.0906156773055 , -0.00198316 , -0.00101987 , 0.00585732710735 , 1574442223.2429833
1.00261371119 , -0.0275736693115 , -0.191152580078 , -0.000488194 , 0.000309834 , 197 , -234 , 166 , 85.16922413034219 , -1424.2042072569632 , 2524.22271204435 , -0.000729867 , -0.000703455 , 0.00156897443485 , 1574442223.38514
0.905407045414 , 0.0480069985851 , -0.327900195058 , -0.000432937 , 0.000358285 , 134 , -172 , 226 , -0.0013807776889537707 , -486.3642731407938 , 1901.1542778954467 , 0.0010671 , 0.000107398 , 0.00227429712923 , 1574442223.5285318
0.812567273983 , 0.117066911005 , -0.411566208954 , -0.000436934 , 0.000332184 , -71 , -194 , 253 , -76.4927273312443 , -63.21082797060645 , 1028.101239452511 , 0.000623672 , 0.00163081 , 0.00211590615767 , 1574442223.6719635
0.707569328015 , 0.127994712324 , -0.356279001177 , -0.00048079 , 0.000369055 , -128 , -120 , 177 , -539.4244541087284 , -0.0001780995349697322 , 303.5946402670981 , -0.00095252 , -0.000675285 , 0.00203654039236 , 1574442223.8162577
0.604913739311 , 0.0844012609948 , -0.273201149066 , -0.000563775 , 0.00033696 , -183 , 64 , 177 , -1407.6467386225527 , 64.23628670455534 , 11.844991836434529 , -0.0025444 , -0.000604357 , 0.00316884281459 , 1574442223.9586165
0.569074098524 , -0.00243308985973 , -0.263937600955 , -0.000436315 , 0.000316284 , -219 , 127 , -128 , -2358.7115057442343 , 568.333710099659 , -12.931745709607636 , 0.00031459 , -0.000387179 , 0.000683306917587 , 1574442224.1019382
0.619141197946 , -0.100583504066 , -0.197181238373 , -0.000410084 , 0.000302593 , -193 , 241 , 0 , -2728.785991828035 , 1566.5661387098996 , -85.34227456168051 , 0.00136282 , 0.000128924 , 0.00286193591343 , 1574442224.245324
0.673631121943 , -0.196112359749 , -0.140423626135 , -0.000394175 , 0.000344093 , -185 , 185 , -123 , -2340.5548864814596 , 3298.655732973124 , -263.4099765290956 , 0.00214648 , -0.00024738 , 0.00370539302894 , 1574442224.3886185
0.770900166489 , -0.273092469243 , 0.0241146331791 , -0.000415 , 0.000362214 , -204 , 172 , -177 , -1239.9495453420116 , 3394.8249552796306 , -982.3367038360042 , 0.00097609 , -0.000859175 , 0.00550650215167 , 1574442224.532114
0.881297480119 , -0.332832755757 , 0.193358186772 , -0.000493525 , 0.000385985 , -196 , 181 , -234 , -753.7294900680458 , 1944.1293433014396 , -584.3892022794844 , -0.00122709 , 0.000424119 , 0.00504944588016 , 1574442224.675332
1.00039137262 , -0.373197009964 , 0.362013578579 , -0.000436358 , 0.000337458 , -193 , 172 , -177 , -383.426079081996 , 1013.3553712903159 , -581.1901989215013 , 0.000629315 , -0.00119672 , 0.00135334431083 , 1574442224.8186681
1.1243036059 , -0.393248407495 , 0.529492646817 , -0.00047184 , 0.000362536 , -171 , 181 , -240 , -233.79538832462757 , 407.24236895102985 , -86.63595266163229 , 0.000338457 , 0.00042867 , 0.00120304762838 , 1574442224.9622412
1.24572866945 , -0.398968649407 , 0.673886365 , -0.000430486 , 0.000341359 , -178 , 183 , -180 , -90.74211382098262 , 94.84530071549048 , -0.6209846194134578 , 0.000966353 , 0.000222524 , 0.00183850279053 , 1574442225.1052964
1.34734411085 , -0.404234250975 , 0.759169823804 , -0.0014199 , 0.0012464 , -187 , 130 , 66 , -8.994854211808955 , 3.9104854778439253 , 10.651955058770396 , -0.00288446 , 0.000715288 , 0.00459749589548 , 1574442225.2486897
1.40295416868 , -0.424526705783 , 0.754611569971 , -0.000189455 , 0.000220936 , 98 , -78 , 0 , 1.5816774541741612 , -2.0577617958805052 , 127.14073777781324 , 0.00321626 , -0.000985189 , 0.00412307129113 , 1574442225.3920646
1.38441068205 , -0.466121172525 , 0.631979837829 , -0.00034866 , 0.000302621 , 0 , 0 , 199 , 185.4437500230333 , -81.91319368785672 , 362.23091601120205 , 0.00150701 , 0.00236325 , 0.00459915097977 , 1574442225.5360951
1.29617653357 , -0.484531894688 , 0.426711374914 , -0.000364369 , 0.000313047 , 207 , -175 , 234 , 1309.2696387021551 , -414.09945986430984 , 558.5330021313072 , 0.000537504 , -0.000273088 , 0.00250622750816 , 1574442225.6787763
1.17085219877 , -0.47205970334 , 0.266731369433 , -0.00040317 , 0.000245945 , 225 , -177 , 174 , 3351.2842026331905 , -1090.54973399002 , 668.1266751138984 , -0.000998739 , -0.00216066 , 0.00407790564331 , 1574442225.8221567
1.0473120117 , -0.439059056194 , 0.107633606629 , -0.000302933 , 0.000291335 , 195 , -164 , 174 , 3523.393864908821 , -1740.2257372437005 , 765.7847752917065 , 0.00230397 , 0.00062843 , 0.00267209799407 , 1574442225.9655573
0.930509157039 , -0.38688045471 , -0.0508759943901 , -0.000368829 , 0.000219668 , 199 , -220 , 181 , 1167.7382075228272 , -1686.7373394465953 , 1039.5365864168093 , -0.00110656 , -0.000241375 , 0.00461041747175 , 1574442226.1088443
0.82349493331 , -0.317091372681 , -0.209826716748 , -0.000215463 , 0.000149566 , 195 , -169 , 177 , 218.23152874997504 , -786.5872780982044 , 835.0447273225433 , 0.00076516 , 0.00056663 , 0.00278736791016 , 1574442226.252237
0.728599893601 , -0.233469917271 , -0.364219185273 , -0.000192146 , 0.000163955 , 165 , -180 , 168 , 8.12487609834162 , -219.1629489552502 , 522.7701033769209 , -0.00086276 , -0.000285616 , 0.00117412665001 , 1574442226.3956254
0.641406264359 , -0.156815969829 , -0.470088306547 , -0.000335986 , 0.00028531 , -107 , -194 , 200 , -2.927521729285472 , -22.531221926197862 , 209.80563514839844 , 0.000200388 , -0.000785284 , 0.00447914070501 , 1574442226.5389934
0.55182732522 , -0.121926162465 , -0.492585494818 , -0.000416358 , 0.000179893 , 0 , -173 , 217 , -101.24646677038821 , 0.04479004777708141 , 29.52667328534677 , -0.000630023 , -0.000924097 , 0.00431064029656 , 1574442226.682546
0.47077716178 , -0.134800932898 , -0.454502019248 , -0.000276628 , 9.66261e-05 , -145 , 69 , 92 , -430.6981917056733 , 52.31297276516015 , -0.31718376850709584 , 0.00125004 , -0.00110645 , 0.004166375792 , 1574442226.8256824
0.429009679982 , -0.211904540444 , -0.419800473942 , -0.000381432 , 0.000489681 , -231 , 92 , 0 , -828.3284393825202 , 384.96742374036995 , -132.88084652088787 , 0.00171977 , 0.00148382 , 0.00511638831089 , 1574442226.968955
0.478588634244 , -0.313578112472 , -0.313343190882 , -0.000498258 , 0.000729957 , -174 , 185 , -178 , -989.8636150895658 , 1128.4978262326956 , -724.1180745645536 , -0.000809102 , 0.00349574 , 0.0055129470132 , 1574442227.1146882
0.564396807252 , -0.40872148491 , -0.141011787919 , -0.000311003 , 0.000265548 , -198 , 175 , -166 , -937.4162900742301 , 2457.2123667424717 , -1712.4628882804227 , 0.00184567 , 0.000317973 , 0.00642372207581 , 1574442227.2598207
0.663452095748 , -0.485595518472 , 0.0274965634421 , -0.000377244 , 0.000332597 , -196 , 226 , -181 , -422.61664464035044 , 2605.675192222434 , -3637.7860302580243 , -0.000168753 , -0.00217302 , 0.00302328146627 , 1574442227.4033592
0.77424737231 , -0.545068495032 , 0.19615195525 , -0.000233416 , 9.1589e-05 , -192 , 222 , -181 , -285.7886572479054 , 1614.7495499163756 , -2429.2053959917394 , 0.000929905 , -0.00137976 , 0.00230039670203 , 1574442227.5466058
0.89344267836 , -0.585045067492 , 0.364660306611 , -0.000238087 , 0.000215248 , -197 , 177 , -180 , -224.51799705605134 , 861.2910489590662 , -732.087599679801 , 7.65675e-05 , 0.000234727 , 0.00348243343303 , 1574442227.689936
1.01690476488 , -0.603315640688 , 0.527875201909 , -0.000477404 , 0.000286436 , -192 , 232 , -238 , -130.19022452685778 , 340.64272652305397 , -127.53329425996382 , -7.42967e-05 , 0.00109159 , 0.0074316708891 , 1574442227.83319
1.13722982443 , -0.602462346777 , 0.668004747151 , -0.000339641 , 0.000229053 , -209 , 175 , -128 , -37.76014866325309 , 74.59227954322864 , -3.698220238949599 , -0.000336619 , -0.000483603 , 0.00530931704866 , 1574442227.9765596
1.23212515273 , -0.599224904625 , 0.740789768027 , -0.000565317 , 0.000224649 , -154 , 136 , 74 , -0.787771431667726 , 2.703808473045863 , 2.1962124454676584 , -0.00219654 , -0.00250811 , 0.00441819153991 , 1574442228.119977
1.27993455483 , -0.614145306346 , 0.719027781988 , -0.000512306 , 0.000127173 , 98 , 0 , 0 , 11.94089303644104 , -2.0235752867173558 , 60.26420654739178 , -0.00198473 , 0.00115353 , 0.00835696620634 , 1574442228.2632747
1.26657785075 , -0.637309989955 , 0.647125003789 , -0.000542792 , 0.000254113 , 0 , 0 , 99 , 318.44526448877076 , -74.34131720076022 , 220.35353148792805 , -0.00244837 , -0.000621814 , 0.00370311007332 , 1574442228.406719
1.17830146701 , -0.646904933066 , 0.425093930005 , -0.000374004 , -3.78276e-05 , 212 , -118 , 168 , 1437.3405619903276 , -380.3319461832917 , 402.5859961160133 , 0.00105298 , -0.00249604 , 0.00606466264543 , 1574442228.5500255
1.05364969547 , -0.634732135852 , 0.264819843632 , -0.000331543 , -2.85447e-05 , 182 , -175 , 224 , 2875.6529946316177 , -1017.6496106020594 , 543.8461120236736 , 0.00149725 , -0.0006429 , 0.00251784793475 , 1574442228.6933327
0.931528845935 , -0.601503966329 , 0.108221768414 , -0.000402268 , 0.000110317 , 206 , -180 , 175 , 3937.354170832549 , -1561.16751561977 , 646.9670140433443 , -0.000885686 , -1.42345e-05 , 0.0026123252985 , 1574442228.8366241
0.815711766196 , -0.549789477599 , -0.0498467112666 , -0.000401521 , 0.000124371 , 202 , -224 , 168 , 1097.609748606537 , -1614.5517440077858 , 1025.0943125675847 , -0.000548067 , 0.0005102 , 0.0057687825992 , 1574442228.9800057
0.709564513648 , -0.480716861289 , -0.207327029162 , -0.000515644 , 0.000552953 , 171 , -188 , 228 , 203.5237411217848 , -746.1425777679053 , 814.6150061981343 , -0.00132466 , 0.00142216 , 0.00292975874729 , 1574442229.1233954
0.614967069078 , -0.397981812716 , -0.35966093144 , -0.000509879 , 0.000363209 , 169 , -222 , 180 , 8.553835244930157 , -209.4661075623172 , 521.6983083191029 , -0.000596065 , -0.000596141 , 0.00174176384212 , 1574442229.2668939
0.527807262176 , -0.32249666676 , -0.464206688698 , -0.000384573 , 0.000396021 , -105 , -187 , 162 , -2.591659771682696 , -21.748988022327847 , 212.18280443127495 , -2.33699e-05 , -0.000146805 , 0.00510819344007 , 1574442229.410275
0.438224794418 , -0.28773462915 , -0.486556836523 , -0.000332392 , 0.00012252 , 0 , -86 , 215 , -96.23631196034592 , 0.020551446680569168 , 30.735441962404156 , -0.000962463 , -0.00114678 , 0.0033107488284 , 1574442229.553465
0.358413000633 , -0.299941102538 , -0.450384886754 , -0.000483443 , 0.000604732 , -143 , 65 , 175 , -416.6449139103069 , 44.51051249647583 , -0.15488308536862777 , -0.000378114 , 0.00200843 , 0.00220814054634 , 1574442229.6968052
0.315363061332 , -0.372966636833 , -0.403626024858 , -0.000528467 , 0.000365701 , -196 , 134 , -68 , -802.523711752588 , 352.96170881700806 , -108.27581669272405 , -0.00256643 , 0.000977707 , 0.00376013130713 , 1574442229.8402445
0.357203691495 , -0.474711659683 , -0.319077768285 , -0.000389708 , 0.000136768 , -183 , 188 , -185 , -958.205835945588 , 1015.8772445667682 , -649.2237930662881 , 0.000648252 , -0.0011772 , 0.00166379592662 , 1574442229.9834864
0.440813387635 , -0.568711307927 , -0.151892780939 , -0.000273879 , 5.47366e-05 , -193 , 226 , -242 , -932.4362328525339 , 2169.865169968054 , -1548.388080671621 , 6.12346e-05 , -0.00138213 , 0.00425474166948 , 1574442230.127025
0.539784558985 , -0.647142068009 , 0.0182330153306 , -0.000382095 , 0.000142196 , -193 , 174 , -228 , -460.16377443568405 , 2529.128027846073 , -2885.3326986169404 , -0.000201572 , -0.00125277 , 0.00448343417048 , 1574442230.270259
0.650806411727 , -0.708071648354 , 0.188064730708 , -0.000192899 , -0.000255022 , -195 , 177 , -228 , -263.4495739466281 , 1465.5001308858182 , -2346.5361825450404 , 0.00248991 , -0.00341984 , 0.00540699730366 , 1574442230.4137208
0.770550541992 , -0.749213852599 , 0.357749405639 , -0.000290842 , 0.000202571 , -194 , 224 , -242 , -212.7013385762361 , 765.4617710220379 , -748.400146005623 , 0.000266766 , 0.00137848 , 0.00277143329555 , 1574442230.5569427
0.894958845964 , -0.768173791071 , 0.522875826738 , -0.000398877 , 0.00027006 , -166 , 183 , -183 , -111.70819731395476 , 287.200928190666 , -130.214410811658 , 0.000152945 , 0.000605942 , 0.00123323439215 , 1574442230.7001998
1.0154834559 , -0.766228565127 , 0.660505684394 , -0.000719064 , 0.00102237 , -183 , 172 , -121 , -27.974285071284157 , 54.23939979352165 , -3.887877555083395 , -0.00162547 , 0.00377102 , 0.00747259436098 , 1574442230.8437471
1.10801962157 , -0.761979274102 , 0.732261422147 , -0.000531035 , 0.000156675 , -121 , 138 , 0 , -0.10066941380316186 , 1.0071696040046576 , 1.902635456519604 , -5.23232e-05 , -0.00265655 , 0.00629065524897 , 1574442230.9870417
1.1524483658 , -0.77557173138 , 0.711087597892 , -0.000209985 , -8.6099e-05 , 96 , 0 , 0 , 22.281349329142515 , -5.128982089398128 , 47.11895777317027 , 0.00134274 , -0.00118499 , 0.0073222861195 , 1574442231.130472
1.14272890605 , -0.771554616386 , 0.687708166944 , -0.000316926 , 5.11752e-05 , 0 , 0 , 72 , 403.98262828384225 , -112.42806087524447 , 181.01005768981807 , 0.0021935 , -0.00284524 , 0.00572011776771 , 1574442231.2737868
1.04656032389 , -0.781643237555 , 0.506554337208 , -0.0003227 , 0.000101001 , 215 , -124 , 168 , 1594.6344785265374 , -458.97843203387964 , 322.33089501188454 , 0.00155434 , 0.00093385 , 0.0027022770642 , 1574442231.4176588
0.921124426589 , -0.778682305244 , 0.348632897974 , -0.000260542 , 9.84097e-05 , 203 , -178 , 174 , 3004.4793353005684 , -1163.279050131158 , 443.12242140258076 , 0.000544143 , 0.00109421 , 0.00490556143134 , 1574442231.5603757
0.796439432705 , -0.756346473034 , 0.190564418294 , -0.000403869 , 0.000132878 , 199 , -220 , 228 , 4311.381988746099 , -1757.8247408372401 , 655.1058412172063 , -0.000318611 , 0.00029881 , 0.00221627169486 , 1574442231.703988
0.677099270321 , -0.714552443197 , 0.0332311408444 , -0.000443363 , 0.000141952 , 199 , -175 , 183 , 1543.0779487574355 , -1557.5712200423332 , 930.8336641192403 , -0.00134602 , -0.000651118 , 0.00317368128121 , 1574442231.847193
0.565673754936 , -0.654243964052 , -0.124102136605 , -0.000518941 , 0.000335434 , 201 , -234 , 185 , 394.40580011064316 , -726.432808325626 , 790.6575354556055 , -0.000240705 , 0.000553555 , 0.0035118647746 , 1574442231.9904761
0.465124609987 , -0.577988158072 , -0.281876535393 , -0.000372468 , 0.00010924 , 198 , -180 , 228 , 37.770349505085605 , -232.62147597445662 , 506.0411473891428 , -0.000343091 , -0.00100262 , 0.00315857848704 , 1574442232.1337235
0.37516117899 , -0.498796622935 , -0.414212936985 , -0.000594529 , 0.000119113 , 140 , -194 , 196 , 5.053691123141178e-05 , -30.300184198223572 , 230.32553921752873 , -0.000274523 , -0.000432746 , 0.0053212451699 , 1574442232.277161
0.296230938529 , -0.438825659355 , -0.517435330228 , -0.000412233 , -1.73154e-05 , -77 , -133 , 215 , -26.338886958838017 , -0.002756016885960717 , 49.76299340633748 , -0.00138394 , -0.000796133 , 0.0035887830308 , 1574442232.4204977
0.226826701702 , -0.424300797733 , -0.556695129367 , -0.000401397 , 9.32616e-05 , -49 , 70 , 153 , -200.90152815695603 , 24.120626604376227 , 0.06555138384086716 , 0.00203171 , -0.00130672 , 0.00528231979291 , 1574442232.5639067
0.172207777444 , -0.473232422108 , -0.493173656602 , -0.000450072 , 0.000299566 , -141 , 70 , -68 , -517.4587064057654 , 249.1388388586958 , -38.51970546039218 , 0.0018898 , 0.00128072 , 0.00482282496556 , 1574442232.7071457
0.185040492802 , -0.577121086332 , -0.454502019248 , -0.000607664 , 0.000114966 , -198 , 194 , -127 , -707.156228537261 , 798.748910056421 , -530.1553193602389 , 0.00016055 , -0.000147711 , 0.00374165554616 , 1574442232.8506148
0.253060045641 , -0.679852755562 , -0.291728245289 , -0.000398863 , 0.000114781 , -193 , 232 , -172 , -691.6425189259618 , 1502.368475471677 , -1930.587868669722 , 0.000503322 , -0.000992107 , 0.00116061366612 , 1574442232.994111
0.339456221313 , -0.770875835534 , -0.123072853481 , -0.000408961 , 0.000189998 , -199 , 174 , -180 , -502.5548571870611 , 2343.1397308694695 , -2963.6794603670173 , 0.000674958 , -0.000310853 , 0.0049281964563 , 1574442233.138086
0.439884833069 , -0.84627157961 , 0.0455825383264 , -0.00100309 , 0.000693949 , -192 , 183 , -232 , -186.6063977593966 , 1235.5782170910445 , -3639.687431293989 , -0.00497039 , 0.00261936 , 0.0080874544325 , 1574442233.281254
0.55156064232 , -0.900914527915 , 0.206591826931 , -0.000381445 , 0.000157576 , -191 , 177 , -247 , -159.27196174111518 , 670.9956193400693 , -1489.1585782952352 , 0.000779976 , -0.00193174 , 0.00589295993044 , 1574442233.4240494
0.670120773529 , -0.93512537341 , 0.363778063934 , -0.00041277 , 0.000138989 , -171 , 174 , -228 , -87.29717227822363 , 283.3755321723384 , -406.4155526137568 , -0.000608679 , -0.00156375 , 0.00378777795383 , 1574442233.5673928
0.790544799081 , -0.94556759894 , 0.506407296762 , -0.000482265 , 0.000192696 , -174 , 181 , -242 , -21.640397086425306 , 64.16882384017144 , -59.597328388619005 , -0.00164014 , -0.0017226 , 0.00254848501968 , 1574442233.7106733
0.890932958722 , -0.936210759102 , 0.614334984283 , -0.000320113 , 0.000194898 , -129 , 134 , -134 , -0.2758427176033605 , 3.1446813944279075 , -0.8192976470701868 , 0.000621989 , -0.00142392 , 0.00316001915224 , 1574442233.8544626
0.94587102891 , -0.923680808805 , 0.666534342689 , -0.000243793 , 7.14904e-05 , 42 , -96 , 0 , 9.619700032839456 , -1.2650754187572484 , 2.5738033131784963 , 0.00223298 , -0.00132193 , 0.00664327939841 , 1574442233.997422
0.941032195475 , -0.923399438326 , 0.660505684394 , -0.000519223 , 0.000448333 , 0 , 0 , 0 , 196.86685147934273 , -68.14777446431235 , 40.72455344287148 , -0.00223289 , 0.00214756 , 0.00468431158627 , 1574442234.141358
0.879393092688 , -0.887441017119 , 0.593455240921 , -0.00032459 , 0.000178679 , 185 , -87 , 70 , 942.4559551182919 , -361.79641996492666 , 144.80436399033727 , 0.000572673 , -0.00210373 , 0.00766531316828 , 1574442234.2842278
0.762433191572 , -0.883740328058 , 0.470382387439 , -0.000318592 , 0.000231529 , 202 , -228 , 181 , 2175.744164048452 , -868.2014460063572 , 265.4683212125008 , -0.00123046 , -8.5339e-05 , 0.00214835535623 , 1574442234.4278288
0.636319009387 , -0.876247314698 , 0.313196150436 , -0.000345661 , 0.000141435 , 200 , -230 , 183 , 3388.4895377756247 , -1241.4894709106718 , 308.81306052084847 , 0.00193751 , -0.00156962 , 0.00488581400962 , 1574442234.570835
0.512394352026 , -0.849484659769 , 0.155862872987 , -0.000403733 , 0.000140106 , 202 , -190 , 177 , 2016.3004153693641 , -1306.0193465733826 , 742.1545408162485 , -0.00175805 , 5.60137e-05 , 0.00495465036339 , 1574442234.71424
0.394158945352 , -0.803414635403 , -0.002058566247 , -0.000362702 , 0.000237536 , 180 , -185 , 224 , 720.2430646541234 , -646.4308545746787 , 746.7625937991878 , 0.000271746 , 0.000334709 , 0.00253499107825 , 1574442234.8574746
0.284301512703 , -0.739238990319 , -0.16042112682 , -0.000308483 , 0.00059214 , 198 , -175 , 174 , 130.73580137014173 , -226.62937106761524 , 484.5627628219442 , 0.00301754 , 0.00354584 , 0.00556474022442 , 1574442235.000913
0.186868293586 , -0.664918257923 , -0.310108301066 , -0.000421713 , 0.000480162 , 169 , -181 , 230 , 5.258471184100824 , -33.84054076118142 , 241.44719517699562 , -0.00152479 , 0.000365457 , 0.00252484962401 , 1574442235.1441536
0.103830938498 , -0.605481037997 , -0.436710125256 , -0.000153889 , 0.000149043 , -111 , -187 , 219 , -1.2010513950955684 , -0.06160253971356393 , 63.748118787501035 , 0.00168442 , -0.00178211 , 0.003163508908 , 1574442235.287855
0.0346070703913 , -0.59052757052 , -0.497878950881 , -0.000251034 , 0.000404445 , 0 , 0 , 199 , -55.81045045903497 , 15.383660363067929 , 1.311078928909848 , 0.00027782 , -0.000159 , 0.00507334842584 , 1574442235.4309247
-0.00216275947935 , -0.612578290229 , -0.524640312092 , -0.000272297 , 0.000342566 , -133 , 0 , -140 , -238.3789989864317 , 188.45182863949753 , -14.322015388510904 , 0.00128723 , -0.000444477 , 0.00235492760271 , 1574442235.5743272
0.0131306520586 , -0.708840965673 , -0.462295162897 , -0.00020994 , 0.000118483 , -222 , 162 , -66 , -399.6718199547118 , 630.9408851724115 , -349.22380984797746 , 0.000873777 , -0.00198096 , 0.00451235745119 , 1574442235.7177758
0.0797293450227 , -0.811604255371 , -0.301285874293 , -0.000250295 , 0.00018703 , -194 , 181 , -238 , -363.3516251478417 , 1201.1936109823307 , -1492.3709819354822 , 0.00329437 , -0.000449605 , 0.00460347508438 , 1574442235.861072
0.165557286334 , -0.903280592255 , -0.131748239808 , -0.000258227 , 0.000306318 , -190 , 185 , -180 , -260.84464382358897 , 1503.649802360133 , -3417.842757125696 , 1.97891e-05 , -0.000955113 , 0.00355116072767 , 1574442236.0071054
0.267986041787 , -0.981587887557 , 0.0399950013703 , -0.000423109 , 0.000265885 , -193 , 183 , -178 , -109.68304804396625 , 854.7007164336645 , -3497.0327804261196 , 0.00132845 , -0.00141717 , 0.00545083438492 , 1574442236.151748
0.379022870012 , -1.03340020907 , 0.192328903648 , -0.000134043 , 3.28264e-05 , -199 , 230 , -166 , -81.84368850041359 , 453.38608799208583 , -1477.255727030769 , 0.0020097 , -0.00191562 , 0.00623499358608 , 1574442236.2952151
0.49601046677 , -1.06176559917 , 0.329076518627 , -0.000427457 , 0.000624296 , -136 , 177 , -238 , -34.1302176887521 , 170.8157558262663 , -445.0057192828329 , -0.000542982 , 0.00316503 , 0.00341409363692 , 1574442236.438668
0.609231869721 , -1.06404796236 , 0.447149996937 , -0.000436167 , 0.000276386 , -111 , 194 , -190 , -2.0985990203392255 , 28.69950525466762 , -79.4008928050737 , -0.00233427 , -0.00177527 , 0.00393620410623 , 1574442236.5819376
0.698781492926 , -1.04576810811 , 0.536109466897 , -0.000309679 , 0.000158136 , -78 , 173 , -134 , 0.6056617155102145 , 0.23087232367740954 , -4.791349606398364 , -0.000146414 , -0.00131263 , 0.00565557470399 , 1574442236.7252448
0.748522270683 , -1.01959413407 , 0.601101344124 , -0.000230501 , -0.000168999 , 0 , 0 , -141 , 48.98069905659111 , -5.930495405107321 , 0.17404095182275295 , 0.000414158 , -0.00298188 , 0.00595314076537 , 1574442236.868608
0.741733984976 , -0.98522450269 , 0.601542465462 , -0.000340937 , 0.000334198 , 0 , 0 , 101 , 310.9950045701892 , -112.4246557232673 , 16.272225623410108 , 0.00097203 , 0.000443535 , 0.0010720503518 , 1574442237.011906
0.664729518854 , -0.94076037415 , 0.549637187949 , -0.000423199 , 0.000251617 , 173 , -192 , 70 , 904.8953812945527 , -435.7076214020941 , 91.82998938096412 , -0.000370449 , -0.00134579 , 0.00426228168981 , 1574442237.1553094
0.551718558684 , -0.921727387592 , 0.457442828172 , -0.000138472 , 2.47352e-05 , 207 , -180 , 123 , 2053.0474601486744 , -946.0822344961206 , 194.63096970423507 , 0.0015296 , -0.00108623 , 0.00386069066118 , 1574442237.2988539
0.42864852242 , -0.909694028155 , 0.311578705528 , -0.000247007 , 0.000257254 , 207 , -183 , 168 , 2450.321907174823 , -1465.3245351237554 , 405.9428030464974 , 0.00011063 , 0.000944492 , 0.00320280052327 , 1574442237.4418952
0.305020069551 , -0.882884369613 , 0.153510225848 , -0.000462752 , 0.000669793 , 199 , -180 , 168 , 1270.937716903458 , -1138.9291673191478 , 824.988083220317 , -0.000638034 , 0.00346981 , 0.00665008009209 , 1574442237.5856054
0.187867702673 , -0.836187660808 , -0.002058566247 , -0.000678598 , 0.000948608 , 197 , -220 , 232 , 430.6305452174981 , -523.859565462907 , 883.6872488910045 , 0.000943513 , 0.00281715 , 0.00776995507867 , 1574442237.728666
0.0789284606342 , -0.772600598506 , -0.159538884142 , -0.000808649 , 0.000388 , 198 , -172 , 222 , 58.7486589150362 , -152.74551483855205 , 606.4445538691954 , -0.00145869 , -0.000908046 , 0.00203264192022 , 1574442237.8719723
-0.0176022942016 , -0.705143118497 , -0.30216811697 , -0.000492484 , 0.000412338 , 127 , -188 , 183 , 0.303488222052766 , -14.698631357718375 , 273.4130414699018 , -0.000114579 , 0.000358611 , 0.00335302172808 , 1574442238.0153563
-0.101040130829 , -0.655577297608 , -0.425976172683 , -0.000396931 , 0.000119584 , -76 , -133 , 140 , -9.490869431589017 , 0.03622699667052004 , 68.79221993754864 , -0.000882802 , -0.00113742 , 0.00254788537246 , 1574442238.15891
-0.169285515287 , -0.643784859205 , -0.499349355343 , -0.000363189 , 0.000181997 , 0 , 0 , 156 , -111.95008454822367 , 40.51433386250203 , 1.0102022342079366 , 0.00112529 , 0.000901057 , 0.00176732627597 , 1574442238.302125
-0.215940095337 , -0.682429310777 , -0.479204814212 , -0.000439876 , 0.000145211 , -136 , 69 , -68 , -347.1634207814409 , 284.2968449054189 , -17.22410520623273 , -0.00076597 , 0.00123221 , 0.00276620267766 , 1574442238.4454224
-0.194645575068 , -0.786592091727 , -0.427446577145 , -0.000541552 , 2.13308e-05 , -171 , 194 , -64 , -454.45482933972295 , 787.2908469719056 , -379.91876239646274 , -0.00199587 , -0.0017706 , 0.00842820911431 , 1574442238.5887797
-0.124057238306 , -0.887269517943 , -0.26643728854 , -0.000680784 , 0.000241065 , -224 , 169 , -238 , -379.2203449865829 , 1268.4477834957913 , -1754.32405512855 , -0.00118661 , -0.000443242 , 0.00252738020968 , 1574442238.7321599
-0.0353229360832 , -0.976211968945 , -0.0979289371787 , -0.000619291 , 0.000319037 , -171 , 224 , -183 , -248.977716537728 , 1802.7097359186532 , -3331.817237333365 , -0.00150728 , -0.000143061 , 0.00165117280069 , 1574442238.8755279
0.0671241631484 , -1.04797936033 , 0.0671974839199 , -0.000437621 , 9.90862e-05 , -195 , 171 , -181 , -77.61890970718215 , 862.3933540928853 , -3538.434959459264 , 0.000967959 , -0.000721916 , 0.00273892139238 , 1574442239.019426
0.179608739182 , -1.09361095419 , 0.212179363887 , -0.000440264 , 0.000352297 , -132 , 172 , -187 , -53.552793670789114 , 440.5145744401944 , -1505.2758725447718 , -4.81681e-05 , 0.000838047 , 0.00526455418626 , 1574442239.162293
0.296013294088 , -1.11374617977 , 0.332899570229 , -0.000482709 , 0.000124038 , -121 , 236 , -230 , -16.060043015424256 , 167.85479186649488 , -462.2182562877205 , -0.00353381 , 0.000188567 , 0.00399207050033 , 1574442239.3055253
0.406558744216 , -1.10738944081 , 0.430681466961 , -0.000468286 , 0.000676494 , -107 , 196 , -249 , -0.15039219067641568 , 33.69905117584212 , -95.19855065108723 , 0.00088328 , 0.00418729 , 0.00755645885299 , 1574442239.4489572
0.493836991726 , -1.07921896857 , 0.495379263296 , -0.000587866 , 0.0011238 , 41 , 138 , -202 , 4.4974191205224985 , 0.6375147897934045 , -7.932320267333486 , 0.00161588 , 0.00590934 , 0.00687084012694 , 1574442239.5923417
0.541095225557 , -1.04269727421 , 0.533903860204 , -0.000542612 , 0.000790609 , 0 , 0 , -96 , 76.87652067677271 , -5.065383611276053 , 0.0004228705609521317 , -0.000842496 , 0.00170652 , 0.00190653422624 , 1574442239.7355893
0.532620274668 , -0.998409094328 , 0.512435955057 , -0.000400928 , 5.64619e-05 , 146 , 0 , 74 , 359.2102381647506 , -97.02494624712486 , 10.528527406401887 , -1.495e-05 , -0.00420462 , 0.00548765967889 , 1574442239.87899
0.462706667572 , -0.946671321607 , 0.447591118276 , -0.00046619 , 0.000403351 , 168 , -162 , 67 , 852.3477589175527 , -419.4079606064181 , 87.3950328180756 , -0.00106053 , 0.000738093 , 0.00381718372364 , 1574442240.022386
0.352617694672 , -0.915818359144 , 0.355984920285 , -0.000178846 , 1.83973e-05 , 211 , -180 , 177 , 1575.2596428342335 , -982.5449742649552 , 252.16075913083827 , 0.00309945 , -0.00151864 , 0.00807967465197 , 1574442240.1661162
0.229060797142 , -0.893145581108 , 0.20041612819 , -0.000279053 , 0.00018811 , 178 , -180 , 180 , 1519.890356879884 , -1514.2800323452263 , 609.0637102638389 , -0.000100441 , 0.000757649 , 0.00288858280326 , 1574442240.309053
0.109222483106 , -0.852804571116 , 0.0444062147567 , -0.000473283 , 0.000410781 , 196 , -228 , 177 , 618.1845703897394 , -1264.5915885938316 , 1167.6791779130472 , 0.00134283 , -0.000798515 , 0.00167633990388 , 1574442240.4524312
-0.00281298931826 , -0.793938243034 , -0.113956345816 , -0.000174744 , 0.000177992 , 192 , -222 , 174 , 144.10995839769248 , -572.9610991390691 , 1263.606155837089 , 0.0032137 , 5.27312e-05 , 0.00398921081247 , 1574442240.5958214
-0.104928209206 , -0.722270818505 , -0.260408630245 , -0.000406625 , 0.000248022 , 189 , -175 , 228 , 3.3659631425015233 , -149.45443443501708 , 789.8828157877135 , -0.000133561 , -0.00127249 , 0.00339836169806 , 1574442240.73918
-0.198038196485 , -0.659556559187 , -0.365395508842 , -0.000453203 , 0.000381083 , -122 , -185 , 247 , -4.012688580832908 , -10.254399312138123 , 356.16517310062585 , -0.00124223 , 0.00152208 , 0.00363812477259 , 1574442240.882475
-0.290351603047 , -0.636503817497 , -0.400538175488 , -0.0006322 , 0.0013636 , 0 , -69 , 215 , -100.82586013542414 , 0.49940201624482145 , 68.59913127278189 , -0.000638056 , 0.00654897 , 0.00750374651908 , 1574442241.0259187
-0.372065687776 , -0.65909277652 , -0.380393634356 , -0.000504062 , 0.000380991 , -142 , 0 , 177 , -411.7041971208404 , 69.98555024634487 , 0.06129478212739444 , -0.000754461 , -0.000858599 , 0.00187346649061 , 1574442241.1691344
-0.40610251688 , -0.744082348895 , -0.370836005352 , -0.000288398 , 0.000169148 , -193 , 128 , -69 , -755.2448921604974 , 397.5927611177072 , -40.45651780312263 , 0.00125617 , -6.42897e-05 , 0.00280024099979 , 1574442241.3124366
-0.37914159903 , -0.8483280539 , -0.336281500492 , -0.000545126 , 0.000220477 , -171 , 192 , -63 , -851.5130991343491 , 1079.476323656119 , -369.11781951464627 , 0.000969677 , -0.000126611 , 0.00649968647857 , 1574442241.4559267
-0.299607913979 , -0.942245800955 , -0.174242928764 , -0.000416809 , 0.000673727 , -200 , 177 , -249 , -776.6600542690587 , 2085.3033930060133 , -1054.5190162158196 , 0.000154553 , 0.00226761 , 0.00545498206306 , 1574442241.5992923
-0.203114575875 , -1.02266043092 , -0.00676386052585 , -0.000257319 , 0.000281378 , -198 , 178 , -236 , -263.8198799128456 , 1793.7656745112452 , -2211.1991075329247 , -0.00019385 , -0.000906858 , 0.00231190809237 , 1574442241.7426085
-0.0947577503442 , -1.08552818482 , 0.161156329051 , -0.000180429 , 0.000139107 , -193 , 222 , -180 , -62.28797048449098 , 779.1326906877833 , -2647.8238255028937 , -0.000329233 , -0.00141147 , 0.00554454479888 , 1574442241.8859158
0.0215520365856 , -1.11974759178 , 0.303785561879 , -0.000324314 , 0.000129183 , -167 , 175 , -185 , -31.61665606798653 , 376.2757423059572 , -1015.7027863598909 , -0.000387226 , -0.00112704 , 0.00353175986918 , 1574442242.0293188
0.137889738313 , -1.12461798555 , 0.412448451631 , -0.000427909 , 0.000419066 , -105 , 247 , -242 , -5.373522584614811 , 117.60339800639251 , -282.452938319987 , -0.00129951 , -6.42499e-05 , 0.00146805342296 , 1574442242.1727135
0.242625779171 , -1.10276023578 , 0.496702627312 , -0.000490331 , 0.000178723 , -61 , 194 , -187 , 0.11979383947617471 , 18.135402572562743 , -49.97920851825365 , -0.00159871 , -0.00221317 , 0.00640591822563 , 1574442242.3160043
0.318917960125 , -1.0676361226 , 0.546402298132 , -0.000466176 , 0.000327877 , 0 , 182 , -99 , 31.003957165143714 , 0.02344840830491736 , -2.7120734771171784 , 0.000903668 , -0.0014349 , 0.00582333758296 , 1574442242.4593418
0.351200002411 , -1.02377360322 , 0.544637812777 , -0.000350023 , 2.05441e-05 , 0 , -73 , -98 , 205.87166235250774 , -11.245593229495269 , 0.14378191422525965 , 0.000960147 , -0.00120681 , 0.00155607812058 , 1574442242.602642
0.32746288523 , -0.962078824656 , 0.448179280061 , -0.000453019 , 0.000286956 , 185 , 0 , 68 , 628.1989488098689 , -141.0695566273937 , 19.30437933537348 , -0.000544852 , 0.000655504 , 0.00232009108906 , 1574442242.7460418
0.251609590698 , -0.904374249167 , 0.406566833782 , -0.000505392 , 0.00022621 , 164 , -173 , 0 , 1437.934738608809 , -496.27930241487655 , 90.81801319248613 , 0.0014234 , -0.000183348 , 0.00189279868425 , 1574442242.8894246
0.142111492895 , -0.869575397807 , 0.313490231329 , -0.000236276 , 5.75247e-05 , 208 , -238 , 178 , 2134.995767113992 , -1070.2691687398292 , 288.25225187297235 , 0.000923921 , -0.000654432 , 0.00638005604372 , 1574442243.0326328
0.0193068564421 , -0.842248597291 , 0.158215520126 , -0.000313792 , 6.56197e-05 , 198 , -226 , 185 , 812.343497235367 , -1685.5305503791967 , 926.6881068825711 , 0.000636682 , -0.0010738 , 0.00295350416171 , 1574442243.1760864
-0.0987146847395 , -0.796631831901 , 0.000882242677286 , -0.00050388 , 0.000323014 , 177 , -181 , 174 , 303.81167131955164 , -1197.136266057618 , 1512.4284096015876 , -0.000710004 , 0.00133106 , 0.0023326611147 , 1574442243.319486
-0.208276179903 , -0.73311435875 , -0.157039196557 , -0.000231139 , -2.92754e-06 , 189 , -169 , 177 , 41.71849648620567 , -528.6046067278007 , 1538.390667037363 , 0.00345958 , -0.00154291 , 0.00425645006902 , 1574442243.463468
-0.308076694135 , -0.664445579408 , -0.284964384763 , -0.000373972 , 0.000327571 , 139 , -234 , 174 , -0.0005124965544936382 , -112.1692770363052 , 943.1198076070394 , 0.00162806 , 0.00146989 , 0.00232228696859 , 1574442243.606176
-0.400988842394 , -0.608960707851 , -0.372894571599 , -0.000247272 , 0.000518632 , -74 , -133 , 250 , -36.83738106378643 , -3.757071944202415 , 376.9966457266272 , 0.00281158 , 0.00155429 , 0.00327946962742 , 1574442243.7497675
-0.489156538355 , -0.602429157835 , -0.408037238244 , -0.000452363 , 0.000317128 , -46 , 128 , 200 , -268.6925553174536 , 4.506914014060543 , 57.73665294438005 , -0.000638772 , 0.00040601 , 0.00237148692589 , 1574442243.8928668
-0.562830321413 , -0.667246254317 , -0.393333193623 , -0.000280259 , 0.000466427 , -180 , 0 , 95 , -698.0697581344106 , 128.4157794677828 , 0.0031791381063938687 , 0.00226477 , 0.00211979 , 0.00343568427056 , 1574442244.0363781
-0.587051503881 , -0.764755562449 , -0.420829757065 , -0.00043907 , 0.0003119 , -250 , 190 , -62 , -1149.5447755408136 , 668.0869344017816 , -44.304910864088086 , -0.000596078 , -0.000494918 , 0.00160159289512 , 1574442244.1796565
-0.565143146738 , -0.870977018654 , -0.388186778006 , -0.000428077 , 0.000297401 , -187 , 128 , -62 , -1232.2656020013605 , 1537.4387344843005 , -376.66701072207644 , -0.000780435 , -0.000210953 , 0.00174050872076 , 1574442244.3229418
-0.490444271681 , -0.968923732848 , -0.226001165831 , -0.000392475 , 0.000385599 , -194 , 177 , -183 , -655.4405628983163 , 1986.4742430633892 , -1025.3604869475657 , 0.000667831 , -0.000482582 , 0.00175639372889 , 1574442244.466384
-0.39819033216 , -1.05400495245 , -0.0586691380395 , -0.000416989 , 0.000364996 , -199 , 169 , -188 , -146.26950292428245 , 1081.8856508001336 , -2342.9982940781756 , -0.000756226 , -0.000859265 , 0.0020883426427 , 1574442244.6098082
-0.292742423112 , -1.11804532039 , 0.0983700585173 , -0.000379404 , 0.000488015 , -199 , 175 , -183 , -19.223430049228067 , 372.1812391741575 , -2717.09450139201 , -0.00064047 , 0.000670999 , 0.00337336124678 , 1574442244.7529993
-0.17923336689 , -1.15223796565 , 0.221884033337 , -0.000403042 , 0.000370489 , -136 , 181 , -181 , -3.9681485630359443 , 158.30748876689228 , -1149.5266387735883 , 0.000780125 , 1.40658e-05 , 0.00127420060401 , 1574442244.8962927
-0.0696560155131 , -1.15355105917 , 0.309667179727 , -0.000400872 , 0.000355547 , -74 , 125 , -196 , -7.544416662028933e-07 , 39.85593277968768 , -401.8718658615457 , 0.00159575 , 7.34291e-05 , 0.00244736755558 , 1574442245.039643
0.0239029938811 , -1.12742914227 , 0.383187402834 , -0.000411387 , 0.000284451 , 0 , 171 , -168 , 11.51903335699801 , 2.442581448286619 , -121.06001060856596 , 0.00229106 , -0.00182364 , 0.00410234170439 , 1574442245.1829414
0.0910361268975 , -1.08364904953 , 0.450678967647 , -0.000434327 , 0.000320993 , 0 , 96 , -148 , 117.03963285207783 , -0.7102472877758155 , -21.872676517292522 , -0.000981728 , -4.93901e-05 , 0.00170009739202 , 1574442245.3269296
0.112041286605 , -1.01007693919 , 0.423770565989 , -0.000412299 , 0.000360679 , 165 , 0 , -91 , 374.08302739893503 , -38.84948777319803 , -0.193417764498136 , -0.000479958 , -0.000931504 , 0.00316878674636 , 1574442245.469881
0.0826812087331 , -0.933459308238 , 0.364366225719 , -0.00040261 , 0.000331405 , 198 , -68 , 66 , 774.0514419470763 , -216.45364605722963 , 2.31171134712753 , 0.000325746 , -0.000584426 , 0.00170936546309 , 1574442245.613088
0.00122387184845 , -0.867349627273 , 0.350397383328 , -0.000471989 , 0.000287714 , 160 , -177 , 0 , 1646.9756115121381 , -545.919094051987 , 26.929082663333137 , -0.000978707 , -0.00101281 , 0.00335046508586 , 1574442245.7564452
-0.0855974080961 , -0.799940537135 , 0.345986169942 , -0.000440633 , 0.000323361 , 218 , -196 , 61 , 1223.4400825087469 , -1137.8332048571745 , 221.77383626544807 , -0.00274787 , -0.00292983 , 0.00405027036089 , 1574442245.8997657
-0.205043988213 , -0.773091461005 , 0.204239179792 , -0.000479992 , 0.000335205 , 206 , -168 , 180 , 385.232877393346 , -1324.0037878233425 , 674.3216695420942 , -0.0024831 , 0.00033158 , 0.00415159451952 , 1574442246.043211
-0.325175750424 , -0.733009665558 , 0.0471999832348 , -0.000423532 , 0.000391003 , 194 , -220 , 224 , 117.32965570524398 , -711.7907628290262 , 891.1311766347801 , -0.000884712 , -0.000170596 , 0.000942537122686 , 1574442246.1865203
-0.437203009084 , -0.680154074569 , -0.0957233304855 , -0.000489492 , 0.000369003 , 163 , -220 , 230 , 24.119369695835278 , -332.1390352092709 , 1536.0300668606008 , -0.00147571 , 0.00100832 , 0.00428582066308 , 1574442246.3298352
-0.542521015135 , -0.62420972169 , -0.204974382023 , -0.000400771 , 0.000345105 , 137 , -236 , 188 , -0.08500834077530232 , -55.530922421053525 , 965.9186058793392 , 0.000371238 , 0.000120037 , 0.00209962927623 , 1574442246.4734182
-0.63746639845 , -0.584040054941 , -0.290698962166 , -0.000420387 , 0.000326659 , -74 , -171 , 180 , -48.94899247176197 , -0.1604776810977907 , 349.0258743666547 , 4.14479e-05 , 0.000397207 , 0.00127888476188 , 1574442246.616637
-0.724800540727 , -0.595704823576 , -0.319812970516 , -0.000425426 , 0.000344623 , -79 , 67 , 137 , -268.457323733996 , 16.839100723346064 , 45.027932334418196 , -0.000884512 , 0.00125668 , 0.00300746822769 , 1574442246.759988
-0.79174784774 , -0.666561172305 , -0.301138833847 , -0.000380124 , 0.000299903 , -187 , 68 , 140 , -615.3147599437812 , 219.1468164938638 , 0.001179303564367019 , 0.00165455 , 0.000159644 , 0.00166414423645 , 1574442246.9033022
-0.798581499903 , -0.773234896188 , -0.355249718054 , -0.000463329 , 0.000261496 , -219 , 190 , -121 , -931.6543938353324 , 812.5633080467999 , -49.69183297256505 , 0.000176492 , -0.00102063 , 0.0024350888311 , 1574442247.0469725
-0.767452071192 , -0.877694679766 , -0.317901444715 , -0.00043235 , 0.000293432 , -187 , 190 , -122 , -881.0363789896404 , 1659.1636178084188 , -385.28773893117346 , -0.00104835 , -0.000437149 , 0.00328232265196 , 1574442247.190096
-0.68572859004 , -0.970232989297 , -0.154686549417 , -0.000388957 , 0.000288657 , -198 , 175 , -168 , -462.9630727267064 , 2231.1029804675863 , -1026.5166386584756 , 0.0018076 , -0.00103325 , 0.00408757283435 , 1574442247.3333457
-0.587942228669 , -1.04853494538 , 0.0136747614979 , -0.000428688 , 0.000285265 , -195 , 185 , -238 , -47.25641557887833 , 927.4149286059439 , -2387.6858191663355 , -0.000376104 , -0.000468815 , 0.00144708167449 , 1574442247.4767213
-0.477454954951 , -1.09835028994 , 0.152922064063 , -0.000434053 , 0.000268544 , -168 , 228 , -244 , -1.2169418413875737 , 287.4549600906669 , -2617.610104519836 , -0.00123192 , -0.00140631 , 0.00299216839347 , 1574442247.6201186
-0.363969686734 , -1.11514788506 , 0.248057232763 , -0.000411646 , 0.000302577 , -105 , 187 , -249 , 2.8880201576660494e-06 , 115.2241026911882 , -1219.9553267188442 , -0.000732196 , 0.000168116 , 0.0010369668006 , 1574442247.763384
-0.259548363459 , -1.1015255516 , 0.309226058388 , -0.000422834 , 0.000265427 , 37 , 164 , -253 , 7.280609968756365 , 35.06876098149631 , -485.3501217162311 , -0.00167621 , -0.00149517 , 0.00321009554104 , 1574442247.9067547
-0.172440471135 , -1.06205329315 , 0.354808596715 , -0.000404439 , 0.00025561 , 66 , 92 , -259 , 80.2743858300077 , 2.3208441378844866 , -180.33658037874062 , 2.40994e-05 , -0.00120145 , 0.00397139186331 , 1574442248.0501907
-0.116054343966 , -0.990275766202 , 0.352308909129 , -0.000396356 , 0.00025938 , 132 , 67 , -124 , 302.3834628804154 , -0.6940244943761855 , -43.763043988579646 , 0.000540333 , -0.000725294 , 0.00113746512024 , 1574442248.1934907
-0.0939667869196 , -0.896518684605 , 0.285699586994 , -0.000273991 , 0.000416671 , 205 , 0 , -175 , 631.5803406690198 , -42.19008972706634 , -2.952652780348861 , 0.00161146 , 0.0022573 , 0.00301758325885 , 1574442248.336857
-0.108252675678 , -0.807362678 , 0.258644144891 , -0.000197204 , 0.000385495 , 202 , -69 , -69 , 1182.8451476220384 , -213.00429640796227 , 0.09781164068654015 , 0.00255513 , 0.000221722 , 0.00257917365358 , 1574442248.480205
-0.170842177795 , -0.721388591471 , 0.287169991456 , -0.000428118 , 0.000207859 , 192 , -198 , 64 , 1173.8879717637417 , -576.7731854787431 , 29.62140129310673 , 4.95701e-05 , -0.00124775 , 0.0021264114687 , 1574442248.6235404
-0.253930461019 , -0.649505034378 , 0.279817969146 , -0.000249556 , 0.000369442 , 168 , -202 , 66 , 350.8135203688929 , -1085.2099859218042 , 323.3383636733173 , 0.0025925 , 0.000136399 , 0.00330391272314 , 1574442248.7668407
-0.373901063195 , -0.617820065152 , 0.129248552222 , -0.000476185 , 0.000251214 , 226 , -234 , 181 , 69.60515721425797 , -1130.581545304526 , 873.2633938110145 , -0.00244836 , -0.000149075 , 0.00419703966716 , 1574442248.9114246
-0.489532777946 , -0.577771503414 , -0.004117132494 , -0.000354022 , 0.000250214 , 137 , -238 , 185 , 13.532665881198351 , -721.1138890836271 , 1434.7672561432826 , 0.00204176 , -0.000751021 , 0.00268615456311 , 1574442249.0536163
-0.599599768332 , -0.537646491848 , -0.0979289371787 , -0.000396011 , 0.000205455 , 105 , -178 , 192 , 0.03348883255771768 , -371.1507478190214 , 2280.8975301827427 , 6.37303e-05 , -0.00101748 , 0.00563455538043 , 1574442249.1968746
-0.706832749202 , -0.506675031311 , -0.142629232828 , -0.000373336 , 0.000263821 , -71 , -206 , 168 , -39.95276612694609 , -42.332591101872936 , 1247.3729531084052 , 0.00226581 , -0.000300827 , 0.00275724546721 , 1574442249.3403645
-0.805633533554 , -0.499542880483 , -0.161744490836 , -0.000415261 , 0.000259727 , 0 , -80 , 134 , -285.4862585729315 , -4.857262884754215e-06 , 411.89487963583684 , -0.00119655 , 0.000587704 , 0.00230878836096 , 1574442249.4836466
-0.894611775676 , -0.561680083388 , -0.0914591575452 , -0.000411182 , 0.000262072 , -186 , 62 , 171 , -647.5122910834722 , 30.029293537848474 , 59.91157490361295 , 0.000208952 , 0.000159593 , 0.00500947476976 , 1574442249.6272812
-0.93658291862 , -0.654788570463 , -0.0985170989635 , -0.000402727 , 0.000251889 , -197 , 128 , 133 , -977.6208805053504 , 260.8660395454575 , 0.32734633226845194 , -0.00108773 , -0.00037807 , 0.00139725968636 , 1574442249.7704892
-0.91871389986 , -0.763768577876 , -0.166449785114 , -0.000439779 , 0.000235259 , -183 , 234 , -121 , -1231.7977362638087 , 862.9981455066513 , -10.412182329869891 , -0.00101109 , 0.000148715 , 0.00125261491107 , 1574442249.9137373
-0.865348862387 , -0.860271410959 , -0.121896529912 , -0.000383784 , 0.000214841 , -188 , 198 , 0 , -897.4426076110888 , 1795.3461640129067 , -56.92503629002738 , 0.00141395 , -0.000629215 , 0.00229929648798 , 1574442250.0570822
-0.819410749302 , -0.958050771544 , -0.107927687521 , -0.000425318 , 0.000252688 , -173 , 188 , -127 , -317.4255056430995 , 2106.591531093043 , -336.4071978779526 , -0.0014186 , -0.00085825 , 0.0052969487269 , 1574442250.2004483
-0.720765336014 , -1.03140453467 , 0.0524934392985 , -0.00037085 , 0.000291259 , -203 , 166 , -185 , -24.67048298631075 , 754.9989927602362 , -979.5849346641539 , 0.000745332 , 0.00158127 , 0.00247768921086 , 1574442250.3442597
-0.608917211427 , -1.07496182563 , 0.186594326246 , -0.000388229 , 0.000258814 , -136 , 181 , -196 , -0.3121851609353396 , 253.6490638540435 , -750.3543737946727 , 0.000399706 , 5.16422e-05 , 0.00399826465023 , 1574442250.4870446
-0.496371589683 , -1.08029745498 , 0.261731994261 , -0.000381605 , 0.00029012 , 71 , 200 , -198 , 7.596444699174205 , 21.972157498170077 , -1005.4585270961127 , -0.000206141 , -0.000469061 , 0.00239380440356 , 1574442250.6305342
-0.403850713839 , -1.04567952677 , 0.295404256444 , -0.000380848 , 0.000275198 , 0 , 88 , -175 , 85.13698587233084 , 3.465463541174357 , -508.60794063348305 , 0.00116667 , 0.000496925 , 0.00140856803362 , 1574442250.7742453
-0.339634889678 , -0.974303515013 , 0.293492730644 , -0.000161654 , 0.000434291 , 113 , 65 , -133 , 403.919335784713 , 1.0296783005137137e-06 , -238.93844541651507 , 0.0038254 , 0.00214519 , 0.0043862180614 , 1574442250.9176285
-0.301635630271 , -0.872723146765 , 0.259526387568 , -8.79637e-05 , 0.000198725 , 247 , 0 , -200 , 1011.1911583365819 , -12.78774695081296 , -86.91451382721753 , 0.00205918 , -0.00154965 , 0.00272727869248 , 1574442251.0607073
-0.280817819888 , -0.772182715983 , 0.244381221608 , -0.000238187 , 0.000415611 , 168 , 0 , -200 , 1605.8755396582758 , -114.11669006207633 , -10.418916108467595 , 0.00274335 , 0.0013345 , 0.00317765393644 , 1574442251.203908
-0.307640241972 , -0.672019692031 , 0.298639146261 , -0.000409735 , 0.000277205 , 196 , -129 , -62 , 1459.7272909617943 , -376.0380084836775 , 0.0009343261475411547 , 0.000160623 , -0.000290189 , 0.00050102587496 , 1574442251.3472087
-0.375271570192 , -0.583572223546 , 0.35422043493 , -0.000235369 , 2.60924e-05 , 235 , -162 , 0 , 584.134017552883 , -696.1728952861804 , 39.73826900162675 , 0.00249793 , -0.00324159 , 0.0040943786261 , 1574442251.4905646
-0.462892460079 , -0.517679156729 , 0.348485857528 , -0.000470183 , 0.000248901 , 171 , -162 , 66 , 146.3660083807381 , -1046.3359456576457 , 313.14625389803547 , -0.00217044 , -0.00149325 , 0.00268959228703 , 1574442251.6340513
-0.583156071126 , -0.498416290605 , 0.208650393178 , -0.000406322 , 0.00029534 , 162 , -181 , 174 , 50.276629137842 , -822.1235714780252 , 754.1797857197685 , 0.000515996 , 0.00228286 , 0.00334482316718 , 1574442251.7774408
-0.700734094779 , -0.472222753205 , 0.0888124295134 , -0.000385834 , 0.000278795 , 136 , -236 , 174 , 11.59981314440908 , -466.7810922170783 , 1324.0100435950574 , 0.00167508 , -0.00242008 , 0.00387901295457 , 1574442251.920743
-0.813334197694 , -0.4472452278 , 0.0072049818645 , -0.00036591 , 0.000234309 , 64 , -198 , 238 , 0.001821340002236043 , -196.777383010122 , 2128.857005308252 , 0.00117595 , -0.000645505 , 0.00363394486831 , 1574442252.0640996
-0.921645827553 , -0.431988977325 , -0.0345545048603 , -0.000263904 , 5.07939e-05 , 0 , -244 , 168 , -32.405820120937754 , -11.713999769423832 , 1096.9051433116858 , 0.00180159 , -0.00129779 , 0.00238822896575 , 1574442252.2073908
-1.01807626154 , -0.43704185622 , -0.064550755888 , -0.000248013 , 0.00013027 , 0 , -137 , 188 , -204.5469061744162 , 0.8218453265279897 , 329.3962206340437 , 0.00123374 , 8.59872e-05 , 0.00178485209781 , 1574442252.3507721
-1.09725473321 , -0.50370543719 , -0.018527096223 , -0.000263326 , 7.70087e-05 , -173 , 0 , 175 , -434.4363148674916 , 63.17816186031524 , 43.84030898885446 , 0.00298366 , 0.000493496 , 0.00387620115417 , 1574442252.4942005
-1.12032734652 , -0.607475428851 , -0.0582280167008 , -0.000349723 , 0.000156491 , -227 , 133 , 134 , -615.4420667767941 , 367.1443668405299 , 0.09466451266713455 , -0.000203036 , 6.53964e-05 , 0.00178479251075 , 1574442252.6415384
-1.09585141252 , -0.715609463339 , -0.122190610804 , -0.00035487 , 0.000150777 , -180 , 180 , -61 , -772.1155125271925 , 1090.1929702891478 , -16.470159793382656 , 0.00218773 , -0.00110231 , 0.00660306492482 , 1574442252.7848132
-1.04154704355 , -0.810942960334 , -0.0869009037126 , -0.000258257 , 2.55361e-05 , -173 , 196 , -66 , -544.4350071346797 , 2320.37924252237 , -96.08498090662567 , 0.00288431 , 1.91658e-05 , 0.00429393334256 , 1574442252.928216
-0.964081395523 , -0.893549479162 , 0.00808722454178 , -0.000364803 , 8.45543e-05 , -177 , 232 , -171 , -111.77147732811592 , 1950.7739136579025 , -606.4139817461787 , -0.000302501 , 0.000441109 , 0.000587005474746 , 1574442253.0716984
-0.855917590755 , -0.948607789137 , 0.157480317895 , -0.000372092 , 9.50285e-05 , -167 , 188 , -181 , -0.3455080748965112 , 644.7346608065651 , -1389.4317569379414 , 0.000201421 , 0.000493729 , 0.000562516549586 , 1574442253.2149434
-0.742059804935 , -0.966141969741 , 0.25555629552 , -0.000501509 , 0.000546757 , 104 , 188 , -202 , 4.896686836375824 , 160.4881354543066 , -1422.637911747994 , -0.000320789 , 0.0028258 , 0.00356493273414 , 1574442253.3583963
-0.640158393861 , -0.934262957471 , 0.261143832476 , -0.000322381 , 7.39208e-05 , 0 , 180 , -175 , 73.5225669593544 , 34.57430545217227 , -1110.369253452943 , 0.00160428 , -0.000683596 , 0.00428882435333 , 1574442253.5016325
-0.556811906968 , -0.872978305236 , 0.225707084939 , -0.000282679 , 5.51856e-05 , 110 , 129 , -188 , 324.3749208247674 , 10.968674659498348 , -633.7885716563735 , 0.00191152 , 6.89613e-05 , 0.0037437592162 , 1574442253.6449714
-0.49409955982 , -0.778947689164 , 0.148069729338 , -0.000382681 , 0.000278142 , 209 , 64 , -181 , 957.6155780521109 , 0.3463994554307745 , -337.99345197563775 , 0.00106124 , 0.000423759 , 0.0040256988511 , 1574442253.7883713
-0.440034947695 , -0.681877763178 , 0.112485941354 , -0.00038832 , 0.000225317 , 184 , -66 , -244 , 1411.3508753071135 , -8.749495833613235 , -107.57214567983749 , 0.000208427 , -0.00071937 , 0.00397635081999 , 1574442253.9316666
-0.403170720992 , -0.584454793728 , 0.102634231458 , -0.000677947 , 0.000151176 , 180 , 0 , -164 , 1436.7200529245995 , -123.38074513575819 , -6.749706719866001 , -0.00286632 , -0.00151771 , 0.0054410268954 , 1574442254.0749717
-0.422740953713 , -0.484183140478 , 0.145864122645 , -0.000303926 , 0.000395977 , 192 , -129 , 65 , 524.0869560800841 , -415.55317326871307 , 2.23385594889631 , 0.000865253 , 0.000468488 , 0.00118180840433 , 1574442254.2183795
-0.494567378079 , -0.400760418921 , 0.140276585688 , -0.000320399 , 0.000238772 , 162 , -196 , 64 , 130.83609362253554 , -714.6152450643827 , 116.2090708854087 , -0.00115794 , -0.000824858 , 0.00264071929335 , 1574442254.361769
-0.595847292715 , -0.346612371713 , 0.0435239720794 , -0.000534656 , 0.000604918 , 202 , -181 , 183 , 11.865624486857614 , -1080.781489456135 , 628.0811835281036 , -0.0015113 , 0.00188226 , 0.00288903910089 , 1574442254.5050528
-0.707212157617 , -0.30630034565 , -0.0635214727645 , -0.000240739 , 4.03898e-05 , 104 , -183 , 192 , 0.8644513732239627 , -959.7321139785464 , 1491.4481254414222 , 0.000874277 , -0.00307906 , 0.00413497968821 , 1574442254.6486206
-0.81612878601 , -0.275269522878 , -0.115132669386 , -0.000152317 , 0.000150229 , -64 , -196 , 204 , -1.7953839310029522 , -505.0690381937972 , 2110.619659193283 , 0.00134218 , -0.000694453 , 0.00183161484085 , 1574442254.7919414
-0.925034538851 , -0.264615763068 , -0.102340150565 , -0.000297942 , 0.000494255 , 0 , -162 , 227 , -111.53406209249229 , -100.89873596482998 , 1528.6368454539986 , 0.000247349 , 0.0022214 , 0.00396831315904 , 1574442254.9353127
-1.03086702785 , -0.29666019128 , -0.00808722454178 , -0.000402182 , 0.000185517 , -139 , -175 , 181 , -475.22773151792666 , -1.120512800831166 , 535.9319277358865 , -0.00180929 , -0.000908749 , 0.00367932883439 , 1574442255.0785446
-1.11466151536 , -0.372115192344 , 0.083077852111 , -0.000496648 , 0.000597905 , -180 , 64 , 164 , -872.361536714107 , 5.127053878913004 , 88.34401975652992 , 0.000274093 , -0.000318967 , 0.00197167406275 , 1574442255.2218673
-1.15163731664 , -0.468043998638 , 0.0993993416408 , -0.000794358 , 0.000550926 , -256 , 0 , 175 , -1012.3576746974408 , 98.01332161566285 , 4.763944294885247 , -0.00068358 , -0.00118526 , 0.00328060354302 , 1574442255.365341
-1.14289495667 , -0.569847062163 , 0.0561694504538 , -0.000246914 , 0.000178817 , -186 , 134 , 129 , -824.0818070432617 , 369.68521658149984 , 0.02448698285558689 , 0.00340023 , -0.00256913 , 0.00557955434832 , 1574442255.5085874
-1.0993359969 , -0.670482807925 , 0.010292831235 , -0.000206277 , 0.000616438 , -160 , 192 , 0 , -440.2643093154747 , 947.9096519722522 , -1.326473956141245 , 0.000574713 , 0.0022451 , 0.00559131354324 , 1574442255.6518955
-1.0354612738 , -0.759537990936 , 0.0374953137846 , -4.75365e-05 , 0.000205434 , -175 , 180 , 0 , -130.358474529315 , 1303.9490547456442 , -50.96389486619748 , 0.00269208 , -0.00103669 , 0.00329014608984 , 1574442255.7952528
-0.964718094368 , -0.838184139834 , 0.0677856457048 , -0.000352802 , 0.000475897 , -182 , 194 , -63 , -6.164613116647383 , 844.2065114881746 , -297.0857016682132 , -0.000662021 , 0.00115603 , 0.00260884745659 , 1574442255.9391603
-0.85516628745 , -0.868017357971 , 0.166302744668 , -0.000414802 , 0.000344229 , 104 , 190 , -240 , 2.9485883858412256 , 197.40452325949138 , -584.4756323604367 , -0.000623672 , -0.0018537 , 0.00487331132091 , 1574442256.0820348
-0.749791268694 , -0.845683965872 , 0.168361310915 , -0.000112651 , 0.000151248 , 0 , 166 , -171 , 83.8330925305129 , 28.083981228384218 , -602.0850461017492 , 0.00107985 , -0.00072483 , 0.00391002551955 , 1574442256.225474
-0.661376298497 , -0.790330544503 , 0.122631732143 , -0.00024812 , 0.000387912 , 108 , 127 , -238 , 497.10526169370917 , 0.1138441137942309 , -742.3305155941018 , 8.51642e-05 , -6.72272e-05 , 0.00199691982771 , 1574442256.3688283
-0.59020992593 , -0.702770000263 , 0.0476411045734 , -0.000178654 , -3.2691e-05 , 210 , 60 , -188 , 1372.4322958403757 , -0.42226530971831977 , -514.8611800950509 , 0.000733087 , -0.00366328 , 0.00407732851275 , 1574442256.5120742
-0.527409198214 , -0.611672167133 , 0.0149981255139 , -0.000301634 , 0.00104024 , 190 , -63 , -182 , 2040.8258077647752 , -45.94165317845122 , -185.979969364034 , -0.000230489 , 0.00575966 , 0.00650845740473 , 1574442256.6554847
-0.47946865269 , -0.516848388619 , 0.0183800557768 , -0.000644621 , 0.000658129 , 166 , -64 , -194 , 1882.8194964590364 , -318.2163978604334 , -22.40064923512485 , -0.00144407 , -0.00026242 , 0.00331581903086 , 1574442256.7989705
-0.494633114274 , -0.400132296062 , 0.142629232828 , -0.000344868 , 0.000134718 , 186 , -236 , -130 , 733.5322474981444 , -817.7448927432356 , 0.17341238104169027 , 0.00121845 , -0.00260226 , 0.00307004852804 , 1574442256.9422827
