-0.00106456876869 , -0.00335252217368 , -0.000882242677285 , -1.13746e-05 , -8.29042e-06 , -162 , 0 , 109 , -938.8778727572638 , 79.88601409265546 , 153.2154945808626 , 5.15596e-05 , -0.000263607 , 0.0052199752496 , 1574442358.2518404
-0.0151753530569 , -0.0915673159077 , -0.0814604072027 , -0.000611227 , 0.000527428 , 174 , 188 , 171 , -35509.31655324606 , 3708.3724520969486 , 4954.128548672213 , -0.0160095 , 0.0131923 , 0.0225320610252 , 1574442358.3951156
-0.0143638876143 , -0.0953055781559 , -0.454060897909 , -0.000805919 , 0.000722783 , -197 , -137 , -107 , 112012.2298089121 , -10121.853380449778 , -13369.808938683094 , -0.00890618 , 0.0103438 , 0.0163009142441 , 1574442358.5387347
-0.012871290743 , -0.0918061481341 , -0.000882242677285 , -0.00117428 , 0.00142447 , -188 , -174 , -228 , 109064.36408875573 , -3553.8020502506206 , -22819.23363700645 , -0.00889383 , 0.00967124 , 0.0185348061446 , 1574442358.6861236
-0.0249732921956 , -0.097047758012 , 0.46376556736 , -0.00058067 , 0.000523292 , -220 , -185 , 62 , 168465.80353406412 , -8755.48693584967 , -34263.228127850176 , -0.00307396 , -0.00165035 , 0.0106853556466 , 1574442358.829375
-0.0915045187485 , -0.194765367972 , 0.643448992633 , -3.0973e-05 , 0.000430774 , -180 , -226 , 181 , 58753.92000433263 , -344936.79991492716 , 44.82051552133394 , 0.0015677 , 0.00339164 , 0.00932425352905 , 1574442358.972638
-0.123024068879 , -0.289605855032 , 0.839453907437 , 1.9452e-05 , 0.00016195 , -199 , 133 , 0 , 166121.07115664013 , -112484.31458154676 , -6338.474007545527 , 0.00284149 , -0.00358391 , 0.00568598045465 , 1574442359.1159978
-0.0333792791467 , -0.265502929154 , 0.974437037062 , -0.00013528 , 0.000451167 , 187 , -136 , 74 , 140533.05965738598 , -824.7605656028595 , -46733.41873575954 , 0.00308987 , 0.0019987 , 0.00664471246003 , 1574442359.25941
-0.122539037242 , -0.310545859993 , 0.80828133284 , -0.000362063 , 0.000507833 , 218 , 125 , 192 , 133849.9855835282 , 384.6354568240602 , -109678.11682930836 , -0.00165696 , 0.00308446 , 0.0056203912714 , 1574442359.4029863
-0.13766316128 , -0.314568296271 , 0.36818927732 , -0.000366288 , 0.000373154 , 221 , -124 , 190 , 77768.37874764908 , 36161.20896241277 , -178294.2658017599 , -0.000279287 , -0.00042534 , 0.00697976228536 , 1574442359.5470152
-0.256091916679 , -0.295425966982 , 0.199975006851 , -0.00023027 , 0.000426532 , 217 , -169 , 183 , 28499.34006018793 , 127216.55740059899 , -121762.85082644153 , 0.000614 , 0.00133479 , 0.00156611563479 , 1574442359.6895068
-0.367033809359 , -0.246220127348 , 0.074843587123 , -0.000305617 , 0.000241921 , 216 , -242 , 0 , 31855.762479112662 , 193371.7796263863 , -203322.9084636801 , 0.000659704 , -0.00207501 , 0.010633900029 , 1574442359.8328695
-0.369664085632 , -0.139956117412 , 0.225118923154 , 1.73785e-05 , 0.00035597 , -181 , 66 , -219 , 190301.9335862212 , 750.2216277519203 , -159425.96769576584 , 0.00340047 , -0.00316531 , 0.00580255869763 , 1574442359.9761844
-0.271754931868 , -0.163650206588 , 0.419506393049 , -0.000458963 , 0.0004451 , -190 , -116 , -238 , 235863.65380164792 , -5.61093501414951 , -155332.565533415 , -0.00178511 , 0.000874228 , 0.0105908951273 , 1574442360.119584
-0.218002701354 , -0.160264926464 , 0.741819051151 , -0.000412591 , 0.000382422 , 168 , -69 , -175 , 283527.03180625173 , -3208.9394387960065 , -156451.67622607935 , -0.00267772 , -0.00016052 , 0.00367747770213 , 1574442360.2630172
-0.299394020454 , -0.0857757931394 , 0.885330526656 , -0.00046366 , 0.000237383 , 185 , -183 , 65 , 158692.81415672068 , -1.0946269327242686 , -164704.09806944363 , -0.00370763 , -0.00138264 , 0.0105643424809 , 1574442360.4062078
-0.386544254124 , -0.123149509535 , 0.706088222721 , -0.000188947 , 0.000165449 , -165 , 71 , 185 , 178168.57881214234 , 11.171968484901933 , -177380.268945518 , 0.00161951 , -0.00141831 , 0.00535467553948 , 1574442360.5497253
-0.369082235008 , -0.202840088016 , 0.687267045605 , -0.000180977 , 0.000492871 , 171 , 68 , -104 , 69468.79012457402 , 22516.01807515445 , -155949.2355977261 , 0.00163173 , 0.00226105 , 0.00449770676273 , 1574442360.692982
-0.33683015832 , -0.099963466547 , 0.570222850419 , -0.000192716 , 0.000562861 , 192 , -123 , -198 , 4846.314636125497 , 125913.90895273643 , -68729.6024852935 , 0.000564306 , 0.00277097 , 0.00337499099556 , 1574442360.836365
-0.38827329644 , 0.0045480901701 , 0.697265795948 , -0.000172518 , 0.000612669 , 234 , 123 , -164 , 14719.58257131253 , 87117.0533114457 , -138662.95401796838 , 0.00193727 , 0.00420036 , 0.00819675786239 , 1574442360.979877
-0.344935864176 , 0.112569600952 , 0.578163034514 , -0.000360462 , 0.000336563 , -189 , 190 , -194 , 37436.855496881595 , 94791.62717906051 , -229084.20340843181 , 0.000582116 , -0.000172035 , 0.00119777983581 , 1574442361.123464
-0.231266076037 , 0.132735015865 , 0.699177321749 , -0.000343953 , 0.000411883 , 191 , 183 , -133 , 71708.09023924083 , 19830.137059505392 , -197043.28667641702 , 0.000254046 , 0.00135238 , 0.0053988432952 , 1574442361.2664223
-0.195993344032 , 0.242590378974 , 0.585073935486 , -0.000427314 , 0.000414659 , 184 , -118 , -204 , 10529.170874770201 , 109585.12203160797 , -137586.14383057057 , -0.0018944 , 0.00234313 , 0.00599662417419 , 1574442361.409818
-0.266256982519 , 0.334112537045 , 0.706529344059 , -0.000367376 , 0.00042141 , 187 , -183 , 63 , 15913.513994946707 , 41323.59154586921 , -117677.38202343529 , -0.00102426 , 0.00377304 , 0.00863684636342 , 1574442361.555791
-0.386489309971 , 0.327321826679 , 0.591690755566 , -0.000389716 , 0.000490541 , 193 , -192 , -64 , 13250.071287919154 , 53455.77027348375 , -79890.62343097113 , -0.0011637 , -7.9981e-05 , 0.00597641551775 , 1574442361.700731
-0.452512785227 , 0.415506300631 , 0.684620317573 , -0.000404802 , 0.000364888 , 184 , 129 , 75 , 22162.737252177336 , 9148.248258764663 , -53834.60422292859 , -0.00106564 , -0.000996672 , 0.0043074506991 , 1574442361.843887
-0.46188423448 , 0.428593167208 , 0.296286499122 , -0.000334667 , 0.000423758 , 224 , -128 , -73 , 2849.476545854291 , 35608.74423746415 , -20302.76488892402 , 0.000580743 , 0.00304374 , 0.00310639193211 , 1574442361.987247
-0.505227720653 , 0.531794517972 , 0.406419793336 , -0.000420951 , 0.000224141 , 193 , -172 , 67 , 3857.447218600012 , 46170.522049255174 , -51626.71713619221 , -0.00178255 , -0.00616673 , 0.00643059693486 , 1574442362.1306438
-0.602671450665 , 0.548527575832 , 0.295698337337 , -0.000217175 , 0.000556935 , -190 , 134 , -73 , -10.072438151105901 , 143991.0388625463 , -14163.428213867164 , 0.00211582 , 0.00459241 , 0.00777059303233 , 1574442362.2741013
-0.508704108366 , 0.57715277214 , 0.303638521432 , -0.0002328 , 0.000454245 , 0 , 194 , -181 , 10438.388762885757 , 15316.939622069993 , -76044.32956947401 , 0.000311401 , 0.00230342 , 0.00652766392481 , 1574442362.417343
-0.431505343543 , 0.671605972858 , 0.175713333226 , -0.000390501 , 0.000319126 , 187 , -123 , -187 , 189.18527202541537 , 57058.712000801745 , -32651.575648067395 , -0.00187789 , 0.000278724 , 0.00379060148066 , 1574442362.564763
-0.438269246564 , 0.785549183374 , 0.30878493705 , -0.000179713 , 8.1589e-05 , 188 , 125 , -188 , 472.5823950603491 , 82781.77630047337 , -90333.07960609908 , 0.0020676 , -0.00276704 , 0.00552118211632 , 1574442362.7080379
-0.37910652565 , 0.870607102875 , 0.158950722358 , -0.000414433 , 0.000364593 , 187 , -69 , 71 , 748.0950332916954 , 62791.601062808324 , -64811.09777101559 , -0.00316987 , -0.00029728 , 0.00880695132178 , 1574442362.8514624
-0.474865050768 , 0.91156250897 , -0.0248498354102 , -0.000382288 , 0.000294626 , 223 , 121 , 127 , 2636.1512304370426 , 19775.117392567445 , -60329.64372809728 , -0.000948034 , -0.00032377 , 0.00612171637159 , 1574442362.9947464
-0.468143982798 , 0.909327429991 , -0.430534426515 , -0.00037985 , 0.000311664 , -188 , 196 , -67 , -4.853509921787656 , 66456.14967245409 , -15006.118242265144 , -0.000472987 , -0.000952989 , 0.0057318535221 , 1574442363.1384766
-0.382729260813 , 0.869914720716 , -0.399214811472 , -0.00041564 , 0.000326654 , 0 , -92 , -247 , -97.05265231203055 , 42090.34232578424 , -6617.1217225628425 , -0.0028778 , 0.000718035 , 0.00411339702713 , 1574442363.281961
-0.362885344919 , 0.882344107768 , -0.0204386220238 , -7.49792e-07 , 0.000260656 , -134 , 130 , -196 , -200.74525149653286 , 81638.7983859559 , -28123.05884501225 , 0.00779121 , -0.00280816 , 0.00840204538275 , 1574442363.4250877
-0.272529571984 , 0.829947273408 , 0.0876361059437 , -0.000365081 , 0.000341026 , 161 , 133 , 72 , 3763.379466980707 , 3774.7987919490342 , -113077.86142685583 , 4.88133e-05 , 0.00138933 , 0.00731104805502 , 1574442363.5681813
-0.257587454436 , 0.834036590812 , -0.326135709703 , -0.000117868 , 0.000481649 , 192 , 187 , -63 , 8062.182582050118 , 253.50314112412704 , -96094.5364196274 , 0.00483163 , 0.00248221 , 0.00582472714721 , 1574442363.7115638
-0.160646791424 , 0.86344926604 , -0.500819759806 , -0.000121709 , 0.000575959 , 187 , -69 , 69 , 1.0240063485278221 , 34259.144507372715 , -37034.172668786065 , 0.00255411 , 0.00789769 , 0.0158585229157 , 1574442363.8551152
-0.214331789994 , 0.946978146398 , -0.567576122387 , -0.000412803 , 0.000323493 , -100 , -190 , -68 , -24.33209124171471 , 56309.37759967288 , -11069.647403550449 , -0.0027817 , 0.000303899 , 0.00571328857352 , 1574442363.9983888
-0.192472440585 , 0.991255732906 , -0.313196150436 , -0.000316139 , 0.000346053 , 35 , 140 , 0 , 1249.074436116362 , 6056.003096265221 , -44281.18076791929 , 0.000976242 , 0.00141341 , 0.00434325392362 , 1574442364.1418247
-0.179316201406 , 0.995599325484 , -0.721821550466 , -3.9891e-05 , 0.000681946 , 223 , 183 , 0 , 2139.6993538104134 , 41.72515822149612 , -24688.35974276876 , 0.00346509 , 0.00440678 , 0.00932017981259 , 1574442364.2857385
-0.0778692844454 , 0.985538050778 , -0.897534883692 , -0.000370967 , 0.000306443 , 198 , 127 , 63 , 2263.65734490471 , 212.09124333619255 , -48395.618997735735 , -0.00130088 , -0.00253455 , 0.00353214074422 , 1574442364.4283404
-0.0708586265369 , 0.975717584587 , -1.2952792907 , -0.000214509 , 0.000488225 , -188 , 194 , -65 , -2.305858547473051 , 29857.351046059448 , -18083.213522711736 , 0.0014151 , 0.0034179 , 0.00443356092577 , 1574442364.5720534
-0.0547471195486 , 0.884427218295 , -1.33292164493 , -0.000371614 , 0.000337929 , 35 , 196 , 68 , 946.1470212593645 , 3321.7429592517046 , -53775.53506925272 , -0.000499123 , -0.000523748 , 0.00113433033154 , 1574442364.7151031
-0.0539223639714 , 0.880195743008 , -1.79580496961 , -0.000172302 , 0.000532986 , 177 , 232 , 228 , 448.5983298305878 , 1394.2279109673225 , -34253.42020665437 , 0.00141572 , 0.00490908 , 0.00789444751285 , 1574442364.8584263
-0.0455045472159 , 0.888048278351 , -2.25898237519 , -0.000143222 , 0.000161156 , 187 , -120 , 133 , 2149.0470807399884 , -173.92161754607912 , -40440.61340584885 , 0.00198303 , -0.000565342 , 0.00570080914379 , 1574442365.001799
0.0579222002659 , 0.926293191177 , -2.45513433044 , -0.000408163 , 0.000295022 , 193 , -180 , 178 , 5631.296119719093 , -122.89290904595768 , -35006.76170355848 , -0.00343849 , -0.000936014 , 0.0062278730471 , 1574442365.1451066
0.171758666153 , 0.932885731958 , -2.5984987655 , -0.000343335 , 0.000384561 , 228 , -190 , 0 , 4993.641832095813 , -14232.930380333166 , -17987.700816043987 , -0.00045461 , 0.00111421 , 0.00500535164677 , 1574442365.2884953
0.238512676733 , 0.829791307267 , -2.44028324537 , -0.000149424 , 0.000442963 , 189 , -228 , -183 , 233.27243916859305 , -87136.00257669875 , -2936.6544316428854 , 0.00181905 , 0.000961474 , 0.00366612506846 , 1574442365.4318218
0.313460168248 , 0.742171563889 , -2.23177989264 , -0.000269251 , 0.000388345 , -190 , -172 , -192 , -1.9076373639253 , -84328.11630860253 , -3472.0456497666564 , 0.000480459 , 0.000429088 , 0.00392780314003 , 1574442365.5752692
0.359899405517 , 0.706363098974 , -1.87726537682 , -0.000453633 , 0.000329747 , 0 , -192 , -188 , -861.7340495864814 , -72169.32754529292 , -7515.723734046573 , -0.00285591 , 0.00043745 , 0.00440975550876 , 1574442365.7187314
0.355503399533 , 0.698212337474 , -1.41658765883 , -0.000281738 , 0.000264793 , -194 , 121 , -192 , -2797.9326026715216 , -53064.71123740129 , -5251.595180473815 , 0.000194627 , -0.0017048 , 0.00567056691011 , 1574442365.8618379
0.313617660976 , 0.587345143032 , -1.23749239534 , -0.000302967 , 0.000260727 , -225 , 172 , -188 , -7491.393814850812 , -39288.24801809008 , -2268.332266025099 , 0.000259432 , -0.00149472 , 0.00340886315704 , 1574442366.0051773
0.29276476059 , 0.474484117371 , -1.03972299518 , -0.000360565 , 0.000372915 , -220 , -121 , -204 , -5523.896887043626 , -25845.119237331954 , -1212.0086639983415 , -0.00269821 , -0.000446383 , 0.00627262670555 , 1574442366.1486123
0.294002237073 , 0.470777551255 , -0.557871452937 , -0.000283939 , 0.000342675 , -224 , -177 , -228 , -659.0205404091264 , -7520.359323096097 , -2097.714134921302 , 5.58033e-05 , 0.000325053 , 0.00677228554652 , 1574442366.2919881
0.294084876071 , 0.472372509343 , -0.0529345606371 , -0.000370262 , 0.00038828 , -189 , -222 , -228 , -27.441175877093624 , -18735.02261891084 , -985.505678832899 , -0.0019856 , 0.0012756 , 0.00655113606429 , 1574442366.4354317
0.304368929416 , 0.487214898158 , 0.368924479551 , -0.000393688 , 0.000211535 , 137 , 129 , -145 , 84.83745896752986 , -59968.95267699621 , -370.92286329244786 , -0.00284795 , -0.00331466 , 0.00743589758417 , 1574442366.5787978
0.377789816612 , 0.553342196557 , 0.345545048603 , -0.000403071 , 0.000257358 , 125 , -129 , -196 , 3787.625707911377 , -22111.769556871084 , -3692.8093243708 , -0.004377 , -0.00444413 , 0.00918742111308 , 1574442366.7221541
0.34022307634 , 0.668269656515 , 0.505230973192 , -0.000152722 , 0.000410027 , 177 , -174 , -230 , 6730.797595682868 , -358.8653449199918 , -11388.709038472509 , 0.00286305 , 0.00111198 , 0.00561028210008 , 1574442366.86538
0.290024057065 , 0.778522104837 , 0.646830922896 , -0.000236643 , 0.000227783 , 192 , 62 , -196 , 3485.0204242302293 , 2265.5344309521865 , -9898.993771651825 , 0.000702891 , 0.00149278 , 0.00422405573202 , 1574442367.008698
0.333211668857 , 0.892360652907 , 0.502731285606 , -0.000210519 , 0.00037722 , 171 , 180 , -185 , 4748.0393658792 , 86.34485649997214 , -5443.349367520179 , -0.000435468 , -0.000488005 , 0.00378859350989 , 1574442367.1524837
0.3911286201 , 1.00164915781 , 0.360102052779 , -0.000187049 , 0.000491948 , 201 , 174 , -180 , 795.4921930978239 , 2230.180227876129 , -1745.7200717054795 , 0.00014029 , 0.00205747 , 0.00398798534468 , 1574442367.2956343
0.470978180901 , 1.0996581064 , 0.198504602389 , -0.000393534 , 0.000246351 , 203 , 236 , -188 , 0.7736078471543146 , 11237.2595243288 , -31.38918585006756 , -0.00242026 , -0.00227944 , 0.0054870395653 , 1574442367.4389536
0.560666992953 , 1.15460334074 , 0.0545520055455 , -0.000375918 , 0.000236807 , -129 , 190 , -128 , -6.459485823452382 , 6892.177417101776 , -0.15290209058028628 , -0.00232735 , -0.00255093 , 0.00706101587254 , 1574442367.582239
0.639755173252 , 1.13687435091 , -0.0322018577209 , -0.000438665 , 0.000227511 , 0 , 180 , 68 , -205.45505295781535 , 4523.2199321644375 , 12.432385977883149 , -0.00301352 , -0.00306156 , 0.00481960022459 , 1574442367.72548
0.688621735679 , 1.04870437091 , -0.0616099469638 , -0.000172568 , 0.000122774 , -177 , 182 , 0 , -1648.1120151712125 , 3156.541896870278 , 122.32963294014452 , 0.00170002 , -0.00356068 , 0.00397530608759 , 1574442367.8689902
0.697002147578 , 0.932277532301 , -0.177330778134 , -0.000197681 , 0.000429525 , -207 , 183 , 133 , -5707.376045639006 , 2601.5807720758826 , 354.474574832674 , -0.000301734 , 0.00206806 , 0.0026682142217 , 1574442368.0122201
0.675537692025 , 0.808941001311 , -0.33907526897 , -0.000353258 , 0.000330543 , -199 , 171 , 180 , -8646.487828429605 , 1548.0414531387544 , 747.418613652799 , -0.000733948 , 0.000345198 , 0.00449537405406 , 1574442368.1556888
0.634252965257 , 0.690577214964 , -0.501702002483 , -0.000165679 , 0.000523537 , -192 , 228 , 232 , -5105.690609002836 , 470.0060253184599 , 1366.086605458525 , 0.00124285 , 0.00277494 , 0.00318986005292 , 1574442368.299185
0.574299089534 , 0.580168146367 , -0.663593533765 , -0.000421622 , 0.000286851 , -202 , 174 , 175 , -2282.79021052843 , 156.28536263898013 , 435.6144477347691 , -0.00210429 , 0.000687219 , 0.00718484812414 , 1574442368.4422414
0.495737419817 , 0.484560871113 , -0.815780395596 , -0.000305197 , 0.000268596 , -204 , 177 , 183 , -692.5534886719832 , 21.888245443257684 , 10.818576436830064 , 0.00245908 , -0.00122508 , 0.00862220342122 , 1574442368.5856764
0.425278875291 , 0.40676366592 , -0.864450783293 , -0.000362601 , 0.000262721 , -217 , 133 , -125 , -90.44735426037343 , -0.2351319361584884 , -12.894147216423628 , 3.91979e-05 , -0.000542983 , 0.003543181938 , 1574442368.728971
0.411204675667 , 0.338334867236 , -0.712116881015 , -0.000369494 , 0.000292801 , -159 , 0 , -69 , -0.07565513737425317 , -199.7343172327167 , -273.4065430646887 , -0.00146897 , 5.38011e-05 , 0.00219401269542 , 1574442368.8723125
0.429911889689 , 0.351564271505 , -0.318048485161 , -0.000353688 , 0.000303151 , 69 , -194 , -200 , 24.553219172098057 , -2812.3324519179064 , -1080.2681833304455 , -0.00029664 , -0.000364933 , 0.00264017340086 , 1574442369.0155897
0.4504722622 , 0.415562506753 , 0.0119102761434 , -0.000437495 , 0.000354063 , 0 , -196 , -196 , 427.53424954657 , -13483.943461699319 , -1966.0981251952128 , -0.00438078 , 0.00271153 , 0.00520034617837 , 1574442369.1590931
0.448380195903 , 0.538388301839 , 0.190858499186 , -0.00026914 , 0.000379909 , 196 , -171 , -228 , 3518.4818918733167 , -27464.791105894474 , -3209.8647358062867 , 0.00256445 , -1.75239e-05 , 0.00292747605011 , 1574442369.3024528
0.423959699745 , 0.663251197587 , 0.364219185273 , -0.000272129 , 0.000331866 , 195 , -183 , -185 , 8942.216313116205 , -4382.268103810951 , -9509.652186888063 , 0.0019324 , 0.00118665 , 0.0078111201224 , 1574442369.4457483
0.378281311455 , 0.781847860586 , 0.535962426451 , -0.000327292 , 0.000270756 , 193 , -224 , -171 , 7054.039902708721 , -15.381019480963785 , -10993.717695267442 , -0.000607649 , -0.00224225 , 0.00689747728087 , 1574442369.5891435
0.334761946389 , 0.891694637051 , 0.650653974498 , -0.000335097 , 0.000293961 , 195 , 66 , -247 , 1793.5542607701148 , 142.74648006742893 , -6751.132628592953 , 0.00150343 , 0.000281247 , 0.00173830446704 , 1574442369.73248
0.365447077729 , 1.00469259807 , 0.537285790467 , -0.000380695 , 0.000317406 , 202 , 172 , -234 , 105.46184919350704 , 1991.3551282471665 , -2393.6260807359886 , -0.00161032 , -0.000480582 , 0.0040021383896 , 1574442369.8758538
0.435122068667 , 1.10122449439 , 0.418624150372 , -0.000343985 , 0.000326167 , -170 , 187 , -181 , -23.618146191652883 , 7472.894589666969 , -105.58364706706358 , -0.00130048 , -8.48331e-05 , 0.00483108298476 , 1574442370.0193343
0.52769494647 , 1.12290347744 , 0.397156245225 , -0.000434255 , 0.000260936 , -38 , 202 , 70 , -1157.938073232229 , 13579.496023709597 , 150.29686682616142 , -0.00459987 , -0.00387232 , 0.00611734256208 , 1574442370.1627016
0.584445859124 , 1.02500928267 , 0.274083391743 , -0.000425605 , 0.00032838 , -207 , 220 , 177 , -3999.493047856766 , 14091.021594158514 , 425.2539283296595 , -0.00533496 , -0.000238833 , 0.00586896111587 , 1574442370.3061326
0.618842449465 , 0.904637421725 , 0.113221143585 , -0.000194295 , 0.000376917 , -199 , 220 , 180 , -11393.457054771035 , 12901.145121274694 , 1141.5858364970952 , 0.000880864 , -0.00163332 , 0.00397386974746 , 1574442370.4492764
0.633348743875 , 0.780488246317 , -0.0488174281431 , -0.000369715 , 0.000320823 , -226 , 168 , 174 , -15721.359029362307 , 6538.44330961647 , 7405.141802057457 , -0.00197338 , 0.00223512 , 0.00334206907278 , 1574442370.5925734
0.627862638129 , 0.655306307784 , -0.21247344478 , -0.000160226 , 0.000397218 , -201 , 224 , 236 , -9785.33070872029 , 5098.872520732009 , 3421.976471173838 , 0.00273241 , 0.000794471 , 0.00294294115967 , 1574442370.7359128
0.601634566849 , 0.532810003024 , -0.374659056954 , -0.000347255 , 0.000276434 , -202 , 177 , 175 , -4508.446033143029 , 3898.4822521154324 , 499.4204034064749 , -0.000700441 , -0.000346769 , 0.00321089635402 , 1574442370.879293
0.556476124457 , 0.415987650732 , -0.536256507343 , -0.000357351 , 0.000247975 , -208 , 220 , 230 , -1477.8388798514845 , 2274.011925122301 , 3.408339229673816 , -0.00158954 , -0.0014279 , 0.00238005848281 , 1574442371.0225992
0.517493247377 , 0.307305677779 , -0.633450242291 , -0.000396125 , 0.00035264 , -212 , 236 , -125 , -210.76173065958136 , 840.180617418694 , -62.44643212266805 , -0.0019412 , 0.000249876 , 0.0043403155434 , 1574442371.1665857
0.513867281529 , 0.200018961891 , -0.617275793207 , -0.000203149 , 5.04603e-05 , -213 , 196 , -64 , -0.2509221284427435 , 92.18299720904537 , -819.9353445293929 , -0.000242309 , -0.00466557 , 0.00598746892404 , 1574442371.3099363
0.56997242372 , 0.121892494017 , -0.462295162897 , -0.000264722 , 0.000295263 , 127 , -91 , -153 , 92.42912785264485 , -10.233807165487153 , -3049.658896287572 , 0.000646264 , -0.000266927 , 0.00711689165525 , 1574442371.4526904
0.644271728991 , 0.158159309996 , -0.364954387504 , -0.000198699 , 0.000432081 , 166 , -65 , -204 , 915.7093053458599 , -959.3747193482297 , -5130.84149446252 , 7.05888e-05 , 0.0013734 , 0.00412504521457 , 1574442371.5959826
0.689566660038 , 0.272236622553 , -0.198504602389 , -0.000405182 , 0.000397765 , 189 , -172 , -175 , 3894.6425937908634 , -5058.068079488548 , -6281.419091844877 , -0.00275117 , 0.00128275 , 0.00405994795241 , 1574442371.7393827
0.71400796406 , 0.39644142401 , -0.026761361211 , -0.000334097 , 0.000370903 , 238 , -185 , -181 , 12064.00501375908 , -7004.566967265018 , -6948.466281085868 , -0.000375814 , 7.97649e-05 , 0.00467866027635 , 1574442371.8827033
0.71687054584 , 0.523275267772 , 0.145570041752 , -0.000351618 , 0.000191863 , 188 , -177 , -230 , 10966.022703778235 , -7755.89271634387 , -4851.434141767332 , -0.00108594 , -0.00261709 , 0.00487748721747 , 1574442372.0260873
0.697817928458 , 0.648562011071 , 0.317166242484 , -0.000199044 , 0.000454469 , 197 , -232 , -242 , 5292.514853619569 , -1734.4251687062563 , -4016.040011584326 , -0.000560932 , -1.46217e-05 , 0.00202318923859 , 1574442372.1696455
0.658205871805 , 0.769084300631 , 0.489056524108 , -0.000322908 , 0.00029319 , 172 , -187 , -230 , 1657.2727243743955 , -93.56122904569159 , -2462.886236922546 , 0.000456914 , -0.000909111 , 0.00132277725194 , 1574442372.3130662
0.617959578123 , 0.880142664482 , 0.609629690004 , -0.000359154 , 0.000369259 , 207 , 125 , -185 , 197.06246672615893 , 3.223900376047366 , -924.144918058068 , -0.00176289 , 0.000636938 , 0.00466558971813 , 1574442372.456102
0.616226507205 , 0.98835089656 , 0.602277667693 , -0.000358631 , 0.000310486 , 223 , 62 , -130 , 0.0018933913406256613 , 355.4538446029192 , -90.22698950819228 , -0.000362626 , -0.000195469 , 0.00370682212217 , 1574442372.5997093
0.670998039376 , 1.06533303206 , 0.449502644077 , -0.000215638 , 0.000474046 , -120 , 202 , 73 , -158.4952732430323 , 1699.2710093176051 , 18.089151371488168 , 0.000639624 , -0.000297238 , 0.00480733215891 , 1574442372.7435038
0.749446675882 , 1.01486881178 , 0.394803598085 , -0.000302823 , 0.000192606 , -177 , 194 , 119 , -1233.5786719015275 , 2995.5747898996474 , 1684.4827783401813 , -0.00144702 , -0.0020155 , 0.0109638356195 , 1574442372.8862765
0.79816101055 , 0.903116682802 , 0.239381846437 , -0.000389144 , 0.000400264 , -206 , 177 , 181 , -5106.443726861641 , 3403.3291575937465 , 8434.660515270913 , -0.00273451 , 0.00232364 , 0.00585437983497 , 1574442373.029527
0.828374530757 , 0.781771093442 , 0.0766080724776 , -0.000366778 , 0.000338266 , -177 , 174 , 178 , -18557.635276350644 , 4736.064370428416 , 11572.794529405732 , -0.000796284 , -0.00197238 , 0.00437413177785 , 1574442373.172928
0.838322359862 , 0.657229830932 , -0.085136418358 , -0.000387034 , 0.00034647 , -222 , 174 , 177 , -14782.010003709107 , 2203.1162875079663 , 16156.558250407092 , -0.00208062 , 0.000199173 , 0.00241744164166 , 1574442373.3162994
0.828130040647 , 0.532680148048 , -0.24702794964 , -0.000219317 , 0.000445505 , -226 , 226 , 244 , -9473.819037034174 , 2075.543892734858 , 6461.207574477534 , 0.000911731 , 0.0012978 , 0.00239283419375 , 1574442373.4596968
0.797981754744 , 0.41134772939 , -0.409213561814 , -0.000257661 , 0.000455005 , -201 , 171 , 185 , -5113.475274960656 , 1521.9300288564025 , 1623.3602000164128 , -3.19842e-05 , 0.00108187 , 0.00333817602165 , 1574442373.6029623
0.748548109537 , 0.296514307633 , -0.571399173988 , -0.000361313 , 0.000282086 , -202 , 220 , 190 , -2099.839327220174 , 846.325316037876 , 173.24500736979468 , -0.000686093 , -0.00179527 , 0.005988385804 , 1574442373.7465377
0.684569102321 , 0.19101000997 , -0.723880116713 , -0.000187385 , 0.000500839 , -212 , 183 , 171 , -531.268549118487 , 260.46815062678047 , 0.009075848916593998 , 1.35209e-05 , 0.00383242 , 0.00475990851096 , 1574442373.8897116
0.627626491841 , 0.0915217936908 , -0.817544880951 , -0.00031221 , 0.000311366 , -177 , 198 , -63 , -36.78352931342637 , 16.386727029279175 , -93.96111386097111 , 0.000560195 , -0.00097856 , 0.00294764863632 , 1574442374.033165
0.62328254102 , 0.0097699423031 , -0.723144914482 , -0.000141489 , 0.000530809 , -128 , -68 , -134 , 0.95984165260341 , -12.920459509402358 , -761.9076425048619 , 0.00153038 , 0.00222937 , 0.00408262910456 , 1574442374.1764975
0.663847546343 , -0.0196625554163 , -0.466412295391 , -0.000219073 , 0.000461178 , 0 , -91 , -173 , 138.18458020131024 , -899.8458605491842 , -2121.9873759391367 , -8.8898e-06 , 0.00300227 , 0.00300879642496 , 1574442374.3197062
0.7118454296 , 0.0721223117801 , -0.253056607935 , -0.000294725 , 0.000382435 , 167 , -232 , -232 , 878.7111546629767 , -8315.723067409652 , -2988.011929776245 , 0.000201262 , -0.000290715 , 0.00300527286014 , 1574442374.4630272
0.742854765409 , 0.194160536271 , -0.0799900027405 , -0.000204817 , 0.000205265 , 169 , -175 , -238 , 3919.170663009525 , -18316.252090182606 , -3467.3009039778535 , 0.00140313 , -0.00105553 , 0.00176389573553 , 1574442374.6068387
0.752217892355 , 0.320653929025 , 0.0917532384377 , -0.000448687 , 0.00038409 , 227 , -166 , -174 , 11989.031346959753 , -10938.086498869437 , -6635.04829007886 , -0.00222355 , 0.000893576 , 0.00352397740242 , 1574442374.749845
0.740378609084 , 0.446684943584 , 0.263937600955 , -0.000380531 , 0.000364759 , 224 , -175 , -238 , 8050.142721042162 , -1927.8852784243288 , -7062.176103563645 , -0.00251812 , 0.000103146 , 0.00290608800483 , 1574442374.8934383
0.706904884942 , 0.568881223173 , 0.435827882579 , -0.000276924 , 0.000368679 , 194 , -166 , -240 , 2747.0362447549433 , -94.58711977419692 , -4997.4904365870425 , 0.00048728 , 0.000186238 , 0.00311569072842 , 1574442375.0371757
0.670966477482 , 0.685712656269 , 0.560959302307 , -0.000423329 , 0.000344924 , 198 , 127 , -183 , 420.79419949627885 , 8.34979961842895 , -2456.3094233413317 , -0.00262671 , -0.0010025 , 0.00792315648442 , 1574442375.1839643
0.672737261494 , 0.79540915127 , 0.548607904825 , -0.000327451 , 0.000310415 , 168 , 62 , -192 , 1.8363008682429343 , 535.4643688130161 , -524.4777157976748 , -0.000148817 , -0.00225728 , 0.00990261141697 , 1574442375.3273873
0.741163938684 , 0.888702352507 , 0.44626775426 , -0.000459202 , 0.000380695 , -146 , 194 , -196 , -110.05140906003429 , 2411.010815708355 , -0.29040529511634167 , -0.00490009 , -0.00132614 , 0.00707325711082 , 1574442375.4707124
0.841272411659 , 0.885653243592 , 0.48317490626 , -0.000325936 , 0.000332925 , -176 , 125 , 0 , -1322.529769235568 , 4498.030117065665 , 595.0761692014455 , -0.000607257 , -0.001234 , 0.00413829342712 , 1574442375.6140895
0.9001804349 , 0.780455776347 , 0.33054692309 , -0.000379014 , 0.000339123 , -226 , 224 , 181 , -5690.014337066016 , 6381.064355697222 , 2922.3704901928636 , -0.00190319 , 0.00109074 , 0.00902836819323 , 1574442375.7574122
0.941386460846 , 0.661561968851 , 0.167184987346 , -0.000314099 , 0.000362851 , -234 , 228 , 234 , -18197.74052135576 , 6775.6343583753405 , 6043.426083108207 , 5.63192e-05 , -0.00163096 , 0.00520962254202 , 1574442375.9007335
0.962704000497 , 0.537860589745 , 0.00455825383264 , -0.000159799 , 0.000516971 , -189 , 178 , 177 , -14416.235882495248 , 1256.5419784604649 , 25819.56031025102 , 0.000355823 , 0.0020346 , 0.00233754944703 , 1574442376.0441387
0.963906244452 , 0.412117244336 , -0.157921439234 , -0.000303451 , 0.000365014 , -197 , 226 , 238 , -10041.807933387683 , 1233.241145740764 , 12910.04568450755 , 0.000985086 , 0.00069139 , 0.00261759580338 , 1574442376.1874259
0.944404539581 , 0.288117159376 , -0.320989294086 , -0.000315752 , 0.000338369 , -198 , 238 , 183 , -6116.7079727783785 , 988.1466515186268 , 4674.696159752894 , -0.000880064 , 0.000106287 , 0.0047041185355 , 1574442376.3308828
0.905126140678 , 0.168601925496 , -0.484204189383 , -0.000378248 , 0.000286151 , -201 , 224 , 181 , -3014.430107899328 , 576.195672372229 , 1177.7926911827144 , -0.000676344 , -0.000209543 , 0.00118347732213 , 1574442376.4742286
0.847165281964 , 0.0572596549594 , -0.645948680219 , -0.000204436 , 0.000404015 , -200 , 181 , 190 , -1081.4691455368798 , 201.190160385438 , 118.58683804825594 , 0.00201354 , -6.39935e-05 , 0.00221548069365 , 1574442376.6200893
0.774463297911 , -0.0445695762166 , -0.791665762417 , -0.000375243 , 0.000286227 , -210 , 180 , 178 , -216.94671817793278 , 18.771929295322803 , 0.0018263746623755285 , -0.00341834 , -0.00257266 , 0.00837486978769 , 1574442376.7649367
0.707783875087 , -0.117083154511 , -0.821662013445 , 0.000236803 , -0.000179763 , -187 , -68 , -70 , -5.862541457797017 , -1.9132717871585676 , -66.40216110366795 , 0.0054767 , -0.00614875 , 0.00825481022709 , 1574442376.908332
0.694255979622 , -0.145324963613 , -0.647272044235 , -0.0003924 , 0.000241958 , 96 , 0 , -145 , 5.2206243943600965 , -361.07286222294505 , -476.89480872069277 , -0.00245198 , -0.00161193 , 0.0055679922347 , 1574442377.0516477
0.733932915123 , -0.0931568994858 , -0.331870287105 , -0.00038051 , 0.000372982 , 0 , -155 , -192 , 161.5763522940181 , -4657.882959173173 , -1035.98374630699 , -0.0017809 , 0.00128329 , 0.00451153400898 , 1574442377.1949909
0.770340495475 , 0.0138266091349 , -0.125719581513 , -0.000114319 , 0.000541353 , 195 , -226 , -232 , 1323.9727821707852 , -17590.092152222493 , -1908.4267703523788 , 0.00368044 , 0.00210865 , 0.00536554291666 , 1574442377.338524
0.785462295489 , 0.139648872397 , 0.0476411045734 , -0.000144575 , 0.000557476 , 192 , -232 , -188 , 5862.219858154171 , -17561.948689673747 , -5012.475636766274 , 0.00101164 , 0.00255298 , 0.00294782711401 , 1574442377.4817863
0.779005974807 , 0.266937545088 , 0.220413628875 , -0.000294266 , 0.000413838 , 195 , -181 , -183 , 7214.605527314223 , -2350.834679242451 , -8476.189422758669 , 6.57313e-05 , 0.000763816 , 0.00255480834321 , 1574442377.625095
0.750824120348 , 0.390948582034 , 0.391715748715 , -0.000280989 , 0.000374295 , 221 , -177 , -181 , 2905.682782221816 , -90.7556116506466 , -6508.289833432961 , 0.000754677 , -0.000242627 , 0.00286415701182 , 1574442377.76861
0.720828629656 , 0.506026834544 , 0.514200440411 , -0.000105875 , 0.000525443 , 200 , 180 , -202 , 445.7399088926435 , 12.01828870086177 , -3319.0672480089247 , 0.00203816 , 0.000641199 , 0.00243577695481 , 1574442377.9117143
0.727536159022 , 0.616248310226 , 0.50258424516 , -0.000202972 , 0.000431253 , 193 , 66 , -200 , 1.2271287317468198 , 606.7449900076682 , -808.6188912126589 , 0.000974107 , -7.7575e-05 , 0.00255408879753 , 1574442378.0550857
0.799882428964 , 0.706639697922 , 0.398185528348 , -0.000261699 , 0.00034118 , -107 , 190 , -202 , -138.15059858933756 , 2725.3953865464077 , -3.4007492360903484 , 0.002686 , -0.00115331 , 0.00731541455259 , 1574442378.1985397
0.901762038739 , 0.692575919548 , 0.451120088985 , 2.63707e-05 , 0.000202654 , -142 , 129 , 71 , -1477.335228882649 , 4839.553400125462 , 385.72530470442473 , 0.00395447 , -0.00320134 , 0.00650497339648 , 1574442378.3419116
0.95748052562 , 0.584995435966 , 0.298050984476 , 1.55285e-05 , 0.000279831 , -197 , 168 , 177 , -6203.367383452687 , 6851.315952100706 , 2338.2951907437787 , 0.00170153 , -0.00201622 , 0.00267409541336 , 1574442378.4851925
0.994779565496 , 0.465227908125 , 0.135424250963 , -0.000363018 , 0.000312187 , -199 , 181 , 234 , -19898.96174821312 , 7444.747921560754 , 4811.68341472035 , -0.000807169 , -0.000814494 , 0.00129769181089 , 1574442378.6316195
1.01270131928 , 0.336925776029 , -0.0316136959361 , -0.000224571 , 0.00054117 , -230 , 222 , 181 , -13993.672188985161 , 1244.1861152326915 , 23583.02616475158 , -0.00101416 , 0.00267014 , 0.00570834383531 , 1574442378.7760413
1.00917428831 , 0.211618255763 , -0.194240429449 , -4.00981e-05 , 0.000324482 , -172 , 226 , 188 , -9775.419053292175 , 1148.2993539827255 , 11560.104653415709 , 0.00280354 , 0.000631726 , 0.00287499660201 , 1574442378.9192767
0.985414881176 , 0.0883339573607 , -0.357896446085 , -0.000297696 , 0.000420924 , -196 , 228 , 220 , -5887.691332185233 , 894.0769031577663 , 4224.16369805357 , 0.000378172 , 0.00192382 , 0.00245004780502 , 1574442379.0627413
0.941753264954 , -0.0296505628888 , -0.521111341383 , -0.000154346 , 0.000467838 , -203 , 220 , 174 , -2716.008649837302 , 448.5502873260934 , 951.4038269563107 , 0.00186342 , 0.00170127 , 0.00415046753721 , 1574442379.2060795
0.879751060346 , -0.138633088144 , -0.683002872665 , -0.000324492 , 0.00033165 , -191 , 166 , 188 , -989.110121765905 , 128.09837770352271 , 82.58561529796998 , -0.000146697 , -1.28074e-06 , 0.00237244010675 , 1574442379.3493867
0.8066495122 , -0.232695109441 , -0.810928060871 , -0.000195388 , 0.000163396 , -178 , 175 , 172 , -180.40464539018427 , 5.5306150387329565 , -0.0033308531007968396 , 0.000242738 , -0.0030237 , 0.00310483625887 , 1574442379.4927154
0.741262937959 , -0.300766308785 , -0.826808429063 , -0.00018267 , 7.42418e-05 , -187 , -67 , -71 , -3.9035210839849026 , -12.307931887459615 , -72.85124553165693 , 0.00142925 , -0.0034838 , 0.00504193286463 , 1574442379.6361845
0.731036138306 , -0.329712094769 , -0.652418459852 , -0.000321076 , 0.000374129 , 98 , -70 , -93 , 5.801705095472043 , -652.1167279032067 , -459.8640013423863 , -0.000169812 , 0.000874074 , 0.00498167176511 , 1574442379.7795591
0.77099008305 , -0.277896469202 , -0.336722621831 , -0.00016564 , 0.000449543 , 0 , -192 , -178 , 147.78759587892017 , -5293.279912640337 , -956.3507191277713 , 0.00255236 , 0.00180831 , 0.00381215477726 , 1574442379.9228249
0.806975803668 , -0.173484833174 , -0.125131419728 , -0.000320202 , 0.000359429 , 194 , -180 , -178 , 1210.1539471942322 , -17075.480735364403 , -1877.2219113866645 , 0.00116257 , 0.00124723 , 0.00186645513182 , 1574442380.0679367
0.821958152246 , -0.047786254593 , 0.0474940641272 , -0.000211466 , 0.000124664 , 192 , -171 , -172 , 5195.575185256204 , -17765.66176385315 , -4685.946807879195 , 0.000182804 , -0.00272599 , 0.00275749667988 , 1574442380.2097275
0.815492108925 , 0.0790824759917 , 0.21982546709 , -0.000118121 , 0.00017273 , 196 , -230 , -183 , 6573.847949927019 , -2513.8045361685768 , -7636.540097804623 , 0.00209791 , -0.000731598 , 0.00480826759074 , 1574442380.3529642
0.787427353944 , 0.202690534514 , 0.39112758693 , -0.000348594 , 0.000318896 , 194 , -185 , -228 , 2778.2673947428375 , -108.53049820585831 , -5779.097870523234 , -0.00239182 , -0.000510175 , 0.00665313893727 , 1574442380.4962728
0.757001080702 , 0.317852831541 , 0.514053399965 , -0.000327212 , 0.000245905 , 232 , 120 , -247 , 418.54983310357494 , 5.810208951169674 , -2870.9328278537487 , 0.000144007 , 0.000248493 , 0.0014020223362 , 1574442380.6396575
0.764196502792 , 0.42773007534 , 0.500084557575 , -7.97055e-05 , 0.000486861 , 168 , 65 , -181 , 1.012283897405115 , 454.74281338123393 , -650.5631422495501 , 0.00240702 , 0.00159103 , 0.00389084610589 , 1574442380.7830136
0.836739429006 , 0.517892618509 , 0.396421042994 , -0.000160362 , 0.000474872 , -122 , 200 , -180 , -126.14466412423866 , 2234.806513912768 , -0.872052293731923 , 0.000558267 , 0.00175533 , 0.00513635915125 , 1574442380.926331
0.937915953761 , 0.505394443785 , 0.444209188013 , -0.000307434 , 0.000337996 , -177 , 196 , 0 , -1322.6151312636532 , 3991.651354195129 , 457.58127206717853 , -0.000259044 , 9.55288e-05 , 0.0072717034096 , 1574442381.0698373
0.99266585383 , 0.397789067594 , 0.291140083504 , -0.000275864 , 0.000293065 , -174 , 175 , 174 , -5677.280204629278 , 5753.060587888781 , 2546.2307944915046 , 0.000592697 , -0.00149388 , 0.00380378430574 , 1574442381.2130508
1.02902756309 , 0.277792376009 , 0.128366309545 , -0.000294208 , 0.000312132 , -177 , 226 , 172 , -18664.585663370875 , 6093.625749445048 , 5493.523173639921 , 0.000480843 , -0.00120466 , 0.00130314901177 , 1574442381.3565695
1.04550836454 , 0.15388951966 , -0.0336722621831 , -0.000177139 , 0.000207125 , -193 , 175 , 177 , -13032.264112653618 , 919.8726697670775 , 24902.998041598672 , 0.000690027 , -0.00117532 , 0.00265853771371 , 1574442381.4996698
1.04157171738 , 0.0283989598138 , -0.196887157481 , -0.00041045 , 0.000317787 , -197 , 180 , 172 , -9231.956023941175 , 785.8160030496794 , 12528.81516527892 , -0.00198395 , 0.000562204 , 0.00315860875339 , 1574442381.643366
1.01785133796 , -0.0954646392249 , -0.358631648316 , -0.000167926 , 0.000186249 , -194 , 172 , 234 , -5662.158171901687 , 558.5339607466482 , 4770.422120259393 , 0.00189353 , -0.00276425 , 0.00375976649173 , 1574442381.7864573
0.974262587274 , -0.212164070915 , -0.52199358406 , -0.000190747 , 0.000257957 , -230 , 165 , 171 , -2822.388883458881 , 284.09629409179564 , 1353.566835232815 , 0.00028424 , -0.000897491 , 0.00262933559537 , 1574442381.929943
0.912052196481 , -0.320898474445 , -0.683738074896 , -0.00016109 , 0.000146291 , -203 , 222 , 234 , -1082.2181361929336 , 69.10310412896081 , 189.2766193210824 , 0.000936123 , -0.00245879 , 0.00296466099177 , 1574442382.0730734
0.832186748824 , -0.410100105834 , -0.813868869796 , -0.000275675 , 0.000318814 , -190 , 117 , 178 , -236.86304721654741 , 0.7788219083850721 , 1.802410849252076 , 0.000487743 , -0.000763101 , 0.0069824135752 , 1574442382.2164786
0.760801746654 , -0.473671050968 , -0.822691296569 , -0.000318934 , 0.000337792 , -194 , 0 , -93 , -14.418688122401088 , -28.494036735746505 , -16.454388101175553 , -0.000838388 , -0.000690979 , 0.00347728006594 , 1574442382.3597791
0.741294620775 , -0.500621246267 , -0.601836546355 , -0.000284093 , 0.000289796 , -146 , -95 , 0 , 0.16685459567593133 , -828.1792289195596 , -192.36959304872178 , 0.00127819 , -0.00140958 , 0.00369187435324 , 1574442382.5031888
0.751499988943 , -0.470890942918 , -0.228941974756 , -0.000123427 , 0.000524189 , 70 , -247 , -164 , 42.1013385057141 , -5811.512451701697 , -567.2828049364834 , 0.00218187 , 0.00177136 , 0.00379553395823 , 1574442382.6466067
0.768708068045 , -0.392141236574 , 0.0651389176729 , -3.9441e-05 , 0.000324186 , 69 , -175 , -242 , 556.9892729660966 , -18661.84519494447 , -1299.0662576665686 , 0.00339728 , 0.000117743 , 0.00363619318739 , 1574442382.7899423
0.760264809937 , -0.267909101169 , 0.241440412684 , -0.000323689 , 0.000247656 , 193 , -224 , -230 , 3590.272254346802 , -16728.369671479384 , -3774.1965829106716 , -0.000695603 , -0.0021965 , 0.00541769462716 , 1574442382.9331892
0.729200134828 , -0.144385966155 , 0.413771815647 , 0.000461897 , -0.000589147 , 194 , -224 , -187 , 6460.307951453764 , -1638.786493198282 , -8728.134351938106 , 0.00611713 , -0.00820601 , 0.0113628202389 , 1574442383.0765724
0.6771124828 , -0.027694125435 , 0.585662097271 , 0.0007281 , -0.000432341 , 199 , -222 , -177 , 3796.825386492776 , -0.34994046737294254 , -7233.686351332363 , -0.000356512 , 0.00293512 , 0.0039881727497 , 1574442383.220216
0.629421774574 , 0.0793982577334 , 0.697412836394 , -0.000295518 , 0.000264202 , 181 , 64 , -253 , 649.1565780705188 , 223.68711336035076 , -3389.4509863993167 , 0.00147817 , -0.00317578 , 0.0038530981641 , 1574442383.3633535
0.664472702312 , 0.195112071159 , 0.558753695614 , -0.000262321 , 0.000469847 , 204 , 177 , -178 , 5.425550978867421 , 1872.848857240504 , -676.7016344034457 , -0.000700581 , 0.00275495 , 0.00332370550977 , 1574442383.5065866
0.734307269591 , 0.289613403239 , 0.449502644077 , -0.000351575 , 0.000350698 , -118 , 196 , -164 , -119.91071190774068 , 5687.741631076504 , 0.0003787332836332865 , -0.000432694 , -0.000317802 , 0.00207561244197 , 1574442383.650107
0.835221905077 , 0.284791049404 , 0.491409171248 , -0.000313144 , 0.000394845 , -156 , 194 , 0 , -1354.1675830356187 , 8811.021853084096 , 1171.2878467008775 , -0.00156066 , 0.000308791 , 0.00816137210605 , 1574442383.7934763
0.894994145288 , 0.180082207289 , 0.338781188078 , -0.000344667 , 0.000326775 , -228 , 180 , 187 , -5433.907804281255 , 9330.076162877958 , 1704.481658913436 , -0.00113086 , -0.00171708 , 0.00318295983299 , 1574442383.9367566
0.936899223883 , 0.0623222195163 , 0.176301495011 , -0.000295837 , 0.000248174 , -194 , 181 , 181 , -16920.70815342419 , 9140.048671134271 , 3797.898545590224 , -0.000613609 , -0.00250629 , 0.00449257856892 , 1574442384.080683
0.959304386795 , -0.0609596433435 , 0.0139688423904 , -0.000296056 , 0.000374526 , -242 , 172 , 181 , -12948.919785200662 , 2013.3322248140994 , 20039.81252365961 , 0.000610709 , 0.00178736 , 0.00192998975786 , 1574442384.2235513
0.961442101429 , -0.186270462503 , -0.149393093354 , -0.00033995 , 0.00031012 , -178 , 180 , 178 , -8369.726059343277 , 1699.4201062174202 , 9400.214017204904 , -0.0006701 , -0.00220979 , 0.00391055990035 , 1574442384.3676088
0.943300233934 , -0.310053966756 , -0.311578705528 , -0.000285997 , 0.000250588 , -198 , 185 , 174 , -4619.966791873234 , 1192.4690136330398 , 3187.520442026344 , 0.00153423 , -0.000874613 , 0.00703948235329 , 1574442384.5101295
0.90533992453 , -0.429496297727 , -0.474499519933 , -0.00039043 , 0.000383374 , -199 , 177 , 169 , -1994.298853468213 , 586.3717403129501 , 685.1234996456952 , -0.00270538 , 0.001305 , 0.00419883641334 , 1574442384.6554844
0.846767898954 , -0.544482837217 , -0.640655224155 , -0.000363888 , 0.000356045 , -205 , 177 , 177 , -590.2561108820487 , 154.62251160710346 , 49.655850559791695 , -0.00148025 , 0.000903464 , 0.00173503884718 , 1574442384.8010783
0.781407387219 , -0.643158952674 , -0.765051441653 , -0.000347079 , 0.000351639 , -217 , 180 , 117 , -73.31584139174477 , 5.219892161238116 , -0.1454876678611324 , -0.0014367 , 0.00171273 , 0.00745718962822 , 1574442384.9442806
0.726639606365 , -0.711800292983 , -0.794312490449 , -0.000314246 , 0.000368462 , -158 , -68 , 0 , -0.015762821954536255 , -14.034795054756207 , -72.92125303377539 , 0.000163203 , 0.000869837 , 0.00197835447667 , 1574442385.0876603
0.721001448856 , -0.736399356266 , -0.640214102817 , -0.000308112 , 0.000330731 , 96 , -95 , -75 , 36.70587911293201 , -793.7997257778239 , -434.1980514142417 , -0.00227962 , -0.000617038 , 0.00395359734555 , 1574442385.2309313
0.759819385784 , -0.684772143196 , -0.32275377944 , 2.84852e-05 , 0.000288347 , 0 , -187 , -181 , 306.46469822294944 , -5853.989037794105 , -807.8769565172585 , 0.00388064 , -0.000431774 , 0.00390666281925 , 1574442385.3744707
0.798472478899 , -0.567521296826 , -0.143658515951 , -0.000101455 , 0.000491547 , 224 , -220 , -187 , 1349.8197758213719 , -18809.535253287355 , -1218.8256529330824 , 0.00310284 , 0.00129557 , 0.00337152796414 , 1574442385.5176518
0.81614050392 , -0.440988269523 , 0.0294080892428 , -0.000309579 , 0.000367748 , 195 , -218 , -181 , 4908.416198148468 , -20978.245970037027 , -2845.952778926321 , -0.00136177 , 0.00112167 , 0.00441598111231 , 1574442385.661178
0.81156327374 , -0.31336451777 , 0.201739492206 , -0.000142399 , 0.000183211 , 195 , -220 , -180 , 7585.379190297275 , -3660.5345293791224 , -5662.05621387282 , 0.000939819 , -0.000595854 , 0.00184728232603 , 1574442385.8044698
0.785316785006 , -0.188414357976 , 0.3748060974 , -0.000378425 , 0.000282518 , 223 , -222 , -172 , 2904.828244719607 , -435.7960089555954 , -3931.383037527921 , -0.000960659 , -0.000715996 , 0.00140598978016 , 1574442385.9478343
0.738340517633 , -0.0696651045729 , 0.547578621702 , -0.00016229 , 0.000509129 , 194 , -222 , -224 , 540.7379899168064 , -0.863393852992557 , -1758.90977820462 , 0.00184462 , 0.00307857 , 0.00377583361368 , 1574442386.0916393
0.694354594934 , 0.039833295931 , 0.659917522609 , -0.000250106 , 0.000471756 , 200 , 64 , -166 , 8.479190118170333 , 77.25375127726223 , -378.26368835847103 , -0.000588429 , 0.00255211 , 0.00261918384385 , 1574442386.2345507
0.719497793175 , 0.136327334365 , 0.643448992633 , -0.000340766 , 0.000224743 , -127 , 129 , -194 , -39.111000723747736 , 694.3897825515927 , -1.0622399884936427 , -0.000788483 , -0.00250918 , 0.00441269589818 , 1574442386.3779588
0.798444934164 , 0.17848993993 , 0.593308200474 , -0.000171535 , 0.000184108 , 0 , 177 , 0 , -702.0512373129563 , 1992.737497755891 , 358.3020987758585 , 0.00183424 , -0.00394112 , 0.00438046208889 , 1574442386.5213103
0.866884902603 , 0.082712960746 , 0.43538676124 , -0.000267858 , 0.000397353 , -199 , 185 , 230 , -3167.1275719274454 , 3266.022479313383 , 4422.122010737265 , -0.000303704 , -0.000793662 , 0.00318186578189 , 1574442386.6668308
0.921902643816 , -0.034417505266 , 0.26643728854 , -0.000331146 , 0.00033956 , -188 , 178 , 171 , -8709.230673275777 , 2542.4051167810044 , 15053.801037093463 , -0.00140991 , 0.000246627 , 0.00166550817777 , 1574442386.8121183
0.96373538749 , -0.145238381307 , 0.140276585688 , -0.000399176 , 0.000326433 , -193 , 187 , -65 , -12733.885858842885 , 716.8987373127302 , 37772.119104867874 , -0.0035006 , -0.00123011 , 0.00373548695668 , 1574442386.9552479
1.06433539638 , -0.201147108816 , 0.259673428014 , -7.7934e-05 , 0.000498602 , -196 , 185 , 0 , -10174.552385090803 , 658.0194101824829 , 19803.428919660208 , 0.00371243 , 0.000658032 , 0.00426340658868 , 1574442387.0986767
1.09931439909 , -0.316413650615 , 0.111309617784 , -9.4536e-05 , 0.000496204 , -191 , 174 , 175 , -6831.263486240292 , 701.4761820470954 , 5816.737685170822 , 0.00117367 , 0.000639208 , 0.00421084969997 , 1574442387.2420468
1.11368419918 , -0.441056954707 , -0.051464156175 , -0.000380022 , 0.000358981 , -199 , 218 , 228 , -4179.857123187739 , 510.97241487199096 , 919.6509318100618 , -0.000514556 , -0.000677423 , 0.00158770202587 , 1574442387.385377
1.10748306143 , -0.566148219375 , -0.213502727903 , -0.000152355 , 0.000189094 , -172 , 220 , 181 , -661.9493081677531 , 0.07365388963725611 , 6946.140389116379 , 0.00116853 , -0.00167249 , 0.00233717760632 , 1574442387.5287042
1.06465119901 , -0.674182010176 , -0.317607363823 , -0.000304773 , 0.000324237 , -206 , -61 , 183 , -242.83543259624017 , -6.159184877936524 , 3766.3342998406697 , 0.00109373 , 9.07329e-05 , 0.0011753482654 , 1574442387.6720505
0.982033385616 , -0.743747249264 , -0.308931977496 , -0.00034827 , 0.000356961 , -177 , -63 , 166 , -66.36159265584777 , -128.05320920483453 , 1723.7436256340343 , -0.00191221 , 0.000357593 , 0.00518408635107 , 1574442387.8154137
0.874313830244 , -0.773621814375 , -0.211150080764 , -0.000215827 , 0.00013084 , -138 , -172 , 244 , -20.687002852436205 , -1135.3052573196649 , 862.9745536739073 , 0.000786589 , -0.0027349 , 0.00628469477185 , 1574442387.9587936
0.758999221567 , -0.787734397699 , -0.102634231458 , -0.000377549 , 0.000280032 , -105 , -192 , 185 , -0.5855683418941898 , -4374.845204529743 , 454.8723309926258 , -0.0024215 , -0.00101276 , 0.00286133060746 , 1574442388.1021566
0.647537463453 , -0.795436649336 , -0.0420535676173 , -0.000151877 , 0.000127908 , 38 , -196 , 173 , 37.4566378836306 , -7078.757131826945 , 80.74634056398136 , 0.00236099 , -0.00282797 , 0.00393584587141 , 1574442388.2455366
0.54531283622 , -0.772036879123 , -0.0505819134977 , -0.000337707 , 0.000309777 , 75 , -238 , 181 , 594.6242254651188 , -4163.236179142706 , -0.3974659101192605 , -0.00321408 , 0.000535574 , 0.00645414411974 , 1574442388.3888946
0.466410727742 , -0.691143403546 , -0.125425500621 , -0.000323805 , 0.000336793 , 205 , -196 , 0 , 1694.1378770993142 , -824.2522727123562 , -246.62441120201197 , 0.000314003 , -1.96699e-05 , 0.00119497099759 , 1574442388.5322444
0.476275934787 , -0.569192154887 , 0.0286728870118 , -0.000438921 , 0.000333281 , 195 , -190 , -183 , 2745.3175118198924 , -29.579240723730525 , -1677.4142068982133 , -0.00421728 , -0.000716764 , 0.00532971054169 , 1574442388.6756382
0.492337812983 , -0.452379081091 , 0.141894030597 , -0.00026896 , 0.000325437 , 228 , 122 , -192 , 3406.639876054283 , 1.477266174738368 , -5878.430208811564 , 0.00145709 , -0.000156249 , 0.00264222765448 , 1574442388.8189325
0.536375223228 , -0.351067003634 , 0.137188736318 , -0.000315308 , 0.000276025 , 203 , 0 , -180 , 2851.6521733549143 , 28.465525012924427 , -16724.999395781448 , 2.80266e-05 , -0.000492969 , 0.00155937778132 , 1574442388.962376
0.581157001214 , -0.250490288998 , 0.131307118469 , -0.000273534 , 0.000270689 , 166 , 68 , -188 , 191.30955293642666 , 1659.3291329589226 , -8317.099567384468 , 0.000746323 , -0.00103516 , 0.00319590454324 , 1574442389.105774
0.680068947627 , -0.18673097532 , 0.0129395592669 , -0.00033057 , 0.000329356 , -165 , 187 , -200 , -3.119772492575829 , 5555.839079730177 , -1904.192573272275 , 0.000259648 , -0.000571602 , 0.00324423519468 , 1574442389.2492754
0.789971130536 , -0.190505654561 , 0.0305844128126 , -0.000150174 , 0.000341863 , 0 , 190 , -196 , -280.6381855678184 , 5736.117468761525 , -360.615022487662 , 0.00463977 , -0.000765845 , 0.00482305734746 , 1574442389.392313
0.8996352688 , -0.246238494175 , 0.18953513517 , -0.000318551 , 0.000315441 , -165 , 230 , -183 , -2274.138471143789 , 7708.137498412018 , -3.6996722346900826 , -0.000247339 , -0.00143781 , 0.00244114405667 , 1574442389.5355728
1.00876934222 , -0.296306457675 , 0.320989294086 , -0.00036894 , 0.000284007 , -211 , 180 , -128 , -7723.0610806460945 , 6794.299105262134 , -1.412083677506138 , -0.0017888 , 0.000412401 , 0.00255035338918 , 1574442389.679024
1.10710904116 , -0.349902586939 , 0.389363101575 , -0.000117099 , 0.000498633 , -222 , 156 , 0 , -13040.976902526141 , 3823.583899075098 , 26.934280541504464 , 0.00247729 , 0.00262813 , 0.00381386158252 , 1574442389.8223963
1.18518488301 , -0.42724429769 , 0.355690839392 , -0.000387934 , 0.000287212 , -194 , 196 , 64 , -7001.0752619820505 , 539.1178095786687 , 1526.1648885959448 , -0.00239585 , -0.00218209 , 0.00444245801657 , 1574442389.9658837
1.22926242479 , -0.542003879384 , 0.198798683282 , -0.000358176 , 0.000242617 , -199 , 185 , 188 , -1825.699135070933 , 0.2869476540366057 , 6056.587120640379 , -0.000914049 , -0.00114399 , 0.00317698206707 , 1574442390.1090264
1.2340611835 , -0.658196452656 , 0.0932236428998 , -0.000499901 , 0.000214567 , -196 , -64 , 166 , -110.4740791348141 , -183.51084285292234 , 11031.26288692088 , -0.00515604 , -0.00117319 , 0.00573419199039 , 1574442390.2524416
1.14256984463 , -0.727583451229 , 0.212914566118 , -0.000287176 , 0.000286925 , -159 , -234 , 230 , -3.1769838165365407e-06 , -1313.9062624872884 , 12589.283202253753 , -0.000456563 , -0.000898469 , 0.00495492614874 , 1574442390.39577
1.04353556671 , -0.790467901915 , 0.329076518627 , -0.000285732 , 0.00032072 , -100 , -240 , 196 , -0.47523437656125833 , -4073.5065967291343 , 11572.48609585012 , 0.000276754 , 1.03864e-05 , 0.00325549158652 , 1574442390.5391796
0.946257596423 , -0.847600332468 , 0.398773690133 , -0.000437267 , 0.00023928 , -62 , -190 , 188 , -1.5777770746031046 , -11947.480668726485 , 11109.875397376753 , -0.00252171 , -0.000411272 , 0.00369254233391 , 1574442390.682604
0.847556015972 , -0.896615601619 , 0.426711374914 , -0.000334676 , 0.000411164 , 0 , -238 , 196 , 170.74201356448685 , -9049.411272107569 , 4442.499510279148 , -0.00246831 , 0.00256591 , 0.00448335733221 , 1574442390.8258777
0.728079188659 , -0.895602059827 , 0.304079642771 , -0.000245726 , 0.000396982 , 193 , -224 , 190 , 1503.0420905371702 , -4004.342268071955 , 1098.7450756849144 , -0.000219163 , -0.000140556 , 0.000343013117723 , 1574442390.9692707
0.604823205535 , -0.867754800119 , 0.146305243983 , -0.000412893 , 0.000348199 , 203 , -220 , 230 , 3478.433606541279 , -1102.0075251367632 , 124.73309158848595 , -0.00186477 , 0.000510744 , 0.00214861273559 , 1574442391.1126494
0.491361532771 , -0.817066900416 , 0.000588161784857 , -0.000300781 , 0.000343985 , 218 , -177 , 118 , 5991.080151716709 , -94.51718849596568 , 0.1192038191509063 , -0.000515261 , -0.00185519 , 0.00248273369378 , 1574442391.2559814
0.413942369965 , -0.741652735769 , -0.102487191011 , -0.000343588 , 0.000321871 , 244 , -188 , -61 , 3473.528448863172 , -3.5072131986073063 , -5.909740854359665 , -0.00172768 , 0.00114814 , 0.00346375877509 , 1574442391.3992531
0.404937611819 , -0.646164244661 , -0.109398091983 , -0.000321944 , 0.000357755 , 198 , -138 , 0 , 1529.0076799594997 , 0.28530255491689643 , -157.8143622491901 , 0.000192906 , 0.000301258 , 0.00165866525987 , 1574442391.5426662
0.437958221922 , -0.553838254095 , -0.0992523011946 , -0.000335817 , 0.000317446 , 198 , 0 , -166 , 725.3366847414433 , 39.1274441236316 , -1297.4200320803018 , -0.00149914 , 6.28289e-05 , 0.00406407671099 , 1574442391.6861331
0.504484571282 , -0.467868731203 , -0.107045444844 , -0.000345987 , 0.000243055 , 253 , 62 , -196 , 285.2737401569331 , 294.04364633117 , -4613.585996994427 , -0.00133846 , -0.00209424 , 0.00318120772016 , 1574442391.8297021
0.616593495829 , -0.415991401893 , -0.260849751584 , -0.000461773 , 0.000342113 , 193 , 232 , -240 , 10.30458924828738 , 1307.3540623142226 , -4378.337792756283 , -0.00341057 , -8.18922e-05 , 0.00379406880503 , 1574442391.9728963
0.734076445655 , -0.403283524371 , -0.368483358213 , -3.8113e-05 , 0.000389231 , -136 , 238 , -194 , -16.75042962050561 , 2860.007643977414 , -2022.8784007653674 , 0.000230853 , 0.00248663 , 0.00336756157381 , 1574442392.1160889
0.834787640414 , -0.446063302281 , -0.354073394484 , -0.000314946 , 0.000358222 , -38 , 194 , -198 , -492.71684013693863 , 3949.049731013317 , -280.12664199368254 , -0.0012932 , 0.000476834 , 0.00367891084768 , 1574442392.2597106
0.9156116069 , -0.53822111732 , -0.19615195525 , -0.000360078 , 0.000313953 , -202 , 168 , -180 , -2198.521689031068 , 2299.5273159776934 , -125.97804291305755 , -0.000865399 , -0.000101226 , 0.00161980010565 , 1574442392.4028034
1.00557722877 , -0.622750233692 , -0.0422006080635 , -0.000384949 , 0.000288781 , -204 , 172 , -181 , -7390.553619894736 , 1470.9044394609514 , -34.2484393838139 , -0.00255914 , -0.00105993 , 0.00722607268664 , 1574442392.5461917
1.09668919418 , -0.698209666164 , 0.0796959218481 , -0.000262933 , 0.00042391 , -219 , 240 , -128 , -13409.77129696957 , 546.9891093397215 , 0.9666713340307495 , 0.00107642 , 0.00141972 , 0.00187448584099 , 1574442392.6894405
1.17754710604 , -0.774598697681 , 0.142188111489 , -0.000373078 , 0.000341227 , -182 , 244 , 0 , -7422.173085997277 , 4.133727959148194 , 496.1534509096918 , -0.0019923 , -0.00194623 , 0.00328082710652 , 1574442392.8328326
1.17840997848 , -0.887506278577 , 0.0438180529718 , -0.000480179 , 0.000136751 , -207 , -59 , 171 , -2086.4771664495725 , -131.43915667231704 , 2707.9639692971878 , -0.00748601 , -0.00568941 , 0.0106947045624 , 1574442392.9761765
1.09029629055 , -0.962427584206 , 0.160274086373 , -0.000335823 , 0.000344087 , -168 , -181 , 185 , -103.21143461092986 , -1940.0346349741117 , 5972.578371455952 , -0.00480098 , -0.00168453 , 0.00509290012083 , 1574442393.1220636
0.986744013399 , -1.02654277804 , 0.292169366628 , -0.0003685 , 0.000372075 , 124 , -230 , 185 , 9.883713021405026 , -9282.261475193463 , 11335.60067665843 , -0.00257191 , -9.36503e-05 , 0.00285354088465 , 1574442393.2670999
0.879725230642 , -1.05461801244 , 0.291728245289 , -0.000274565 , 0.00035405 , 0 , -244 , 256 , 0.9901186763690133 , -22100.6504429365 , 13890.869887009834 , 0.00028112 , 0.000217784 , 0.00192666234682 , 1574442393.410341
0.772915325183 , -1.08304631774 , 0.293345690197 , -0.000205862 , 0.00052278 , 66 , -194 , 180 , 836.9518678214025 , -19405.842626123096 , 5279.530574067035 , -0.00151871 , 0.00383069 , 0.00475866320954 , 1574442393.5538843
0.651867130092 , -1.05665941614 , 0.14292331372 , -6.86035e-05 , 0.000254788 , 169 , -228 , 168 , 6301.693205799249 , -8785.295796705515 , 694.3912698828718 , 0.00188682 , -0.00137403 , 0.0030511423526 , 1574442393.6970537
0.534381562675 , -1.00870397337 , -0.0158803681911 , -0.000143181 , 0.000522738 , 200 , -177 , 180 , 6864.443673904651 , -3963.265515302647 , 114.39191641613127 , 0.00259174 , 0.00280055 , 0.00440167627776 , 1574442393.8402703
0.430699374048 , -0.939802836207 , -0.159538884142 , -0.000357559 , 0.000330444 , 191 , -228 , 180 , 10148.574674209583 , -1039.9980018449037 , 0.013550332203352482 , -0.00112271 , -0.000457652 , 0.00130236281298 , 1574442393.9836664
0.360819899133 , -0.847742440123 , -0.238499603759 , -0.000301575 , 0.000384746 , 166 , -183 , -129 , 4917.214686997306 , -472.5427511925315 , -2.2588468778476085 , 0.000126025 , 0.000942062 , 0.00109962915503 , 1574442394.127076
0.351892807688 , -0.7349360993 , -0.171155079393 , -0.000233866 , 0.000550575 , 183 , -244 , -62 , 1933.6928993102636 , -166.7552671109484 , -72.34028544435792 , 2.23279e-05 , 0.00236362 , 0.00290940984662 , 1574442394.2704546
0.336378188684 , -0.626388298589 , -0.117485316525 , -0.000108385 , 0.00050291 , 210 , -188 , -122 , 771.8736269647052 , -31.89966308914072 , -732.3402378003035 , 0.00323232 , 0.00145251 , 0.00413446624305 , 1574442394.4138925
0.362693120027 , -0.510356855606 , 0.00985170989635 , -0.000350883 , 0.000285553 , 166 , -113 , -242 , 217.4858722800026 , -0.005504518791194386 , -2921.9294835846626 , -0.0023024 , 5.93634e-05 , 0.00590023005932 , 1574442394.557175
0.394399012227 , -0.403233536041 , 0.0863127419277 , -0.000151681 , 0.000111217 , 207 , 0 , -256 , 0.31929649166708957 , 121.66375892869284 , -2063.012436082397 , 0.00271045 , -0.00309872 , 0.00498741352892 , 1574442394.700804
0.480362612354 , -0.343104242321 , 0.0357308284301 , -0.000151521 , 0.000118295 , -105 , 194 , -168 , -67.03113074713978 , 1267.5987469104707 , -2175.3169860912126 , 0.00229905 , -0.0026333 , 0.00350071365126 , 1574442394.84399
0.589212116465 , -0.362080925434 , 0.101604948334 , -0.000160527 , 0.000511576 , -106 , 190 , -181 , -1393.021902813332 , 3265.8078844192823 , -125.07799385972118 , 0.00281191 , 0.00311981 , 0.00530109935747 , 1574442394.9871347
0.688351307822 , -0.422291706053 , 0.216002415489 , -0.000212625 , 0.000418588 , -206 , 181 , 66 , -6629.057507802573 , 5823.861930848071 , 12.624488819039533 , -0.000948978 , -0.00128369 , 0.00161211178499 , 1574442395.1306117
0.759369741777 , -0.505272119739 , 0.207768150501 , -0.000372976 , 0.000257071 , -176 , 166 , 0 , -18244.348775971164 , 6726.435153745256 , 111.94374552120452 , -0.00221808 , -0.00100773 , 0.00489732492233 , 1574442395.2738817
0.801076430167 , -0.617253720543 , 0.0943999664695 , -0.000199595 , 0.000154971 , -202 , 178 , 114 , -19199.526125717228 , 2252.645561655247 , 2059.8247057717363 , 0.000965846 , -0.00280592 , 0.00337607582091 , 1574442395.4218926
0.813380281575 , -0.741556793479 , -0.0667563625813 , -0.000302483 , 0.00028769 , -195 , 171 , 174 , -7667.75583112137 , 65.1970719910907 , 10331.915448750058 , 0.000320282 , -0.000640684 , 0.000869453160706 , 1574442395.5656269
0.788493151652 , -0.856289160951 , -0.177330778134 , -0.000324221 , 0.000209027 , -189 , -121 , 125 , -2757.0669547062703 , -1.9584086207447393 , 14381.526091958152 , 0.000674725 , -0.0024757 , 0.0052380158379 , 1574442395.7080665
0.715789110241 , -0.937462086418 , -0.165126421099 , -9.46328e-05 , 0.000457568 , -168 , -65 , 208 , -1319.4626973408124 , -87.91572657483597 , 10812.961332860317 , 0.00297228 , 0.000893617 , 0.00548960688402 , 1574442395.8513963
0.619228631724 , -0.997616250868 , -0.0669034030275 , -0.000182078 , 0.0001256 , -163 , -117 , 230 , -1105.396608929189 , -508.23176461738035 , 6345.797053275922 , 0.000303643 , -0.00222336 , 0.00800028538978 , 1574442395.9948144
0.50645322852 , -1.05216464044 , 0.103222393242 , -0.000142199 , 0.000406045 , -178 , -171 , 178 , -747.5830707026432 , -1891.5980540145667 , 3723.3136816332526 , 0.0021885 , -0.000102054 , 0.00285381741382 , 1574442396.138085
0.403272595592 , -1.12498203309 , 0.274671553528 , -0.000246736 , 0.000345856 , -199 , -181 , 171 , -142.66363764735613 , -3286.0611173547923 , 1686.348972945655 , 0.00140697 , 0.000132303 , 0.00230006029119 , 1574442396.2814429
0.312963041357 , -1.21002055992 , 0.436416044364 , -3.21781e-05 , 0.000308456 , -170 , -172 , 234 , -0.018538557801596158 , -3199.7917536207883 , 431.10653967951566 , 0.00414474 , -0.00049022 , 0.00417979287432 , 1574442396.4251442
0.229117101433 , -1.29080525341 , 0.545961176793 , -0.000178333 , 0.00049546 , 124 , -188 , 123 , 107.60906955156057 , -1162.2481689311192 , 11.2796506128445 , 0.000437074 , 0.00312081 , 0.00315152393003 , 1574442396.568262
0.128231414568 , -1.29306167576 , 0.522140624507 , -0.000355174 , 0.000312558 , 145 , -188 , -117 , 893.1780665081681 , -100.45543048675098 , -19.328814554539406 , -0.000979159 , 0.000651033 , 0.0021126994289 , 1574442396.711933
0.0625456984576 , -1.21926862516 , 0.538462114036 , -0.000226964 , 0.000156199 , 185 , 67 , -68 , 2501.967906853193 , 11.5467891289746 , -514.9842190312474 , 0.000809775 , -0.00352789 , 0.00464558168186 , 1574442396.8549752
0.065543287934 , -1.1126586409 , 0.520670220045 , -0.000282731 , 0.000395969 , 211 , 63 , -192 , 5176.338709190405 , 1088.9199133296574 , -2978.69209769181 , 0.000477181 , 0.00175502 , 0.00258971446211 , 1574442396.9988577
0.125953997945 , -1.00458780536 , 0.367159994197 , -0.000362267 , 0.000187693 , 194 , 226 , -187 , 5016.650949321456 , 3736.078587247366 , -8248.71739598272 , -0.00109874 , -0.00200993 , 0.00621646741285 , 1574442397.1417453
0.205390778511 , -0.906209004831 , 0.2058566247 , 7.75247e-05 , 0.000246453 , 200 , 171 , -178 , 1533.7475321689833 , 11673.09329379033 , -7469.980190674967 , 0.00307385 , -0.00123948 , 0.0047184797229 , 1574442397.2849553
0.299656952644 , -0.821681338355 , 0.0427887698483 , -0.000153794 , 0.000447962 , 198 , 187 , -175 , 289.0974068402224 , 15525.345530862613 , -2969.8158079658238 , 0.00138743 , 0.00110704 , 0.00529867485491 , 1574442397.4283214
0.406400098847 , -0.75369042289 , -0.118220518756 , -0.000323944 , 0.000273561 , 198 , 175 , -177 , 135.21546582166735 , 6916.316909244091 , -1291.7611987050493 , -0.000249166 , -0.00162996 , 0.00337973258428 , 1574442397.572418
0.522089207677 , -0.708518606341 , -0.268201773895 , -0.000321313 , 0.000353439 , 165 , 174 , -236 , 24.73311850526022 , 2409.145099191794 , -352.2774291497479 , -0.00034472 , 0.00024251 , 0.00530378334009 , 1574442397.715043
0.640167903098 , -0.693192033208 , -0.384363726404 , -0.000315846 , 0.000390612 , 107 , 192 , -194 , -0.00768099395490409 , 617.4977822846512 , -30.327657408149122 , -3.69751e-05 , 0.000824393 , 0.00112408314202 , 1574442397.8583658
0.739101123706 , -0.712504890599 , -0.482733784921 , -0.000314086 , 0.000363146 , -67 , 175 , -87 , -95.34249149888127 , 111.4085405442768 , 0.21428079629164126 , -0.000535819 , 0.000210034 , 0.00175374060406 , 1574442398.001757
0.781401813606 , -0.788989633762 , -0.470823508778 , -0.00017841 , 5.27392e-05 , -128 , 129 , 68 , -1142.6476654353683 , 8.58319551816716 , 75.30199718095294 , 0.000547291 , -0.00519505 , 0.00522414130817 , 1574442398.1451075
0.744940735892 , -0.881530172464 , -0.502290164268 , -0.00019143 , 0.000181742 , -194 , 124 , 194 , -4998.056522263988 , 0.0033482427189149757 , 720.9570290865572 , 0.00116297 , -0.00129886 , 0.00310316638531 , 1574442398.2884026
0.663512549213 , -0.956301877038 , -0.553754320443 , -0.000163597 , 0.000444621 , -187 , -64 , 254 , -15376.981372976541 , -1.6901676682255637 , 2477.7474761358044 , 0.00156489 , 0.000631601 , 0.00170149289733 , 1574442398.431795
0.565524799887 , -1.00427500452 , -0.53949139716 , -0.000408667 , 0.000271049 , -177 , 0 , 196 , -12765.29354183011 , -330.91415912087 , 7619.797435972547 , -0.00201283 , -0.00122199 , 0.00285382549421 , 1574442398.5752144
0.442383347257 , -1.00280175524 , -0.376129461416 , -0.000433498 , 0.000358078 , -200 , -226 , 177 , -7974.813877879466 , -1334.6847225071335 , 7013.4047534971205 , -0.00344881 , -0.000623793 , 0.00473230672631 , 1574442398.7186
0.31815454024 , -1.02003264845 , -0.204386220238 , -0.000313891 , 0.00030747 , -203 , -171 , 183 , -5410.230346699677 , -2456.2769749636423 , 3468.048819579005 , -0.00153016 , -0.00181191 , 0.00391042296256 , 1574442398.8624606
0.198364412719 , -1.05794335412 , -0.0327900195058 , -0.000306742 , 0.000305063 , -194 , -234 , 220 , -2653.1947846338453 , -4265.050927422531 , 1427.51496360144 , 5.69311e-05 , 0.000152739 , 0.000462889169661 , 1574442399.0051825
0.0869968324913 , -1.11587012113 , 0.139982504796 , -0.000351911 , 0.000314873 , -177 , -164 , 183 , -513.0795632510831 , -2590.6475531244255 , 329.2809121089113 , -0.000563467 , -2.59282e-05 , 0.00374868021197 , 1574442399.1490238
-0.0124773183709 , -1.19161791678 , 0.310990543743 , -0.000146286 , 0.000156304 , -204 , -181 , 181 , -24.49806593291089 , -1052.4462034519436 , 14.717338825016252 , 0.00238826 , -0.00234454 , 0.0033908374965 , 1574442399.2918942
-0.0876021264806 , -1.24490447194 , 0.498908234005 , -0.000205769 , 7.51087e-05 , 145 , -198 , -132 , 1.8309273147957 , -187.69142078326286 , -5.759552651225452 , 0.000538841 , -0.00404807 , 0.00430130278528 , 1574442399.4352627
-0.136785952659 , -1.21542177194 , 0.729908775007 , -0.000378755 , 0.000273459 , 0 , -187 , 0 , 121.65274927453588 , -0.2490525328890771 , -299.5308103162352 , -0.00144304 , -0.00177407 , 0.00455607940481 , 1574442399.5789113
-0.18542817646 , -1.13493289647 , 0.887683173795 , -0.000173166 , 0.000194943 , 140 , 66 , -194 , 803.9907347176494 , 127.03524129305868 , -2626.4718402650997 , -0.000190779 , -0.00202642 , 0.00209070180525 , 1574442399.7221901
-0.184643015772 , -1.01946626558 , 0.781519971629 , -0.00044086 , 0.000352632 , 196 , 168 , -166 , 1723.159550543687 , 2414.27244789853 , -7748.0219404417285 , -0.00520951 , -0.000801157 , 0.00618350406636 , 1574442399.8654003
-0.151895214309 , -0.897275716278 , 0.621687006594 , -0.000362541 , 0.000382013 , 194 , 171 , -222 , 339.4417345172137 , 13382.280112576453 , -3664.0640475257433 , -0.00185377 , 0.000527747 , 0.00236468089021 , 1574442400.0087645
-0.0998438659974 , -0.782070703748 , 0.45832507085 , -0.000416728 , 0.000327402 , 200 , 180 , -240 , -0.03554310877362986 , 29955.414830198242 , -111.96142545392453 , -0.00247864 , -1.63998e-05 , 0.00280035154064 , 1574442400.1520576
-0.0236317301526 , -0.700638334051 , 0.332605489337 , -0.000322688 , 0.00040722 , -141 , 187 , -173 , -16.03634571655768 , 23193.67219895494 , -5.313611586253502 , -0.00103754 , 0.0013759 , 0.00275547619814 , 1574442400.2954152
0.0677587424522 , -0.68213298897 , 0.284817344317 , -0.000125968 , 0.000483571 , 0 , 187 , -78 , -104.17225092423651 , 14500.779363086585 , 6.482116924377443e-05 , 0.00142442 , 0.00134725 , 0.0033855392038 , 1574442400.4389427
0.153956135441 , -0.71960027737 , 0.276877160221 , -0.000265512 , 0.00030594 , -155 , 192 , 69 , -690.2792014233054 , 9437.852363445749 , 3.9336067913546646 , 0.00103544 , -0.00121277 , 0.00166172624528 , 1574442400.5821807
0.230670958588 , -0.796955467678 , 0.270260340142 , -0.000352328 , 0.000270839 , -166 , 173 , 64 , -2518.99935812721 , 6248.55600495086 , 53.849750751267294 , -9.64071e-05 , -0.00030397 , 0.00599698460393 , 1574442400.7253284
0.290822016715 , -0.891554855025 , 0.205268462915 , -0.000318722 , 0.000378134 , -185 , 171 , 177 , -3689.5582892933667 , 2993.1041895897592 , 434.396652870256 , -0.000956918 , -0.000439078 , 0.00116244831382 , 1574442400.868796
0.317462517211 , -1.01262595991 , 0.046023659665 , -0.000299801 , 0.00034911 , -205 , 166 , 190 , -2474.5432518311777 , 913.5026869370299 , 1282.451821568122 , 0.000284665 , -1.56982e-06 , 0.00201463340659 , 1574442401.012166
0.323330373098 , -1.13792888318 , -0.115720831171 , -0.000217678 , 0.000164761 , -178 , 175 , 181 , -597.957437949488 , 105.25739143159423 , 1932.025443032429 , -0.00046861 , -0.00506605 , 0.00517093639898 , 1574442401.1555667
0.303651705866 , -1.25860740895 , -0.261879034708 , -0.000344653 , 0.000326005 , -196 , 166 , 230 , -48.308435387420865 , 0.32010703659480005 , 1838.5598998351475 , -0.00154904 , 1.64383e-05 , 0.00377134954483 , 1574442401.2989743
0.253907732007 , -1.35018106146 , -0.379658432125 , -0.000139169 , 0.000120456 , -171 , 0 , 210 , -0.08978638860673385 , -25.683709234753106 , 691.6767843045408 , 0.00140843 , -0.00263072 , 0.00483972907219 , 1574442401.4422324
0.173300492823 , -1.37814657758 , -0.433181154547 , -0.000358291 , 0.000276374 , 130 , -134 , 200 , 12.762666400955718 , -526.5522763870471 , 244.30472633440516 , 0.000100058 , -0.00242961 , 0.00354379480922 , 1574442401.5855043
0.0780809970007 , -1.33007748054 , -0.434651559009 , -0.000334288 , 0.000341714 , 0 , -206 , 198 , 163.10520934922252 , -3143.3017022359045 , 107.3993070234356 , -0.00449436 , 0.0001492 , 0.00634731034452 , 1574442401.7290046
0.00669681812721 , -1.23792033555 , -0.541549963407 , -0.000313426 , 0.00034135 , 175 , -238 , 174 , 628.8654958303838 , -9948.099107510687 , 62.01123661051219 , 1.37291e-05 , -0.000967908 , 0.00335952091023 , 1574442401.8722107
-0.0408675504696 , -1.12623661929 , -0.663152412426 , -0.00011994 , 0.000603769 , 215 , -175 , 122 , 1757.5977950052995 , -13676.588690383427 , 3.9463472538112696 , 0.00112995 , 0.00353204 , 0.00451231685196 , 1574442402.0162404
-0.0522088134454 , -1.01215737491 , -0.728732451438 , -0.000273922 , 0.000300107 , 166 , -244 , -63 , 2925.581253339539 , -6966.786265926794 , -21.362018647243907 , -0.000238818 , -0.00120983 , 0.00289956259005 , 1574442402.1590292
