0.0 , -0.000111750739123 , 0.000294080892428 , -0.000721084 , 0.000437893 , 0 , 0 , 0 , -50.32964899749918 , 4.068182117193398 , 9.651696783385836 , -0.00865411 , 0.00607128 , 0.0107209891086 , 1574442265.2440307
-0.0015425481204 , -0.020227338285 , 0.0413183653862 , -0.00033774 , -0.000158505 , -148 , 0 , 0 , -1066.969898757582 , 82.06680128935614 , 179.98586785086079 , 0.000313841 , -0.00549112 , 0.0119434005873 , 1574442265.3874903
-0.0107387491991 , -0.102367097299 , 0.00529345606371 , -0.000387209 , 1.47928e-05 , 174 , -68 , -95 , 4211.909983162655 , -428.3893021354249 , -611.1385214029928 , -0.001288 , -0.000535073 , 0.012659364929 , 1574442265.5308669
-0.0119074105334 , 0.00870850736419 , 0.168655391808 , -0.000470422 , 0.000228567 , 199 , -238 , -177 , 3773.8194208561576 , -435.0003922840556 , -656.0056259530919 , -0.000374639 , 0.00156845 , 0.00713922405176 , 1574442265.6746054
-0.0339556495525 , 0.133871984344 , 0.341721997002 , -0.000317875 , 9.80948e-05 , 196 , -166 , -188 , 3972.6208619120034 , -319.36615243977343 , -845.0845869671663 , 0.000791448 , 0.00109463 , 0.0132458545596 , 1574442265.817882
-0.0773767375855 , 0.253642219631 , 0.515082683088 , -0.000298102 , 0.000130078 , 224 , -178 , -222 , 7277.028852293161 , -1462.3070373300823 , -1025.4013131411239 , 0.00112507 , 0.000342262 , 0.0116853242052 , 1574442265.9612224
-0.140751524308 , 0.364030062638 , 0.68785520739 , -0.000404401 , 0.000316059 , 172 , -224 , -181 , 5844.28512781471 , -391.4555961638831 , -1503.7698147327203 , -0.000180641 , 0.00360824 , 0.0117974848827 , 1574442266.104386
-0.221608792548 , 0.46197077993 , 0.860039569907 , -0.000458664 , 0.000274475 , 220 , -220 , -174 , 3820.112245732587 , -23.843134572692044 , -1791.3733072150794 , -0.00145031 , 0.00171457 , 0.0131607139879 , 1574442266.2489424
-0.296997072989 , 0.552280518073 , 0.971496228137 , -0.000506741 , 0.000467718 , 192 , 58 , -198 , 2108.914530506188 , 1.1070008399469669 , -1722.56133950133 , -0.00120651 , -0.000260466 , 0.00864073292098 , 1574442266.391315
-0.340772888265 , 0.653971693428 , 0.962967882257 , -0.000390793 , 0.000111862 , 253 , 0 , -198 , 855.0909818773412 , 130.07778797408537 , -1319.6832956385717 , -9.45495e-05 , -0.00145129 , 0.0100750044041 , 1574442266.537305
-0.344914031585 , 0.775749931915 , 0.84048319056 , -0.000342269 , -0.000266917 , 195 , 183 , -187 , 167.50731410114898 , 816.9501051942794 , -651.9934832146891 , -0.000703009 , -0.00389116 , 0.00965959844091 , 1574442266.6819453
-0.316786883544 , 0.896906966892 , 0.688443369175 , -0.00072978 , -0.000554708 , 161 , 226 , -187 , 6.436009637002509 , 1908.9898825396772 , -185.14027000533233 , -0.00798538 , -0.00945685 , 0.0148993200164 , 1574442266.825351
-0.26247042033 , 1.00027449804 , 0.562135625877 , -0.000843368 , -0.000138554 , 125 , 185 , -183 , -0.0037137635949987297 , 2317.032648786881 , -45.77610440440494 , -0.000934276 , -0.000642229 , 0.00474449569871 , 1574442266.9687245
-0.190147662138 , 1.07076173928 , 0.455237221479 , -0.000844829 , -5.86772e-05 , 78 , 204 , -136 , -0.7917161606523795 , 1872.5187480566763 , -23.098212214712788 , -0.00295791 , 0.000597584 , 0.00779904873055 , 1574442267.1121242
-0.11145135855 , 1.10645539566 , 0.354514515822 , -0.000642427 , -0.000166058 , 0 , 210 , 0 , -3.6225028818167493 , 1330.3999504277251 , -16.098056870850034 , 0.00132599 , -0.00258428 , 0.00748348868099 , 1574442267.2553825
-0.0337023582614 , 1.11247472353 , 0.251439163026 , -0.000664218 , -3.13772e-05 , 0 , 185 , -101 , -9.903973343193247 , 929.93382212428 , -5.3143998396511485 , -0.00205402 , -0.000416265 , 0.00728969280804 , 1574442267.399048
0.0352594769848 , 1.10307531416 , 0.113221143585 , -0.000691218 , -7.14049e-06 , 0 , 196 , 0 , -16.43401685032215 , 624.7748798480158 , -0.881513352292947 , -0.0029202 , 0.000429401 , 0.0060421452218 , 1574442267.5422082
0.0952991722201 , 1.0791696132 , -0.0474940641272 , -0.000662039 , 0.00016559 , 0 , 141 , 0 , -20.44921160483729 , 389.7109895715018 , -0.17270285796009086 , -0.00257091 , 0.0030985 , 0.00822662855377 , 1574442267.6854057
0.148805511508 , 1.04502124439 , -0.213649768349 , -0.000588534 , -1.83085e-05 , 0 , 136 , 0 , -12.757453707721133 , 231.6594777167772 , -0.002734658285302631 , -0.00166968 , -0.00114286 , 0.0055389294978 , 1574442267.8287256
0.195259205416 , 1.002838655 , -0.378776189448 , -0.00058648 , -0.000192598 , 0 , 277 , 0 , -8.011215527969256 , 126.91873314631403 , -0.03920163652037082 , -0.00101061 , -0.00378942 , 0.00535880143172 , 1574442267.9728208
0.231203733484 , 0.957321269284 , -0.531404172618 , -0.000584589 , 1.40624e-05 , 0 , 145 , 0 , -5.2496704774708665 , 53.076164273917236 , -0.7926824347879955 , -0.00157211 , 0.000326407 , 0.00386487173078 , 1574442268.1154423
0.255345538725 , 0.914742344996 , -0.660211603502 , -0.000408896 , -9.62895e-05 , 0 , 0 , 0 , -2.690372254301972 , 14.267249792368315 , -2.443004764499059 , 0.000612051 , -0.00274016 , 0.00422845238235 , 1574442268.2589293
0.268482930872 , 0.882506188909 , -0.751817801493 , -0.000531505 , -2.66995e-05 , 0 , 141 , 0 , -1.4363741689569745 , 1.0145893717204202 , -4.687534000713476 , -0.000411395 , -0.0018361 , 0.00314540625944 , 1574442268.4022422
0.274175854981 , 0.863796763791 , -0.803281957668 , -0.000526359 , 7.1155e-05 , 0 , 0 , 0 , -1.3528095964316036 , -0.08295471908234882 , -7.536591667190462 , -0.00193479 , 0.00224869 , 0.00747251581676 , 1574442268.5457127
0.275552256664 , 0.858266176242 , -0.818280083182 , -0.000444716 , 2.41955e-05 , 0 , 0 , 0 , -1.2442656664347733 , -6.147516767449808 , -7.553969699321523 , 0.00028258 , -0.00126167 , 0.00157524254272 , 1574442268.6889455
0.275362065261 , 0.859082442153 , -0.816074476489 , -0.000306296 , -5.26127e-06 , 0 , 0 , 0 , -1.31384638861407 , -24.987378767944698 , -7.588028520215553 , 0.00135058 , 0.000921794 , 0.00355942201415 , 1574442268.8322668
0.27533646642 , 0.859191221411 , -0.815780395596 , -0.000475453 , -6.73835e-05 , 0 , 0 , 0 , -1.3107658119252497 , -46.73440792813531 , -8.039341390068923 , -0.0024743 , -2.00693e-05 , 0.00656841446528 , 1574442268.9756951
0.27533646642 , 0.859191221411 , -0.815780395596 , -0.000680288 , 2.77097e-05 , 0 , 0 , 0 , -1.1253770658538254 , -53.822579792443655 , -9.494017062512745 , -0.00400974 , 0.000468676 , 0.00557572379057 , 1574442269.1189327
0.271222718381 , 0.876649083381 , -0.768580412362 , -0.000556092 , -5.43399e-05 , 0 , -148 , 0 , -1.247402526451252 , -52.23025714560848 , -13.712220300484422 , -0.00170031 , -0.000757382 , 0.00418709409521 , 1574442269.2624626
0.261987030858 , 0.908935181919 , -0.680209104187 , -0.000374873 , -1.48749e-05 , 0 , 0 , 0 , -1.07472818486225 , -55.76379196851639 , -15.940300363834437 , -0.000376464 , -0.000659079 , 0.00251159558391 , 1574442269.4055223
0.248334056658 , 0.944452565501 , -0.580074560315 , -0.000437293 , -0.000261566 , 0 , 0 , 0 , -0.8532423721860847 , -73.23826455990572 , -18.3911186657466 , -0.0012926 , -0.00526702 , 0.00733958400843 , 1574442269.5490084
0.228556912581 , 0.9836655589 , -0.464500769591 , -0.000523505 , 4.04001e-05 , 0 , -148 , 0 , -0.5769312811220862 , -61.95817878674988 , -24.01491293286259 , -0.000471619 , 0.000357658 , 0.00537959144834 , 1574442269.6931765
0.204174565563 , 1.02066290378 , -0.347897695743 , -0.000386062 , -0.000108371 , 0 , -148 , 0 , -0.4649117140755235 , -29.895762149587043 , -32.82882248544897 , 0.00105362 , -0.00153006 , 0.0048781502869 , 1574442269.8356898
0.180904582154 , 1.04832929131 , -0.252762527042 , -0.000388728 , -6.3701e-05 , 0 , 0 , 0 , -0.4953270386177403 , -9.247551793822655 , -42.022421639266184 , 0.000200768 , -0.000216554 , 0.00272590253757 , 1574442269.9790516
0.164878739745 , 1.06406807342 , -0.193652267664 , -0.000381094 , -9.68066e-05 , 0 , 0 , 0 , -0.6113606803022325 , -0.3579854311525681 , -43.291965555884 , 0.00117489 , -0.001203 , 0.00486311766613 , 1574442270.1183884
0.157636070019 , 1.07038524583 , -0.168361310915 , -0.000413783 , -0.000121822 , 0 , 0 , 0 , -1.7874174985319007 , 0.40008896392065296 , -43.47908830562098 , -0.000479824 , -0.00290668 , 0.00397804695074 , 1574442270.2617104
0.156259306517 , 1.0715260826 , -0.163656016636 , -0.000561259 , 3.86671e-05 , 0 , 0 , 0 , -4.552191374610462 , 9.235706983917613 , -37.35683252333067 , -0.00085347 , 0.000584407 , 0.00476563035316 , 1574442270.4009986
0.156432071043 , 1.07138428934 , -0.164244178421 , -0.000497719 , 5.9149e-05 , 0 , 0 , 0 , -8.191083003627142 , 29.147974139887992 , -32.535064123493434 , -0.000646982 , -0.000398243 , 0.00326845210157 , 1574442270.5443795
0.156518411593 , 1.07131334191 , -0.164538259314 , -0.000330439 , -0.000127828 , 0 , 0 , 0 , -10.87149540822738 , 47.21293143080932 , -31.7039528575323 , 0.00196244 , -0.00364114 , 0.00443338279047 , 1574442270.6876
0.156604731275 , 1.0712423691 , -0.164832340206 , -0.000442169 , -0.000107734 , 0 , 0 , 0 , -11.987489677637068 , 56.83631640506041 , -34.22421292900358 , 0.000558216 , -0.00197051 , 0.00476332290164 , 1574442270.8310483
0.173346699703 , 1.05746871923 , -0.221884033337 , -0.000515804 , 8.61051e-05 , 0 , 0 , 0 , -10.765123312697476 , 67.25868900034985 , -34.11019136254397 , -0.00104917 , 0.000328225 , 0.00378224282948 , 1574442270.9744124
0.201346219038 , 1.03161972464 , -0.322165617655 , -0.000283971 , -1.51278e-05 , 0 , 148 , 0 , -14.098963668439268 , 80.93022515135135 , -40.790463415471976 , 0.00295956 , 0.000355116 , 0.00417817132333 , 1574442271.1177342
0.231619560451 , 0.997451560311 , -0.442297662212 , -0.000360482 , -9.52501e-06 , 0 , 0 , 0 , -16.293740226439663 , 126.71825672014509 , -32.8622251499268 , 0.000842853 , -0.000954104 , 0.0044739604829 , 1574442271.2611237
0.262314394166 , 0.953053437222 , -0.584338733255 , -0.000314481 , -5.2923e-05 , 0 , 148 , 0 , -13.93951500392 , 128.8736671761312 , -42.1389236634036 , 0.00160487 , -0.00172907 , 0.00449981835237 , 1574442271.4044104
0.287368860263 , 0.902953908369 , -0.731526219916 , -0.00032874 , 7.76881e-06 , 0 , 261 , 0 , -7.983888158414078 , 87.50734572606746 , -60.97320004370551 , 0.00427279 , -0.000256239 , 0.00643516734974 , 1574442271.5477505
0.303749475311 , 0.85310947067 , -0.869156077572 , -0.000354089 , 1.13166e-05 , 0 , 133 , 0 , -3.3343884554510916 , 44.624993395174755 , -85.97359142295524 , 0.00018717 , 0.000936524 , 0.00193612295164 , 1574442271.6912167
0.335543154185 , 0.801291401534 , -0.91738534393 , -0.000529641 , 0.000364206 , 0 , 88 , -175 , -0.8170081715328456 , 9.626540715282072 , -117.31366238261295 , -0.00119232 , 0.00501652 , 0.0081358756782 , 1574442271.8346262
0.386330582208 , 0.752051002297 , -0.862686297939 , -0.000323707 , -0.000185099 , 0 , 90 , -130 , -0.13644109254937486 , 0.07752524734567354 , -155.82838650810257 , 0.00218187 , -0.0037891 , 0.0059554855912 , 1574442271.977992
0.444226137572 , 0.719572491337 , -0.742407212936 , -0.000474333 , 8.41704e-05 , 0 , 0 , -256 , -0.003833268534081876 , -3.022145060079919 , -202.71619805604365 , -0.000401838 , 5.00999e-05 , 0.00461878607193 , 1574442272.121652
0.504173649411 , 0.707679618169 , -0.57522222559 , -0.000328464 , -0.000106828 , 0 , 0 , -145 , -0.003940673039319057 , -27.27724496457584 , -181.90666791190395 , 0.0021088 , -0.00225849 , 0.00388986071916 , 1574442272.265177
0.564879636037 , 0.704979065205 , -0.413330694308 , -0.000307264 , -1.83847e-05 , 0 , 0 , -272 , -0.01401432745627393 , -68.25983791693561 , -115.24563502624449 , 0.00112719 , -0.000319905 , 0.00400049753265 , 1574442272.40773
0.604660727801 , 0.734359009114 , -0.187623609369 , -0.000396041 , 9.2598e-05 , 0 , -177 , -193 , -0.02324990226975893 , -77.71603783514539 , -61.363767830689895 , 0.0031189 , 0.000137276 , 0.00958597289793 , 1574442272.5513682
0.618021519098 , 0.779567663696 , 0.0592572998243 , -0.00048219 , 0.000151844 , 0 , -92 , -185 , -0.005741835370026841 , -75.06497679317866 , -28.762239689752136 , -0.00174678 , 0.00363645 , 0.00495270157503 , 1574442272.695079
0.606855134441 , 0.821529105718 , 0.283199899409 , -0.000534696 , 1.48061e-05 , 0 , -92 , -93 , 1.1691384468286437e-06 , -86.76270777534425 , -8.112697502831285 , -0.000853892 , -0.000992157 , 0.00387639597776 , 1574442272.8380191
0.574566094325 , 0.850569047652 , 0.477440328858 , -0.000484675 , -1.48921e-05 , 0 , -182 , -96 , 0.01714954438751126 , -50.96983596724241 , -2.0144461950456845 , -0.00144385 , -0.00149463 , 0.00230468006568 , 1574442272.981309
0.535326460456 , 0.861440058476 , 0.623157411056 , -0.000333238 , -1.86733e-05 , 0 , -148 , 0 , 0.2223239511764923 , -14.96397500290048 , -0.04968347793184251 , 0.000719231 , -0.00213418 , 0.00419782668263 , 1574442273.1246376
0.50517600462 , 0.860276314503 , 0.710793517 , -0.000444247 , 0.00014661 , 0 , -148 , 0 , 0.439634571087545 , -1.9084770374936626 , 0.04287887805608897 , -0.00029051 , 0.0013603 , 0.0037099599727 , 1574442273.2639093
0.488651767778 , 0.857294169071 , 0.755640853095 , -0.000554168 , 0.000348091 , 0 , 0 , 0 , 0.3625327331027425 , 0.0001554801498784027 , 1.0747977735823455 , -0.0015455 , 0.00245408 , 0.00495131181378 , 1574442273.403202
0.484192784604 , 0.856240518364 , 0.767698169684 , -0.000227391 , 8.47032e-05 , 0 , 0 , 0 , 0.2953672697957641 , 2.749753340269699 , 4.503751054985496 , 0.000349775 , 0.00109709 , 0.00369322926118 , 1574442273.5425637
0.48495185012 , 0.856429575762 , 0.765639603437 , -0.000400019 , -9.33168e-05 , 0 , 0 , 0 , 0.10038223847836253 , 14.884570771023073 , 6.676948759368011 , -0.000524004 , -0.00205392 , 0.00500924259553 , 1574442273.681753
0.48495185012 , 0.856429575762 , 0.765639603437 , -0.000385354 , -0.000114072 , 0 , 0 , 0 , 0.021566885383719234 , 30.060551136426085 , 8.714950032610615 , 0.000480125 , -0.0013717 , 0.00279543089116 , 1574442273.8209317
0.48495185012 , 0.856429575762 , 0.765639603437 , -0.000321745 , 1.5689e-05 , 0 , 0 , 0 , 0.0019158447543820127 , 38.364900071155134 , 9.972380731330698 , 0.000867065 , 1.55769e-05 , 0.00181023025445 , 1574442273.9602313
0.48495185012 , 0.856429575762 , 0.765639603437 , -0.000444212 , 0.000440198 , 0 , 0 , 0 , -1.8810461909200149e-07 , 40.98364180998232 , 10.665695376312101 , 0.000474397 , 0.00599593 , 0.00605880205647 , 1574442274.0996034
0.485006096769 , 0.85644296822 , 0.765492562991 , -0.000493332 , 0.00011268 , 0 , 0 , 0 , -0.0027522334599570934 , 44.655690498852536 , 11.519460584063912 , -0.00183173 , 0.000762196 , 0.00432578740294 , 1574442274.238702
0.485006096769 , 0.85644296822 , 0.765492562991 , -0.000242922 , 4.01883e-05 , 0 , 0 , 0 , -0.022359416460682163 , 48.50741436585184 , 12.443814035129934 , 0.00176048 , 0.00122695 , 0.00477559976636 , 1574442274.3780496
0.485060345388 , 0.856456352702 , 0.765345522545 , -0.000442263 , -0.000155706 , 0 , 0 , 0 , -0.07763192815953386 , 52.53261221470746 , 13.44244358200719 , -0.0015321 , -0.00325341 , 0.00686310629518 , 1574442274.517166
0.502149279889 , 0.860669951619 , 0.719027781988 , -0.000430919 , 1.69408e-05 , 0 , 141 , 0 , -0.09906731352995633 , 60.093127904333905 , 16.67856682218002 , 0.000473656 , 7.89994e-05 , 0.00279036959902 , 1574442274.6607292
0.535529636427 , 0.867277779654 , 0.629480150243 , -0.000544278 , 8.4703e-05 , 0 , 0 , 0 , -0.220730056106975 , 70.97095754546373 , 18.11362635945182 , -0.0027702 , 0.00202017 , 0.0048645599714 , 1574442274.799904
0.57767887361 , 0.871708689304 , 0.51772941112 , -0.000437834 , 0.000138029 , 0 , 138 , 0 , -0.4349452238230147 , 92.62717479144784 , 22.52512254773802 , -0.000684459 , 0.00208919 , 0.00294475555033 , 1574442274.9432287
0.624948622039 , 0.871431242735 , 0.393333193623 , -0.00036292 , -0.000205163 , 0 , 145 , 0 , -0.6110399972709293 , 94.19858708358623 , 23.530417379071878 , 0.00057156 , -0.00298047 , 0.00448702239346 , 1574442275.0829806
0.675641416899 , 0.86479010901 , 0.258791185337 , -0.00039567 , -0.000104502 , 0 , 138 , 0 , -0.7662357400994201 , 72.96315127895801 , 20.379108626630497 , -0.000783048 , -0.00309625 , 0.00422612015007 , 1574442275.2258432
0.722720312031 , 0.85202344326 , 0.130424875792 , -0.000460584 , 0.000110726 , 0 , 148 , 0 , -0.9344948017718575 , 47.65089823795606 , 16.49927483653563 , 0.000102968 , 0.00111478 , 0.0022911869762 , 1574442275.3692462
0.761746214377 , 0.835784284752 , 0.0189682175616 , -0.000238587 , -4.88249e-05 , 0 , 0 , 101 , -1.2414162678469185 , 25.75104294140262 , 12.751274862301601 , 0.00290762 , -0.00102427 , 0.00372337252305 , 1574442275.5126102
0.78982094524 , 0.82027775987 , -0.0654329985653 , -0.000645105 , -4.78649e-05 , 0 , 151 , 0 , -2.4506415827792654 , 8.643268451204046 , 8.0105889816803 , -0.00331932 , -0.000557588 , 0.00784714003251 , 1574442275.6517546
0.80724314332 , 0.808637043871 , -0.120573165896 , -0.000313513 , -1.38825e-05 , 0 , 0 , 0 , -2.9247590949672153 , 2.0417321448734587 , 7.74983302962409 , 0.00169633 , -0.000654586 , 0.00398694639295 , 1574442275.7951534
0.813855457095 , 0.803670874181 , -0.142335151935 , -0.000459747 , 1.67719e-05 , 0 , 0 , 0 , -5.821323281799829 , 0.12487973038903746 , 4.456513441988616 , -0.00101094 , 0.000920502 , 0.00393930661925 , 1574442275.9344337
0.815129631449 , 0.802669809953 , -0.146599324876 , -0.000515805 , 0.000254786 , 0 , 0 , 0 , -8.43441410855847 , -0.0003145337919157956 , 3.6874193877492423 , -0.0014406 , 0.00103308 , 0.00410974363056 , 1574442276.0737493
0.815173420899 , 0.802635103456 , -0.146746365322 , -0.000418271 , 0.00016111 , 0 , 0 , 0 , -11.179248495234337 , -0.07415117042106067 , 2.847765189601712 , 0.000125828 , 0.00122782 , 0.0075308901945 , 1574442276.2128906
0.815173420899 , 0.802635103456 , -0.146746365322 , -0.000278758 , 0.000166877 , 0 , 0 , 0 , -13.35833888357587 , -0.11659772665342835 , 2.329712754258525 , 0.00263974 , 0.00180678 , 0.00587682637471 , 1574442276.356251
0.815173420899 , 0.802635103456 , -0.146746365322 , -0.00050453 , 4.62481e-05 , 0 , 0 , 0 , -15.207170081779621 , -0.05828206589609712 , 2.009389216119868 , 4.38527e-05 , 0.00103637 , 0.0019467697851 , 1574442276.4964643
0.815173420899 , 0.802635103456 , -0.146746365322 , -0.00047272 , -6.68755e-05 , 0 , 0 , 0 , -17.107507902475934 , -0.015090955065857533 , 1.7613123142948035 , 0.000795383 , -0.0011288 , 0.00363897867494 , 1574442276.6347961
0.815173420899 , 0.802635103456 , -0.146746365322 , -0.000532193 , 6.46646e-05 , 0 , 0 , 0 , -19.184929445568166 , -0.001281064626020637 , 1.5418856876804783 , -0.0016357 , 0.000695606 , 0.00502615778444 , 1574442276.778177
0.815173420899 , 0.802635103456 , -0.146746365322 , -0.000381382 , 0.000216281 , 0 , 0 , 0 , -21.455863121928203 , 8.358466976832166e-06 , 1.3470051493961852 , 0.000523538 , 0.00271775 , 0.00492285683546 , 1574442276.9179585
0.815173420899 , 0.802635103456 , -0.146746365322 , -0.000492712 , 3.74226e-05 , 0 , 0 , 0 , -23.93323543618951 , 0.0036468252169767528 , 1.1743201822515053 , 0.000161292 , 0.000485597 , 0.00339643451057 , 1574442277.0608747
0.815173420899 , 0.802635103456 , -0.146746365322 , -0.000330315 , -4.25345e-05 , 0 , 0 , 0 , -26.63050918852168 , 0.025167595726940196 , 1.0216600440363288 , 0.00262565 , -0.000870324 , 0.00401999885416 , 1574442277.2000892
0.815165250789 , 0.802579828631 , -0.146599324876 , -0.000528753 , 0.000256209 , 0 , 0 , 0 , -29.56169067800754 , 0.0821506993665818 , 0.8870242703651569 , -0.0011203 , 0.00147743 , 0.00616761237684 , 1574442277.3433247
0.815165250789 , 0.802579828631 , -0.146599324876 , -0.000387288 , -4.61336e-05 , 0 , 0 , 0 , -32.75210554387539 , 0.19313487355360973 , 0.7682976867977543 , 7.69693e-05 , -0.000834725 , 0.00375547081165 , 1574442277.4867296
0.815165250789 , 0.802579828631 , -0.146599324876 , -0.000140275 , 5.83323e-05 , 0 , 0 , 0 , -36.21301994334324 , 0.37732481886513963 , 0.6639336722449107 , 0.00265089 , 0.00164686 , 0.00977005645941 , 1574442277.630088
0.815165250789 , 0.802579828631 , -0.146599324876 , -0.000290272 , 0.000151982 , 0 , 0 , 0 , -39.86156438192284 , 0.6523569824652544 , 0.5742802049458781 , 0.000760678 , 0.00108781 , 0.00816277965357 , 1574442277.7694292
0.815165250789 , 0.802579828631 , -0.146599324876 , -0.000231906 , -3.62992e-05 , 0 , 0 , 0 , -43.87710373729925 , 1.040085594258648 , 0.49479753202866417 , 0.000983701 , 0.000412716 , 0.00844731949497 , 1574442277.908597
0.815165250789 , 0.802579828631 , -0.146599324876 , -0.000358815 , 0.000300555 , 0 , 0 , 0 , -48.20489194470429 , 1.5592040549279433 , 0.4255710489441335 , -0.00151248 , 0.002168 , 0.00537005224928 , 1574442278.0478034
0.815157088806 , 0.802524552606 , -0.146452284429 , -0.000371565 , 0.000200258 , 0 , 0 , 0 , -52.86232183779043 , 2.229330514137469 , 0.36543500226391845 , 3.3254e-06 , 0.000123653 , 0.00404384234673 , 1574442278.1871672
0.815148934952 , 0.802469275381 , -0.146305243983 , -0.000348587 , -6.5839e-05 , 0 , 0 , 0 , -57.88210230977433 , 3.0703728244346102 , 0.3131404082055759 , -0.00020673 , -0.00123855 , 0.0053591830903 , 1574442278.3270001
0.812086141729 , 0.781684588294 , -0.0910180362066 , -0.000243646 , 3.33284e-05 , -145 , 0 , 0 , -69.26918274313088 , 3.2546006240905987 , 0.18656768603367577 , 0.00118908 , 6.66132e-05 , 0.0046419745933 , 1574442278.4696746
0.808576796328 , 0.743234525137 , 0.0105869121274 , -0.00028536 , 0.000183726 , -148 , 0 , 0 , -79.89327048576638 , 4.451935969300051 , 0.0903353015796563 , 0.000275036 , 0.00035878 , 0.00630961579256 , 1574442278.6131482
0.809056532493 , 0.697922139909 , 0.129836714007 , -0.000528354 , -6.52032e-06 , -141 , 0 , 0 , -104.36758424024462 , 8.112698671572558 , 0.03243462469963752 , -0.00403097 , -0.00073622 , 0.00539634399698 , 1574442278.756408
0.815697628018 , 0.647060286333 , 0.264819843632 , -0.000332976 , 1.56771e-05 , -145 , 0 , 0 , -114.6880227798221 , 7.15461570995096 , 0.03522314613139242 , 0.000772367 , -0.000767756 , 0.00247463479177 , 1574442278.8997195
0.829927326842 , 0.594588794067 , 0.407890197798 , -0.000224772 , 9.81142e-05 , -145 , 0 , 0 , -77.43171030036966 , 5.866116589657667 , 0.15670389902472429 , 0.00212158 , 0.000686381 , 0.00410110154226 , 1574442279.0431817
0.85020764152 , 0.547657216804 , 0.542432206084 , -0.000287962 , 0.000106121 , -148 , 0 , 0 , -43.6390901759968 , 4.486877413291018 , 0.5673894466333023 , 0.000264544 , 0.0011406 , 0.00212208626517 , 1574442279.1866105
0.872359846129 , 0.510904748398 , 0.655359268777 , -0.000243243 , 6.76925e-05 , -141 , 0 , 0 , -16.91085986153358 , 3.1711884142066857 , 1.368535012478661 , 0.00185084 , 7.44837e-05 , 0.0024184052499 , 1574442279.3298395
0.89047599718 , 0.487337353339 , 0.733584786163 , -0.000173801 , -0.000358632 , 0 , 0 , 0 , -2.7021003433408186 , 2.3788398986132204 , 2.420235096637626 , 0.00296351 , -0.00663468 , 0.00738623664383 , 1574442279.469615
0.901549536832 , 0.475052449636 , 0.777108758242 , -0.000356672 , 3.41848e-05 , 0 , 0 , 0 , -0.009472970564845605 , 2.121966323474215 , 3.334940969377888 , -0.000561628 , -1.47279e-05 , 0.00348571458112 , 1574442279.6124208
0.9046840157 , 0.47186556926 , 0.788871993939 , -0.000339715 , 2.52213e-05 , 0 , 0 , 0 , 0.837202957191164 , 2.9487480038338827 , 4.558512632818503 , 0.00176627 , 0.000504495 , 0.00324455261601 , 1574442279.7517033
0.904961543752 , 0.471589962711 , 0.789901277063 , -0.00036368 , 1.9598e-05 , 0 , 0 , 0 , 5.002739486728187 , 3.341876909381961 , 5.497275285519521 , -0.000852643 , 0.000167666 , 0.00336281339551 , 1574442279.8908784
0.904961543752 , 0.471589962711 , 0.789901277063 , -0.000257538 , 6.52068e-05 , 0 , 0 , 0 , 10.101458215618544 , 3.721811628751039 , 6.2995793064995755 , 0.00174187 , 0.00035375 , 0.00257021945793 , 1574442280.0311089
0.904961543752 , 0.471589962711 , 0.789901277063 , -0.00019296 , 8.37774e-05 , 0 , 0 , 0 , 10.417454869750246 , 4.0096559035664505 , 7.449787006724546 , 0.000348014 , 0.000406838 , 0.00366543000981 , 1574442280.1694446
0.904961543752 , 0.471589962711 , 0.789901277063 , -0.000436782 , -3.55779e-06 , 0 , 0 , 0 , 8.610893551454142 , 4.280747456789326 , 8.82878529030744 , -0.00264554 , -0.00101148 , 0.00494142392308 , 1574442280.3127825
0.904961543752 , 0.471589962711 , 0.789901277063 , -3.36062e-05 , 0.000143382 , 0 , 0 , 0 , 6.866486397077205 , 4.552224154996383 , 10.392280035658022 , 0.00355809 , 0.00137472 , 0.00945440924304 , 1574442280.452056
0.904961543752 , 0.471589962711 , 0.789901277063 , -0.000371695 , 1.58019e-05 , 0 , 0 , 0 , 5.3839401101610695 , 4.822324440508668 , 12.150407252063422 , -0.000762738 , 6.35885e-05 , 0.00240497267321 , 1574442280.591348
0.904961543752 , 0.471589962711 , 0.789901277063 , -0.000319035 , 7.59238e-05 , 0 , 0 , 0 , 4.139516126264563 , 5.089759412282906 , 14.118395714572799 , -0.000272984 , 0.00119671 , 0.00324442071582 , 1574442280.7306867
0.904961543752 , 0.471589962711 , 0.789901277063 , -0.000466308 , -3.84575e-05 , 0 , 0 , 0 , 3.110036796068071 , 5.353249037778839 , 16.31205825380673 , -0.00377464 , -0.00118029 , 0.00402171910328 , 1574442280.8699183
0.904961543752 , 0.471589962711 , 0.789901277063 , -0.000233564 , 3.14439e-05 , 0 , 0 , 0 , 2.2729124845141637 , 5.611529362511975 , 18.747793123961735 , 0.0011184 , 0.000187056 , 0.00408254657723 , 1574442281.0090256
0.904961543752 , 0.471589962711 , 0.789901277063 , -0.000366602 , -3.64356e-05 , 0 , 0 , 0 , 1.6061698287108042 , 5.863359458714549 , 21.442584758270076 , -0.000164437 , -0.00113492 , 0.0030735307758 , 1574442281.1484432
0.904947325328 , 0.471535926674 , 0.789754236617 , -9.09674e-05 , 4.47438e-05 , 0 , 0 , 0 , 1.0884817546152363 , 6.107528097872805 , 24.414003896993517 , 0.00209814 , -0.000347838 , 0.00641240259555 , 1574442281.2876656
0.904947325328 , 0.471535926674 , 0.789754236617 , -0.000395615 , 7.99662e-06 , 0 , 0 , 0 , 0.6993168205997535 , 6.342713489141214 , 27.69062808301575 , -0.0018301 , -0.000729169 , 0.003119643535 , 1574442281.4269407
0.904947325328 , 0.471535926674 , 0.789754236617 , -0.000348869 , -2.00004e-05 , 0 , 0 , 0 , 0.4185911563108458 , 6.566617226263833 , 31.289563151570043 , -0.000125779 , -0.000803226 , 0.00251003733883 , 1574442281.566194
0.904947325328 , 0.471535926674 , 0.789754236617 , -0.000382183 , -8.96351e-06 , 0 , 0 , 0 , 0.22679647914346113 , 6.785214806935772 , 35.12763793557516 , -0.000573658 , -0.000365839 , 0.00107570314181 , 1574442281.7054732
0.904947325328 , 0.471535926674 , 0.789754236617 , -0.000167809 , 6.46172e-05 , 0 , 0 , 0 , 0.10625640301185209 , 6.987737319647381 , 39.38886269554263 , 0.00146347 , 0.000287844 , 0.00693143361022 , 1574442281.8446958
0.904947325328 , 0.471535926674 , 0.789754236617 , -0.000496104 , 9.8964e-05 , 0 , 0 , 0 , 0.03916973580136563 , 7.177205601663777 , 44.02307701082852 , -0.00262179 , 0.00121067 , 0.00509863281026 , 1574442281.9907877
0.904933098958 , 0.471481892728 , 0.78960719617 , -0.000316393 , 1.56922e-05 , 0 , 0 , 0 , 0.009039086692218767 , 7.352708331991662 , 49.05132824766567 , 0.00201659 , -0.000368031 , 0.00411785068873 , 1574442282.131272
0.902242813478 , 0.461269872389 , 0.761816551836 , -0.000139286 , 0.00010774 , 0 , 0 , 0 , 0.0005334094834625521 , 7.512877706767243 , 54.51255997429474 , 0.00221582 , 0.00122068 , 0.00399087449401 , 1574442282.270686
0.893638391292 , 0.431942215665 , 0.681385427757 , 9.35912e-05 , 0.000202392 , 0 , 0 , 148 , -1.962953354242121e-05 , 7.55498209705146 , 64.04732494892056 , 0.00839987 , 0.00190326 , 0.00942177607323 , 1574442282.4104855
0.87986731002 , 0.39599136998 , 0.580074560315 , -0.000428223 , 2.40994e-05 , 0 , 0 , 145 , -9.049161071206711e-05 , 8.453750046155074 , 98.0242867867155 , -0.001219 , 4.5478e-05 , 0.0024403726668 , 1574442282.5519345
0.857699798656 , 0.352038892646 , 0.4505319272 , -0.000406776 , 2.26272e-05 , 0 , 0 , 141 , -0.002676955314601042 , 8.068635845596921 , 118.68868647798095 , -0.00188969 , -0.000650194 , 0.00258491870979 , 1574442282.692386
0.827246004661 , 0.307204644679 , 0.307902694373 , -0.000412173 , 3.48455e-05 , 0 , 0 , 125 , -0.022247540555964864 , 12.65942711747997 , 95.86464533531581 , -0.0012633 , 0.000252186 , 0.00324725935345 , 1574442282.836059
0.791310071309 , 0.267720630872 , 0.167184987346 , -0.000467999 , 0.000139039 , 0 , 0 , 138 , -0.1337679344994875 , 14.88133161082314 , 54.31634312161174 , -0.000682449 , 0.00138851 , 0.00211064357325 , 1574442282.9791262
0.756082273922 , 0.238599409946 , 0.0469059023423 , -0.000392822 , 4.099e-05 , 0 , 0 , 145 , -0.30268731611041005 , 21.555003576069716 , 17.637820636630206 , -0.00085126 , 0.000307591 , 0.00271402756681 , 1574442283.118446
0.7267848859 , 0.219799838493 , -0.0447002956491 , -0.000106823 , 0.000154251 , 0 , 0 , 151 , -0.24363163554000103 , 27.455041637045017 , 1.4395495870138244 , 0.00247463 , 0.000577943 , 0.00420993685827 , 1574442283.257795
0.70774249465 , 0.209912808545 , -0.101163826995 , -0.000150039 , 0.000119949 , 0 , 0 , 138 , -0.06636189036639786 , 28.706116379975608 , -0.06561834440637569 , 0.00317036 , 0.000736134 , 0.0067428479298 , 1574442283.396941
0.700250852287 , 0.206545343213 , -0.122778772589 , -0.000193228 , 0.000135535 , 0 , 0 , 0 , -0.0011308790467371315 , 26.74051396883938 , -6.410021605888876 , 0.00106983 , 0.000990379 , 0.00594580030631 , 1574442283.5405364
0.701897148727 , 0.207242978016 , -0.11807347831 , -0.000327075 , 6.96604e-05 , 0 , 0 , 0 , 0.0010144541715029617 , 19.957418753634656 , -33.86696601624635 , 0.00120584 , 0.000272864 , 0.00708207851954 , 1574442283.6836402
0.701999835955 , 0.207287063851 , -0.117779397418 , -0.000413714 , 1.10467e-05 , 0 , 0 , 0 , 0.015094863223122153 , 18.523976018622886 , -69.47693537375012 , -0.00125143 , -0.00093827 , 0.00198228154456 , 1574442283.8270657
0.702307858732 , 0.207419411946 , -0.11689715474 , -0.00033748 , 7.55592e-05 , 0 , 0 , -151 , 0.017313990402786125 , 18.904968400063364 , -90.29233136375282 , -0.000857392 , 0.000348504 , 0.00105099810274 , 1574442283.9705386
0.730429930376 , 0.219532019793 , -0.0363189902149 , -0.000357011 , 3.88625e-05 , 0 , 0 , -155 , 2.511091129699521e-05 , 19.321535982390394 , -91.0949563804155 , -1.47632e-05 , -0.000596195 , 0.00479807769706 , 1574442284.1138945
0.772445522716 , 0.241796043385 , 0.0888124295134 , -0.000401264 , 6.34213e-05 , 0 , 0 , -151 , -0.0024765640756452463 , 19.247811847377527 , -112.2838009271065 , -0.00103302 , -0.000181407 , 0.00190022038789 , 1574442284.2570987
0.816474674444 , 0.272727137858 , 0.230412379218 , -0.00036981 , 4.50675e-05 , 0 , 0 , -148 , -0.00018317127689712812 , 23.41473004200336 , -161.2387763831354 , 5.45965e-05 , -0.000425712 , 0.00374765799997 , 1574442284.4005075
0.859526586056 , 0.313157916758 , 0.385834130866 , -0.00040613 , -4.77978e-06 , 0 , 0 , -141 , -0.09193515207635135 , 31.063711525254494 , -122.23481139139813 , 0.000519232 , -0.000559543 , 0.00341012327149 , 1574442284.5438085
0.89482680735 , 0.358435149757 , 0.536697628682 , -0.000447486 , 2.70207e-05 , 0 , 0 , -136 , -1.3751747069014653 , 42.73608135812817 , -49.403560132665326 , -0.0026961 , -0.000762028 , 0.00321548552744 , 1574442284.6871283
0.918333363853 , 0.4004100013 , 0.663299452872 , -0.000138877 , 9.34928e-05 , 0 , 0 , -148 , -5.702544779528383 , 48.68025363462049 , -8.799929045500836 , 0.00305729 , -0.000800605 , 0.00661163891348 , 1574442284.8304787
0.930722402784 , 0.431080512741 , 0.750347397031 , -0.000345209 , 6.22737e-05 , 0 , 0 , -155 , -12.826459842571504 , 43.606954961705064 , -0.0009599120231313201 , -0.0010338 , -0.000571309 , 0.00208134738244 , 1574442284.9738371
0.935075341199 , 0.445145565373 , 0.788871993939 , -0.000363406 , 1.74419e-05 , 0 , 0 , 0 , -17.787961357715876 , 28.614659882606453 , 8.133327281289674 , 0.000612681 , -0.000967396 , 0.00540385720834 , 1574442285.1171849
0.934575749967 , 0.443254817285 , 0.783725578322 , -0.000303103 , 0.000109627 , 0 , 0 , 0 , -15.768348373759165 , 16.25678133478519 , 74.9152579045965 , 0.000116093 , 0.000356653 , 0.00343160910501 , 1574442285.2605124
0.926237533392 , 0.412343072397 , 0.699471402641 , -0.000294833 , 0.000115798 , 0 , 0 , 138 , -11.066544995590371 , 7.7290110375889585 , 216.1711519500155 , 0.000580078 , 0.00214802 , 0.00355577829119 , 1574442285.4039233
0.90611210242 , 0.356817564708 , 0.544049650993 , -0.000110962 , 0.000160674 , 0 , 0 , 133 , -8.658921151021948 , 3.3873513725633715 , 371.99770706897425 , 0.00359631 , 0.00122237 , 0.0073153186973 , 1574442285.5473087
0.875748125541 , 0.301650147273 , 0.378335068109 , -0.000266153 , 0.000114649 , 0 , 0 , 256 , -8.318054637836276 , 1.756832973494935 , 547.8301372081996 , 0.00218467 , 0.000992034 , 0.0046780987838 , 1574442285.6905086
0.836734500039 , 0.252291074457 , 0.212767525672 , -0.000137528 , 0.000155102 , 0 , 0 , 123 , -13.588073215100843 , 3.1641249488354073 , 519.9812200228831 , 0.00370586 , 0.0014878 , 0.00634322998023 , 1574442285.8341644
0.790172610233 , 0.2100198177 , 0.0474940641272 , -0.000378651 , 1.37895e-05 , 0 , 0 , 123 , -24.260820134627288 , 11.6404400251199 , 269.02953936299053 , 0.00063095 , -0.00121125 , 0.0049118103383 , 1574442285.9772406
0.737429018726 , 0.176131455935 , -0.117485316525 , -0.000223841 , 0.000115912 , 0 , 0 , 145 , -32.256576269081464 , 28.378522664739357 , 94.34917734267792 , 0.00184518 , 0.000310853 , 0.00289583508336 , 1574442286.120767
0.686341932615 , 0.154057729018 , -0.264378722293 , -0.000186431 , 0.000107835 , 0 , 0 , 136 , -33.425907155873446 , 50.460628581258575 , 17.21606904282086 , 0.00285253 , 0.000616874 , 0.00429384747462 , 1574442286.2640228
0.645836911677 , 0.142765658732 , -0.377452825432 , -0.000352744 , 0.000100281 , 0 , 0 , 0 , -26.885817597773226 , 70.99012354885292 , 0.1692133042907652 , -0.000766897 , -0.000232511 , 0.00103063782097 , 1574442286.407398
0.644050232775 , 0.116726625857 , -0.507877701224 , -0.000428637 , 0.000108292 , 0 , 98 , -101 , -12.404911325904989 , 83.9781893209026 , -3.137861181456062 , -0.00328644 , -0.000400616 , 0.0042337397234 , 1574442286.5508494
0.678684212014 , 0.0784579872338 , -0.595219726275 , -0.000212322 , 0.000145041 , 0 , 148 , -96 , -5.234867847823436 , 87.36743086450535 , -55.52943957264267 , 0.00175746 , 0.00148165 , 0.00434079204411 , 1574442286.694215
0.717059819794 , 0.0332066359225 , -0.679179821063 , -0.000447952 , 4.98875e-05 , 0 , 96 , -92 , -2.070103900442083 , 106.76035466072797 , -197.80794994538113 , -0.0010933 , -1.3527e-05 , 0.0028812689795 , 1574442286.837502
0.791743056122 , -0.0239617874681 , -0.666387302243 , -0.000324096 , 0.000148492 , 0 , 173 , -256 , -0.13145708355455826 , 54.15505040942337 , -396.68352018532954 , -0.000126633 , 0.000726971 , 0.00113340770809 , 1574442286.9808133
0.872879998234 , -0.0762517024518 , -0.618746197669 , -0.000369593 , 4.97028e-05 , 0 , 86 , -185 , -0.004392054020520127 , 17.212440994098532 , -434.54286012297587 , 0.000639125 , -0.000365594 , 0.00111250950134 , 1574442287.1241672
0.951215122836 , -0.113233539492 , -0.538168033144 , -0.000383221 , 4.2896e-05 , 0 , 87 , -182 , 0.013246017514235417 , 0.9671861843105983 , -489.4172452660328 , -0.00108745 , -0.00143796 , 0.0019029838403 , 1574442287.2675529
1.02525596644 , -0.130621324768 , -0.417006705464 , -0.0005124 , 0.000117738 , 0 , 0 , -272 , 7.393488842581957e-06 , -0.004209566637402257 , -302.9115143339746 , -0.00264894 , 0.000540155 , 0.00378107541835 , 1574442287.4108062
1.09246534786 , -0.128004656976 , -0.261143832476 , -0.000378729 , 5.29956e-05 , 0 , 0 , -133 , -0.006385851021102408 , -1.7187761944537765 , -135.9279283184112 , -0.000414599 , -0.000283681 , 0.00583991721118 , 1574442287.5542188
1.14892134332 , -0.111484801336 , -0.100428624764 , -0.000177705 , 0.000143475 , 0 , 0 , -145 , -0.08279585223161472 , -8.388298098181385 , -51.443927698112404 , 0.00253715 , 0.00189366 , 0.00598197986448 , 1574442287.697462
1.19528283829 , -0.0906044966618 , 0.0333781812906 , -0.000280034 , 0.000151073 , 0 , 0 , -141 , -0.16593367097683898 , -12.853160803043151 , -10.646481036634759 , 0.000487942 , 0.000665051 , 0.00152863451749 , 1574442287.8458276
1.22440498145 , -0.0724687929324 , 0.123661015266 , -0.000362329 , 6.10677e-05 , 0 , 0 , -141 , -0.19874330978141241 , -17.65335362693732 , -0.7923657046255205 , 0.000339489 , -0.000165849 , 0.000928846082297 , 1574442287.9896965
1.23933726124 , -0.0611816383597 , 0.172919564748 , -0.000274958 , 0.000116063 , 0 , 0 , -151 , -0.04170574195827313 , -14.453327701921362 , 0.10206720326767316 , 0.00160732 , 0.000970293 , 0.00314939890715 , 1574442288.131647
1.2432804646 , -0.057883724311 , 0.1864472858 , -0.000417525 , 5.4802e-05 , 0 , 0 , 0 , -3.3588633118242598e-06 , -18.333196756233566 , 5.361621076507681 , -0.001751 , -0.000374412 , 0.0020757069517 , 1574442288.2751515
1.24268725559 , -0.0583936519755 , 0.184388719553 , -0.000115655 , 0.000131023 , 0 , 0 , 0 , 0.011502661094069711 , -21.768118303780078 , 20.408049217484173 , 0.00331073 , 0.00044766 , 0.00396168562627 , 1574442288.4142644
1.24264480862 , -0.0584299880773 , 0.184241679106 , -0.000198483 , 0.000133572 , 0 , 0 , 0 , 0.04398980867828824 , -24.223403790677345 , 38.662731427120995 , 0.00236863 , 0.00131903 , 0.0047965106544 , 1574442288.557629
1.24264480862 , -0.0584299880773 , 0.184241679106 , -0.00018731 , 9.51897e-05 , 0 , 0 , 0 , 0.026499985663663607 , -24.485289618018747 , 49.12301157166768 , 0.00302903 , 0.000211765 , 0.00467561507143 , 1574442288.7015102
1.24260235632 , -0.0584663179372 , 0.18409463866 , -0.000523522 , 0.000120238 , 0 , 0 , 0 , 0.0033067059597202153 , -23.38953020035401 , 52.933232977503096 , -0.00313601 , 0.000205459 , 0.00464085062991 , 1574442288.8443656
1.22922819767 , -0.0699082574057 , 0.137776898103 , -0.000277076 , 0.000326621 , 0 , 0 , 141 , 0.0004975234907328738 , -19.93931861639389 , 63.36041980256103 , -0.000436759 , 0.00324106 , 0.00451667161056 , 1574442288.987768
1.20078760758 , -0.0920438976048 , 0.0429358102946 , -0.00043753 , 5.34224e-05 , 0 , 0 , 0 , 3.46849858473158e-05 , -20.15634749583581 , 74.74307115419121 , -0.00228469 , -0.000311268 , 0.00239862468569 , 1574442289.131034
1.16344818538 , -0.115795138918 , -0.0735202231071 , -0.000213437 , 0.000122843 , 0 , 0 , 138 , 0.00012695549187351853 , -21.775530848212487 , 102.93128800995792 , 0.000245217 , 0.000279553 , 0.00195038783553 , 1574442289.2745214
1.11756463972 , -0.137963863541 , -0.207621110054 , -0.000237062 , 0.000116873 , 0 , 0 , 256 , -0.0023952958821920286 , -19.882592052671924 , 111.1693198819148 , 0.00171531 , 0.000470699 , 0.00393524998534 , 1574442289.4178772
1.06631431076 , -0.154719198203 , -0.349515140651 , -0.000411367 , 6.53194e-05 , 0 , 0 , 148 , -0.1725766600994579 , -14.247300899823927 , 85.70890190721626 , -0.000929849 , -0.000272404 , 0.00137803699394 , 1574442289.561189
1.01530071197 , -0.163690641402 , -0.485821634292 , -0.000416655 , 5.22533e-05 , 0 , 0 , 138 , -1.1348859894082817 , -9.046511858424177 , 51.999094650151456 , -0.00181536 , -0.000547691 , 0.00216230402781 , 1574442289.7044108
0.96990644715 , -0.165406323194 , -0.605365517064 , -0.000335217 , 0.000174034 , 0 , 0 , 138 , -3.5527551392103622 , -4.926136709930571 , 20.694265951973097 , 0.00124212 , 0.000649023 , 0.00298651737009 , 1574442289.847777
0.936326168387 , -0.162654437634 , -0.694030906131 , -0.000369407 , 5.52673e-05 , 0 , 0 , 148 , -6.887820905951698 , -2.3265188916113493 , 3.5609636513820706 , 0.0010274 , -0.000240312 , 0.003398464372 , 1574442289.987041
0.915401155663 , -0.159053206976 , -0.749906275692 , -0.000318443 , 0.000105628 , 0 , 0 , 0 , -9.643190216698802 , -1.1319432732724577 , 0.010832016928246311 , -0.00127493 , 0.000340561 , 0.00170547625138 , 1574442290.1263404
0.907505813598 , -0.157235290451 , -0.771227140394 , -0.000359226 , 3.48482e-05 , 0 , 0 , 0 , -12.135310215801134 , -0.948084774100522 , -1.5600743322550512 , 0.000439644 , -0.0012031 , 0.00184302264672 , 1574442290.2698402
0.909239284712 , -0.157673541732 , -0.766521846115 , -0.000368253 , 9.61937e-05 , 0 , 0 , 0 , -13.115869352748382 , -0.579225703166876 , -11.80164144440784 , 6.62342e-05 , 0.000609328 , 0.00113884338071 , 1574442290.4131784
0.909347754338 , -0.157700422354 , -0.766227765222 , -0.000226163 , 0.000115386 , 0 , 0 , 0 , -13.351430766347645 , -0.4168076118759937 , -30.18120759747911 , 0.00144083 , 0.000815249 , 0.00217609996043 , 1574442290.5563822
0.909347754338 , -0.157700422354 , -0.766227765222 , -0.000189993 , 0.000110519 , 0 , 0 , 0 , -14.638659632293233 , -0.25791081491899787 , -42.58734801581042 , 0.00307451 , 0.000542306 , 0.00621317852611 , 1574442290.6997454
0.909347754338 , -0.157700422354 , -0.766227765222 , -0.000413612 , 3.85019e-05 , 0 , 0 , 0 , -17.517967536467562 , -0.12935974766777436 , -39.67997841770638 , 0.00056333 , -7.64711e-05 , 0.000711394720922 , 1574442290.843313
0.909347754338 , -0.157700422354 , -0.766227765222 , -0.000230803 , 0.000170065 , 0 , 0 , 0 , -20.497765145322695 , -0.055001351261004056 , -39.35819346032346 , 0.00258563 , 0.00114135 , 0.00381339312437 , 1574442290.9869576
0.909347754338 , -0.157700422354 , -0.766227765222 , -0.000399729 , 5.36539e-05 , 0 , 0 , 0 , -23.801723718243913 , -0.0170565957008733 , -39.15943168297483 , -4.0038e-05 , -0.000125695 , 0.00170667593273 , 1574442291.1300755
0.909309009119 , -0.157740682321 , -0.766080724776 , -0.000464341 , 2.3859e-05 , 0 , 0 , 0 , -27.470760449317865 , -0.0026076367196263255 , -38.90709133351406 , -0.00209491 , -0.000820284 , 0.00251913053222 , 1574442291.2731907
0.909309009119 , -0.157740682321 , -0.766080724776 , -0.000419443 , 1.59483e-06 , 0 , 0 , 0 , -31.536841826545523 , -1.258327392037408e-05 , -38.60551195982917 , -0.0018215 , -0.00140048 , 0.00233162718921 , 1574442291.416506
0.909309009119 , -0.157740682321 , -0.766080724776 , -0.000186491 , 0.000121869 , 0 , 0 , 0 , -36.02149011779663 , 0.0006223808741528227 , -38.25427869974458 , 0.00176572 , 0.000336938 , 0.00310079850399 , 1574442291.5599337
0.909309009119 , -0.157740682321 , -0.766080724776 , -0.000170519 , 0.00015899 , 0 , 0 , 0 , -40.87350085537371 , 0.008156605500280929 , -37.827106843472286 , 0.00278934 , 0.00119384 , 0.0058375113504 , 1574442291.7032435
0.909309009119 , -0.157740682321 , -0.766080724776 , -0.000190208 , -8.78158e-05 , 0 , 0 , 0 , -46.24298411793436 , 0.0325629040825726 , -37.368684019482764 , 0.0040767 , -0.00343537 , 0.00552188318781 , 1574442291.8466258
0.909270269819 , -0.157780947983 , -0.76593368433 , -0.000384762 , 5.72283e-05 , 0 , 0 , 0 , -52.101577961628934 , 0.0842339598284748 , -36.86192177686398 , -0.000439878 , -0.000385036 , 0.00112686093759 , 1574442291.989991
0.909231536441 , -0.157821219342 , -0.765786643884 , -0.000194987 , 0.000129796 , 0 , 0 , 0 , -58.48766920132918 , 0.17359905931454842 , -36.31268827317974 , 0.0025508 , 0.000989679 , 0.00516974728008 , 1574442292.1332474
0.894205283355 , -0.173448716125 , -0.708734950753 , -0.000422111 , 4.19696e-05 , -151 , 0 , 0 , -71.6783956179464 , 0.1760902287449248 , -38.38628125180288 , -0.0006258 , -0.000503262 , 0.00256789935368 , 1574442292.2784836
0.867874982516 , -0.204160644878 , -0.602277667693 , -0.000392164 , 0.000104952 , 0 , 0 , 0 , -82.98312586600191 , 0.30231782601089013 , -40.9468834783397 , -0.00137355 , -0.000571966 , 0.00150460337604 , 1574442292.424845
0.84172831454 , -0.242192950401 , -0.48082225912 , -0.000308461 , 0.000105866 , -133 , 0 , 0 , -114.0564263046488 , 0.49627823431289897 , -46.673065894361656 , 1.21917e-05 , 2.74052e-05 , 0.00278116175052 , 1574442292.567886
0.817384372933 , -0.288859570452 , -0.342310158787 , -0.000853474 , 0.000521655 , -145 , 0 , 0 , -116.89943208075447 , 0.6571201672671697 , -43.44332408695675 , -0.00386698 , 0.00341531 , 0.00744939283945 , 1574442292.7107491
0.799004123682 , -0.34044047687 , -0.198210521497 , -0.000374438 , 6.93307e-05 , -148 , 0 , 0 , -90.33647552970578 , 0.7282227981015411 , -33.541217191155646 , 0.000232536 , 0.000410891 , 0.0022411737058 , 1574442292.8541815
0.788683581811 , -0.391825391655 , -0.0602865829478 , -0.00032086 , 0.000147594 , -141 , 0 , 0 , -66.80528086616131 , 0.5786195723531461 , -26.089152611311757 , -0.000282896 , 0.00108281 , 0.00249702526926 , 1574442292.997493
0.785801862093 , -0.439567817164 , 0.0655800390115 , -0.000461498 , 3.26391e-05 , -155 , 0 , 0 , -28.986316463533434 , 1.2954926940912883 , -15.598376378118902 , -0.00183792 , -0.000986481 , 0.0041020082755 , 1574442293.1408951
0.78827715976 , -0.477258372827 , 0.164979380652 , -0.000162256 , 0.000149302 , 0 , 0 , 0 , -12.10638463607385 , 1.5625736393416823 , -9.075852668268244 , 0.00226062 , 0.000382705 , 0.00284369989583 , 1574442293.2841556
0.792223064748 , -0.500958544957 , 0.228206772524 , -0.000403393 , 2.7611e-05 , 0 , 0 , 0 , -2.8735638495322102 , 2.0212388899881786 , -5.763965493408894 , -0.00136194 , -0.00158433 , 0.00276714035795 , 1574442293.4234293
0.79490290359 , -0.512497010633 , 0.259379347122 , -0.000420255 , 5.67108e-05 , 0 , 0 , 0 , -0.1600803651087186 , 2.77591912971747 , -3.6900061156015553 , -0.00184136 , -0.000392287 , 0.00344922799333 , 1574442293.566807
0.795504803677 , -0.514765275322 , 0.265555045863 , -0.000123324 , 0.000139413 , 0 , 0 , 0 , 0.004325418270210357 , 3.68859400055352 , -2.4037604120220206 , 0.0028598 , 0.000621629 , 0.0041940548749 , 1574442293.7061691
0.795519467883 , -0.514819192091 , 0.265702086309 , -0.000145578 , 0.000129757 , 0 , 0 , 0 , 0.2715205702984237 , 4.376125545580554 , -1.5624509553580408 , 0.00310261 , 0.00023863 , 0.00494443135193 , 1574442293.8452744
0.795519467883 , -0.514819192091 , 0.265702086309 , -0.00033574 , 4.87411e-05 , 0 , 0 , 0 , 0.6688780671275475 , 4.607008551670283 , -0.990480278992981 , 0.000626458 , -0.000520385 , 0.00386973756202 , 1574442293.9844673
0.795519467883 , -0.514819192091 , 0.265702086309 , -0.000377205 , 0.000114212 , 0 , 0 , 0 , 0.5827768755956825 , 4.424839688957553 , -0.61159325372804 , -0.00166212 , 0.000497753 , 0.00179811538248 , 1574442294.1239295
