0.000580673873832 , 0.0046376556736 , 0.010292831235 , 0.000654053 , -0.000630222 , 0 , -138 , -77 , -30267657.420585323 , 2657731.773623378 , 4448441.000635988 , 0.0183854 , -0.00926307 , 0.0206041911168 , 1574442616.1442792
-0.000603102935669 , 0.124344791732 , 0.175419252334 , -0.000480937 , -1.4925e-05 , 204 , -220 , -174 , -1589370078.576823 , 174053584.31392962 , 187818927.51164085 , -0.00943428 , 0.000805879 , 0.00949548250577 , 1574442616.2880247
-0.0332401694197 , 0.242493927087 , 0.318783687392 , -0.00165019 , -0.000528679 , 208 , -175 , 123 , 4806309662.929131 , -749019465.4783132 , -481871410.95025194 , -0.00872256 , -0.00186216 , 0.0181250673519 , 1574442616.4313514
-0.137829765561 , 0.262490319135 , 0.175713333226 , 0.00075199 , 0.000312802 , -154 , 128 , 202 , 5977594566.646386 , -1441322477.6370595 , -495254925.22289914 , 0.0123878 , 0.0070275 , 0.0142739373186 , 1574442616.5744617
-0.12515903338 , 0.163442634687 , 0.0755787893541 , 0.00010182 , 0.0001296 , -211 , -127 , -134 , 4375165912.71073 , -266489065.21721315 , -649993348.3448726 , 0.000124018 , 0.00219632 , 0.00748607934981 , 1574442616.7178295
-0.112986235432 , 0.16226307072 , 0.47347023681 , -0.000609932 , -0.00128662 , 181 , 188 , -134 , 1915771747.0238338 , 4.788617685832294 , -569788773.5351717 , -0.0121203 , -0.0169057 , 0.0208718136309 , 1574442616.8612652
-0.103658921376 , 0.252833324465 , 0.446120713814 , -0.000396296 , -0.000163741 , 168 , 66 , 69 , 1221284276.0182505 , -186357.74932227182 , -673969702.4882746 , 0.00451833 , 0.00492836 , 0.0179454665539 , 1574442617.0047731
-0.0922448677209 , 0.259809896686 , 0.0470529427885 , -0.000322318 , 0.0001458 , -146 , 194 , -87 , 3237867733.4287615 , -504811300.4597891 , -663179421.8061355 , -0.00240538 , 0.00384807 , 0.0186823278932 , 1574442617.14865
0.000200800376113 , 0.212141279894 , 0.117191235633 , -0.000552554 , 0.000129706 , 154 , 194 , 70 , 2221041054.340819 , 101593182.96471785 , -2021237789.4061325 , -0.0056499 , 1.4788e-06 , 0.0139013285033 , 1574442617.291311
0.006055305055 , 0.21952562564 , -0.258497104445 , -0.000371216 , -5.86389e-05 , 212 , -132 , -74 , 1065828520.6924863 , 427472112.8133882 , -1453340717.9697626 , -0.00552601 , 0.00380711 , 0.0167866209248 , 1574442617.4350893
0.0316723286344 , 0.320194200296 , -0.1864472858 , -0.000212396 , 7.317e-05 , 185 , 123 , 69 , 1607027089.562012 , -2792121.895569732 , -796365734.6299292 , 0.000852505 , 6.505e-05 , 0.0090388074012 , 1574442617.578074
0.0306789422493 , 0.317538549704 , -0.598601656538 , -0.000106098 , -2.67358e-05 , -153 , 236 , 200 , 2793985857.61639 , 3164.4174890913623 , -1150726660.789967 , -0.00117265 , -0.000164421 , 0.0122627048993 , 1574442617.724064
-0.0235110797624 , 0.219026811416 , -0.750053316139 , -7.49524e-05 , 2.56308e-05 , -213 , 183 , -63 , 2485770395.9455323 , -698279027.4848498 , -217278439.9582365 , 0.00034106 , 0.00078267 , 0.00732797360649 , 1574442617.8687227
-0.0051343467365 , 0.106788036431 , -0.634626565861 , -7.90023e-05 , 0.000105859 , -210 , 177 , 66 , 1865602708.0730207 , -20372112.710207596 , -400862704.3098072 , 0.00305396 , -0.000156304 , 0.0111693579664 , 1574442618.012331
-0.0652569624767 , 0.0158201832214 , -0.802399714991 , -0.000100997 , 0.000100378 , 158 , 181 , 134 , 379464045.26650804 , -700171949.7070085 , -15248359.821088072 , -0.00301421 , 0.00305539 , 0.0113100029167 , 1574442618.1556382
-0.0682385659069 , 0.0107847206428 , -1.1730886799 , 4.23973e-05 , 1.9041e-05 , -190 , -67 , -72 , 336836747.3938912 , -1911314603.8418133 , -2632378.003401895 , 0.00146617 , 0.00168191 , 0.00764828953199 , 1574442618.2990546
-0.0560974125161 , 0.0149928816263 , -0.767257048346 , -1.05006e-05 , 5.40199e-05 , 185 , -180 , -196 , 1921871017.855053 , -1403476649.1389143 , -74599144.57835683 , -0.000883606 , 0.00242614 , 0.0129644250529 , 1574442618.4445279
0.0144354076849 , 0.105211086575 , -0.605365517064 , -6.15411e-05 , 1.53044e-05 , 182 , -177 , 62 , 2673895510.1623483 , -3617087388.698805 , -43221284.202804156 , -0.00167176 , -0.00251671 , 0.00928450781917 , 1574442618.589787
-0.0373515461153 , 0.208694679284 , -0.717557377525 , 0.000181111 , 1.55214e-06 , -183 , -244 , 133 , 7854173.962867023 , -12426033117.88678 , 322721539.7396962 , 0.00224412 , 0.000861345 , 0.00930199357052 , 1574442618.7354002
-0.137730630662 , 0.245425335886 , -0.558018493383 , -3.34226e-05 , -2.14755e-05 , 158 , -198 , -72 , 1831297857.3899677 , -6710429761.840445 , -1130509.5248369323 , -0.000587336 , 0.00151819 , 0.00736266733355 , 1574442618.8806062
-0.0835685412018 , 0.323789259161 , -0.392892072284 , -5.25888e-05 , 9.02427e-06 , -187 , 127 , -138 , 1960827271.6940963 , -3178556674.050689 , -15019298.076728012 , -0.000586306 , 0.000467934 , 0.0118496678335 , 1574442619.0239067
-0.00708859691789 , 0.250873157195 , -0.259379347122 , -6.66914e-05 , 0.000217863 , 187 , 192 , -198 , 661457929.5033165 , -4021274539.3586216 , -395528.3811643548 , -0.00114304 , 0.00380131 , 0.0152015035101 , 1574442619.1671612
0.110528242052 , 0.276026590899 , -0.397891447456 , -0.000251763 , -0.000130294 , 212 , 228 , -232 , 1659443265.150704 , -1654112527.6076741 , -233581639.6239807 , -0.00478731 , -0.000495338 , 0.0120256025637 , 1574442619.3105564
0.21923238983 , 0.281764941441 , -0.566546839263 , 3.97879e-05 , -0.000216141 , -185 , 196 , 69 , 1020515813.3690242 , -240907053.2347587 , -437573702.1382335 , 0.00013002 , 0.000244346 , 0.0138004759142 , 1574442619.4539418
0.165184048707 , 0.186880298465 , -0.729908775007 , -0.00017677 , -7.7072e-05 , -181 , 181 , 172 , 2390076706.931269 , -57075735.05193616 , -982181888.7578945 , -0.00286467 , 0.00084311 , 0.00811584757503 , 1574442619.5971854
0.0823083715255 , 0.0933854064829 , -0.892094387182 , -2.54979e-05 , -0.000231863 , -210 , 172 , 175 , 1591467713.7043889 , -273798682.0472872 , -283422208.38552314 , -0.000680714 , -0.000436539 , 0.00464668704097 , 1574442619.7405982
-0.00804886977721 , 0.0316385415139 , -1.04942766463 , 2.31684e-05 , -0.000285168 , 192 , -128 , 143 , 476710051.3818654 , -723801850.3493179 , -6734684.91306143 , -0.0022153 , 0.0011569 , 0.00564536264742 , 1574442619.8840032
-0.012181237953 , 0.131497290881 , -1.14088682218 , 3.89985e-05 , -0.000325165 , -155 , -183 , -134 , 548986918.2670659 , -1477326405.5571837 , -2494420.3582746782 , 0.00024805 , 0.000647838 , 0.00913921539298 , 1574442620.0272791
-0.0102060306212 , 0.150449122503 , -0.754170448633 , -0.000211056 , -0.00026248 , 165 , -194 , 68 , 758475702.4628801 , -3213176135.4421206 , -314862.79729315767 , -0.00363703 , 0.000857514 , 0.0122539471017 , 1574442620.1707435
-0.0392526925781 , 0.249569693349 , -0.810781020425 , -4.57014e-05 , -0.000132076 , -162 , -196 , 0 , 673616221.2992116 , -7973444509.118034 , 2523177.741219034 , -0.00108505 , 0.0018553 , 0.00916676015315 , 1574442620.313972
-0.0358068553301 , 0.246836477228 , -0.392009829607 , -8.15438e-05 , -0.000200879 , -232 , 117 , -183 , 49471565.55225754 , -8764424676.88029 , 50435666.43859832 , 0.000547367 , -0.00163705 , 0.00871884592409 , 1574442620.4579623
0.0358093886617 , 0.155861127833 , -0.207474069608 , -0.000129901 , -1.97904e-05 , -187 , 178 , -166 , 1351790429.465154 , -3640187180.9024653 , -20906178.11277899 , -0.00111553 , 0.00133097 , 0.00778287521063 , 1574442620.600689
0.121580149604 , 0.0885574340034 , -0.0424946889559 , -0.000135949 , -0.000198055 , 164 , -127 , -215 , 416820746.5591264 , -4699344442.98612 , -3083527.974649438 , -0.00200832 , -0.0018923 , 0.0114357034481 , 1574442620.7442071
0.120243252558 , 0.192664336905 , 0.0943999664695 , 4.04834e-05 , -6.52506e-05 , 214 , -181 , 119 , 1088687997.6351128 , -474491463.6000947 , -407082491.1921742 , 0.00136448 , -0.00183706 , 0.00865881793524 , 1574442620.8874412
0.0334151642035 , 0.240596656224 , -0.0163214895298 , 9.79864e-05 , -0.000146013 , -156 , 185 , -71 , 1997780988.5702248 , -370268654.82514393 , -607395511.265206 , 0.00202078 , 0.000842633 , 0.00656650346407 , 1574442621.031033
0.114651564772 , 0.19190995562 , 0.0688149288283 , 6.2802e-05 , -0.000155302 , 182 , 196 , 66 , 3807727722.2246704 , -356362967.96590334 , -785693559.508486 , -0.00163808 , -0.00227375 , 0.00815375127481 , 1574442621.1741486
0.130672013981 , 0.184668963655 , -0.311137584189 , 6.80108e-05 , -8.87942e-05 , -153 , 132 , -88 , 1978839601.4778304 , -4303246.955441474 , -791483194.9006909 , -0.00069792 , 0.00190596 , 0.0103004600916 , 1574442621.3174431
0.209705450881 , 0.101821638241 , -0.185123921784 , -8.45439e-05 , -0.000252528 , -208 , 230 , -236 , 1373943651.0637436 , -60728.46355528133 , -1143361088.1304128 , -0.00108006 , -0.0010571 , 0.00518527511672 , 1574442621.4609149
0.298231558954 , 0.0374638843221 , -0.0154392468525 , 0.000469503 , -0.000165265 , 181 , -136 , -141 , 1738045015.4969575 , 14068500.352092264 , -1513631600.84606 , -0.00174993 , 0.000230061 , 0.00920118809562 , 1574442621.605105
0.294364825652 , 0.141212694696 , 0.122190610804 , -0.000326759 , -0.000217667 , 210 , -188 , 63 , 1165187490.9499788 , -442522298.6573186 , -299076881.7366667 , -0.00159408 , -0.00221094 , 0.00707718682052 , 1574442621.747549
0.196956777052 , 0.191231664503 , 0.0423476485097 , 0.000453244 , -2.61378e-05 , -186 , -187 , -66 , 1987025988.9828634 , -642196251.0242703 , -320873652.7915192 , 0.00181259 , 0.00371632 , 0.00740788206467 , 1574442621.8908963
0.190150035437 , 0.195277469465 , 0.400391135041 , 7.42234e-05 , -4.45651e-05 , 152 , 136 , 0 , 4084729119.1969485 , -659064657.9699514 , -479984035.9322864 , -0.00106867 , 0.00310403 , 0.00655593619202 , 1574442622.0345345
0.197284491888 , 0.202878059343 , 0.0194093389003 , 9.87674e-05 , -6.43303e-05 , 185 , 187 , -63 , 2583323958.1653852 , -107328043.06224649 , -484275636.3824109 , 0.00141826 , 0.00172304 , 0.00964744497147 , 1574442622.1776514
0.286065112981 , 0.246851186274 , -0.160127045927 , 3.07855e-05 , -0.00026797 , -153 , 190 , 70 , 1971905053.3944092 , -162908165.77581394 , -531077560.59213644 , -0.00391119 , -0.00427843 , 0.00607024553226 , 1574442622.3209915
0.286934787912 , 0.152387751326 , -0.312755029098 , -9.81132e-05 , -0.00023287 , 151 , 192 , -68 , 1070625869.2825967 , 482038739.2146388 , -1538917151.437987 , -0.00245134 , 5.91212e-05 , 0.00245472022583 , 1574442622.4642797
0.382006641533 , 0.157642440081 , -0.468617902085 , 6.96404e-05 , -0.000204107 , -184 , 196 , 68 , 1809376067.8450193 , 82164.97226017706 , -1234610470.1949496 , -0.00170084 , -0.00160811 , 0.00661262361229 , 1574442622.6076593
0.343965600233 , 0.0684612926462 , -0.56978172908 , 0.000205121 , -0.000839026 , -181 , -132 , -68 , 1069137958.4816135 , -18293409.667206552 , -367030234.8530237 , 0.0081532 , 0.00903476 , 0.0195492505958 , 1574442622.7510612
0.328870661677 , 0.0649929795436 , -0.155568792095 , 7.82408e-05 , 2.80136e-05 , -209 , -187 , 64 , 2002367480.8611927 , -197401605.4331812 , -455663137.629009 , -0.0022949 , 0.0046786 , 0.0135973106451 , 1574442622.8944325
0.240761113465 , 0.022253341135 , 0.0289669679042 , -0.000620783 , -0.000161621 , -155 , 127 , -68 , 635281038.7268598 , -1160544533.1436033 , -11871153.621652089 , -0.0021183 , 0.00196378 , 0.0127750436562 , 1574442623.037854
0.336006355249 , -0.0336806819265 , 0.194828591234 , -0.000269152 , -0.00011798 , -192 , 168 , -174 , 573169447.423936 , -5821946388.560411 , 438352.5378145207 , -0.00231207 , -0.000117658 , 0.00964410711182 , 1574442623.1811702
0.452420306081 , -0.0639879255278 , 0.337016702723 , -0.00020215 , -8.31723e-05 , 181 , 180 , -140 , 1847678405.5657516 , -1112582202.7497368 , -110256573.80270255 , -0.0024444 , 0.00104328 , 0.00634567772648 , 1574442623.3247373
0.529330506958 , 0.00245055280732 , 0.195269712572 , 4.08019e-05 , -0.000221845 , -181 , 137 , 74 , 2380563615.0757146 , -81701971.55342947 , -1020449434.60148 , 0.00417306 , 0.000596267 , 0.0129215485627 , 1574442623.4678779
0.562445915702 , -0.0859197755923 , 0.0408772440476 , -6.2013e-05 , -0.000394267 , 157 , 183 , -70 , 3103467315.376895 , -7192594.449318839 , -1490498214.0825028 , -0.0021793 , 9.33224e-05 , 0.0101045696545 , 1574442623.6112337
0.659418727935 , -0.042500554295 , -0.0833719330035 , -0.000149089 , -6.31391e-06 , -149 , 240 , -202 , 3912955177.696422 , 3745831.815194066 , -2196245769.1907096 , 0.000377771 , 0.00262172 , 0.00493347778923 , 1574442623.7544885
0.75140627511 , -0.0974827031154 , 0.0876361059437 , -0.000112975 , -0.000324742 , -211 , -122 , -188 , 2883833226.52376 , -2434532.1612346796 , -845960570.640671 , -0.000598273 , 0.00144995 , 0.0065865030574 , 1574442623.8980494
0.746386472659 , -0.106141024872 , 0.524493271646 , 3.47858e-05 , -0.000354007 , -180 , -187 , 127 , 4478851267.519859 , -208363201.48589164 , -794802420.6193242 , -0.000617493 , -0.000804572 , 0.00570378539746 , 1574442624.0412428
0.688739090768 , -0.186519174923 , 0.712558002354 , -0.000143836 , 0.000174472 , 155 , -190 , -70 , 1966539303.9458048 , -2123632978.4790947 , -18425401.02096444 , -0.00185979 , 0.00610948 , 0.00867046278837 , 1574442624.184596
0.608636446772 , -0.119119750256 , 0.851217143134 , -5.87332e-05 , -0.000220353 , 185 , -232 , 132 , 3699575178.8440943 , -4608966612.418234 , -5497339.621105854 , 0.000366183 , -0.000563243 , 0.00751738942071 , 1574442624.3279846
0.503999783293 , -0.148191496105 , 0.684620317573 , -0.000196324 , -0.000436407 , 213 , 121 , 192 , 5545857420.64999 , -245410469.02864712 , -549511189.1224208 , -0.000998942 , 0.00318972 , 0.0085512142768 , 1574442624.4711998
0.507271764703 , -0.145159828836 , 0.283788061193 , -0.000114109 , -0.000107491 , -152 , 192 , -73 , 6437399839.475068 , 1598.9826941584918 , -2205552380.9925075 , -0.00105537 , -0.000666435 , 0.00719433288075 , 1574442624.6146305
0.606070423594 , -0.169367505734 , 0.349809221544 , 8.96462e-05 , -0.000410657 , 181 , 130 , 68 , 2227727056.0105004 , 635181843.5291188 , -1838412622.0904424 , -0.00208279 , -0.00186273 , 0.00754372508888 , 1574442624.7579982
0.602474253499 , -0.169817010046 , -0.0548460864379 , 0.000112081 , -9.80327e-05 , 182 , -124 , 196 , 1921480434.86214 , 1232052838.8261118 , -3143232524.941702 , 0.00037525 , 0.00107438 , 0.00685417585626 , 1574442624.901358
0.525203985755 , -0.116358391015 , -0.198504602389 , -6.63604e-05 , -0.00028763 , -150 , 136 , -91 , 3892613840.4314127 , -112717.93940940239 , -1756719618.7589858 , 0.000278018 , -0.000868514 , 0.00634529164916 , 1574442625.044735
0.606602084114 , -0.184055550956 , -0.0574928144698 , 0.000176312 , -0.000389995 , -210 , 218 , -180 , 5332139474.890463 , 21383097.624549214 , -2672589196.77194 , 0.000309666 , 0.00158644 , 0.00857603215561 , 1574442625.1879969
0.711663734073 , -0.24251638974 , 0.0835189734497 , -5.23465e-05 , -0.000359072 , 154 , 181 , -204 , 4768028697.052448 , -685019839.8341801 , -388372030.69013536 , -0.00335416 , 0.00111728 , 0.00519696834634 , 1574442625.331373
0.793738067751 , -0.192751469578 , -0.0307314532588 , 0.00012785 , -0.000441635 , -186 , -67 , 70 , 2223867288.116438 , -1107328674.8250024 , -169136250.17192295 , 0.000554146 , 0.000615365 , 0.00962221999244 , 1574442625.4748945
0.708184303987 , -0.235569584962 , 0.143952596844 , -0.000100027 , -0.000253826 , -178 , -178 , -65 , 3614677739.9467826 , -729484758.7930669 , -373714866.05579317 , -0.00297865 , 0.00527846 , 0.00983232465921 , 1574442625.618151
0.691078896809 , -0.236298863902 , 0.566840920156 , -7.60148e-05 , -0.000383223 , 183 , -188 , 86 , 6146115765.831473 , -394798629.2606857 , -814013136.3632888 , 0.000523569 , -8.86484e-05 , 0.00797079817739 , 1574442625.7614896
0.575579389334 , -0.24255572956 , 0.450826008093 , -0.000297976 , -0.000252073 , 216 , -166 , 224 , 3407508377.8835287 , -3982831101.270552 , -5367891.906711769 , -0.00133086 , 0.000296638 , 0.00833477799601 , 1574442625.9047835
0.460915042158 , -0.231576559155 , 0.350691464221 , -6.91925e-05 , -0.000437314 , -153 , -190 , -68 , 5800311595.466926 , -2405638344.0290494 , -196770666.3775 , -0.00117508 , -0.00159366 , 0.00329820932551 , 1574442626.0480835
0.464141002911 , -0.229831245286 , 0.766374805668 , 1.97962e-05 , -0.000475124 , -210 , 124 , -192 , 4714455583.454615 , 2097769.3459520373 , -1741709164.9506347 , 0.000406512 , 0.00275607 , 0.00587887377377 , 1574442626.191445
0.57619406046 , -0.201382154708 , 0.949146080313 , -0.000128903 , -0.000769931 , -211 , 168 , -181 , 4841382225.374466 , -230165.99511641703 , -1961232354.3378646 , -0.00196865 , -0.00380885 , 0.00731826977867 , 1574442626.335183
0.690370523388 , -0.14888871419 , 1.11780147212 , 0.00029232 , -0.000762246 , -204 , 226 , -224 , 5866434207.811288 , -128444724.19492622 , -2292978915.669148 , 0.00133765 , -0.00196883 , 0.00796650976925 , 1574442626.4783432
0.776288620027 , -0.0803838243703 , 1.28719206616 , -5.95693e-05 , -0.000367454 , 119 , -66 , -113 , 1913731541.7210555 , 412017305.0163327 , -3685185099.909846 , -0.0030171 , 0.00160663 , 0.00566413920816 , 1574442626.6217775
0.67464555508 , -0.056908024865 , 1.42511600471 , 0.000230929 , -0.000756654 , 181 , -174 , 60 , 1400722496.568567 , 804440081.306371 , -2969469431.1558504 , -0.000144024 , -0.00336321 , 0.00641338550429 , 1574442626.7649727
0.600538626791 , -0.137638915534 , 1.34483192108 , -5.81956e-05 , -0.000550334 , -150 , -190 , -86 , 1335598393.9044838 , 901831791.6997993 , -2183745023.159448 , -0.00308711 , 0.00281075 , 0.0107388632955 , 1574442626.9085507
0.604646062466 , -0.145584067309 , 1.72860748569 , 0.000270818 , -0.000583504 , -177 , 119 , 136 , 1406176586.7487516 , 821848933.589948 , -1179497836.2855182 , 0.000354985 , 0.00105714 , 0.0128252727932 , 1574442627.0520856
0.716166948606 , -0.127837257519 , 1.60582871311 , 6.39478e-05 , -0.000278739 , -180 , 232 , 171 , 285329827.74897426 , 2008186453.2766545 , -418762076.37154233 , -0.00411557 , 0.00187102 , 0.00550908199233 , 1574442627.1950524
0.828868532906 , -0.121902248995 , 1.50554712879 , -1.92108e-05 , -0.00017693 , -204 , -129 , -68 , 464621253.47359914 , 2020056854.385874 , -1573592487.2422366 , -0.0029512 , 0.00156222 , 0.00645190101571 , 1574442627.3383815
0.824117130549 , -0.121349319675 , 1.92681800719 , 0.000128523 , -0.000492683 , 154 , -124 , -242 , -2602821.5339322425 , 8952532072.530022 , -22443160.487998378 , -0.00139752 , -0.00170864 , 0.00624533139016 , 1574442627.4818377
0.726171834672 , -0.158701292622 , 2.14105593733 , 0.000254723 , -0.000393376 , -155 , -238 , -194 , 25489101.931194086 , 5153091136.923751 , -299649331.6125954 , 0.00139334 , 0.000510244 , 0.00434941536365 , 1574442627.6251128
0.721929406396 , -0.174701382751 , 2.54938725646 , 0.000187513 , -0.000556488 , 153 , -242 , 87 , 1274031496.806406 , 1245040131.9936662 , -2031860244.4763768 , -0.00109694 , -0.00189453 , 0.00355197317897 , 1574442627.768393
0.766914348318 , -0.267863674417 , 2.49145332065 , 0.000267253 , -0.000400961 , -182 , -192 , -68 , 158723138.39693603 , 4968542382.640336 , -635398285.5255355 , -0.000849213 , 0.00117398 , 0.0065186883147 , 1574442627.9117866
0.770047421633 , -0.275335293949 , 2.84626191737 , 6.47481e-05 , -0.000353897 , 183 , 129 , 75 , 225118.3159506087 , 7751406217.575771 , -101767156.27734347 , -0.000451343 , -0.0011201 , 0.00122353696928 , 1574442628.0551946
0.766483255175 , -0.285055700207 , 2.49439412958 , 7.15769e-06 , -0.000355698 , 183 , -65 , -69 , -50568194.028497666 , 6784723822.402714 , 248759132.95044565 , -0.000480337 , 0.00390264 , 0.0118124590176 , 1574442628.198506
0.696978128794 , -0.377259603774 , 2.62878909742 , 0.00011267 , -0.000282576 , 215 , -236 , -177 , -63230438.852913044 , 11959446318.406422 , 1485248.4027970296 , 0.00247196 , -0.000634215 , 0.00961082018081 , 1574442628.341989
0.635692271251 , -0.469043941979 , 2.79465072075 , 0.000279715 , -0.000443728 , -151 , 132 , -212 , -311513294.39381105 , 6413638796.785432 , 3550213381.5466356 , 0.00154059 , -0.000863713 , 0.00399835561061 , 1574442628.485184
0.578492108799 , -0.395987472553 , 2.9500724724 , 0.000143326 , -0.000439785 , -219 , -121 , 68 , -20334506.648056805 , 10350998355.255863 , 1839051.3537797478 , -0.00245034 , -0.0013673 , 0.00676534465387 , 1574442628.6285727
0.660787834925 , -0.361516747367 , 3.08829049184 , 0.000188549 , -0.000504937 , 158 , 128 , -93 , -246799224.85603723 , 12348434041.498116 , 85117336.75947425 , -0.000785721 , -0.000190379 , 0.00684387857688 , 1574442628.771968
0.566000770717 , -0.399712691455 , 2.98521513904 , 0.000363922 , -0.000491917 , -181 , 188 , -196 , -1340160941.162857 , 13185001391.683388 , 1061871058.9881873 , 0.00266404 , -0.000145816 , 0.00518855841524 , 1574442628.9153652
0.4680410088 , -0.33002148865 , 3.12975589767 , 5.48575e-05 , -0.000333273 , -215 , 165 , -236 , -851133052.8566248 , 5872706688.48245 , 4302698717.166062 , -0.00160515 , 0.00213406 , 0.00815776133477 , 1574442629.058665
0.370343037656 , -0.259909971014 , 3.26532718908 , 0.000238715 , -0.000305333 , -210 , 183 , 64 , -337322220.82684034 , 4747909981.978484 , 5255944315.272642 , 0.00160289 , -0.000825577 , 0.0045208032721 , 1574442629.2020175
0.349795488042 , -0.141745729915 , 3.12181571357 , 0.000137087 , -0.000251108 , -180 , 175 , 172 , -1171985478.4113855 , 8140367941.165578 , 3324082278.531083 , -0.00286374 , 0.0023128 , 0.00670950358849 , 1574442629.34535
0.360632709684 , -0.0220560314378 , 2.9888911502 , 0.000401108 , -0.000337033 , -210 , -174 , 204 , -627537697.172724 , 3478430407.29015 , 7974033318.529156 , 0.00181776 , 0.00226641 , 0.00970120049217 , 1574442629.4891584
0.458255239119 , 0.0116515250976 , 3.14651850854 , 0.000380227 , -0.000535421 , 177 , -183 , -68 , -75082276.22131863 , 530687213.2305601 , 17749680907.29622 , 1.22577e-05 , 0.000537711 , 0.00674947419662 , 1574442629.6323714
0.465523177963 , -0.0884984268773 , 3.25694588364 , 0.000326695 , -0.000509744 , 207 , 127 , 74 , -75735109.5970804 , 649755081.3222318 , 12684560570.376156 , 0.000105211 , 0.00377381 , 0.0134597031034 , 1574442629.7754169
0.467011083557 , -0.107225754977 , 2.87537592572 , 0.000312688 , -0.0004175 , 213 , -128 , -68 , -58370724.51308247 , 816243996.3331764 , 6715973939.638523 , 3.9789e-05 , 0.00121698 , 0.00595935084232 , 1574442629.918787
0.451244725157 , -0.207348181521 , 3.00241887125 , 0.000467906 , -0.00063129 , -178 , -185 , 85 , 166486.6002476389 , 523015171.7747317 , 6169521858.02101 , 0.00264326 , -0.00208394 , 0.00477288262596 , 1574442630.0622723
0.557445908384 , -0.1827583523 , 3.13946056712 , 0.000329314 , -0.000600673 , 181 , -192 , 128 , 3809527.600079743 , 187549489.9955194 , 12437241865.92003 , -0.000888237 , -0.00036598 , 0.00368690961797 , 1574442630.2061691
0.665886016121 , -0.228611899279 , 3.03020951558 , 0.000395251 , -0.000578762 , -182 , -178 , 183 , -51661741.15500202 , 1833883594.5838175 , 3306752484.7424407 , 0.000448839 , 0.000287509 , 0.00409401745989 , 1574442630.3488064
0.778562773766 , -0.198090717178 , 3.15357644996 , 0.000387572 , -0.000627457 , 182 , -188 , 254 , -172524494.72833046 , 1342031192.4457016 , 7742561975.433849 , -0.000831636 , 0.000621443 , 0.00364438110838 , 1574442630.4921834
0.876972141427 , -0.236641583479 , 3.01550547096 , 0.000387038 , -0.000619044 , -181 , 130 , 217 , -12480848.402520737 , 697967328.0628184 , 9411979908.19366 , 0.00136939 , -0.00101698 , 0.00747376883526 , 1574442630.6356256
0.903304742519 , -0.145498528292 , 2.85964259797 , 0.000446054 , -0.000544926 , 185 , -133 , 138 , -112651609.51627819 , 2319294891.1245766 , 5099882331.11898 , 0.000137304 , 0.00414202 , 0.00763964903682 , 1574442630.7788577
0.973597181524 , -0.224061322257 , 2.74186320056 , 0.00016032 , -0.000399853 , 209 , -185 , -123 , -16167627.744837638 , 1737020082.3943622 , 7102780408.935238 , 0.000373583 , 0.00215506 , 0.00654570148589 , 1574442630.9222856
0.929376785963 , -0.319778818896 , 2.88934476811 , 0.000407295 , -0.000657698 , -154 , 130 , -212 , -95702066.81686628 , 4263053548.4584765 , 4065782234.384235 , 0.00160961 , -0.000279132 , 0.00433930421013 , 1574442631.065521
0.850932923904 , -0.265257393936 , 3.05064813761 , 0.000333615 , -0.000577553 , 181 , -66 , -151 , -1676891.9721050155 , 3392398202.1760845 , 1380759668.0983706 , -0.000888568 , -0.00047242 , 0.00351257451963 , 1574442631.2089367
0.848012838862 , -0.360148970126 , 3.21283374978 , 0.000296526 , -0.000591227 , -184 , -194 , 136 , -1932834.9611851545 , 6998981643.632823 , 71266143.69243412 , -0.00277963 , -0.00270593 , 0.00589110519257 , 1574442631.352355
0.935713479786 , -0.298825323735 , 3.34722871762 , 0.000460263 , -0.000546354 , -214 , 120 , 190 , -113456862.04972292 , 8862196570.856592 , 424114045.44379115 , 0.00102425 , 0.00144815 , 0.00457691252679 , 1574442631.4956048
0.927319852806 , -0.183223886005 , 3.23533093805 , 0.00013916 , -0.000354238 , -208 , -183 , 194 , -34823460.809225515 , 4237161341.301277 , 1630872563.7767317 , -0.00446449 , 0.00180488 , 0.00765779860656 , 1574442631.6390305
1.01339613219 , -0.11654041367 , 3.4197196576 , 0.000417907 , -0.000657933 , -210 , -187 , -61 , -201730141.93200684 , 3452285176.4816093 , 5712828231.865662 , -0.000545449 , -0.000793756 , 0.00546861586315 , 1574442631.7823668
1.03022672198 , -0.113623339544 , 3.84349022359 , 0.000398387 , -0.000766665 , 184 , -188 , 81 , -80194341.27401528 , 3012989484.4237866 , 7150776654.088512 , -0.00265275 , -0.00130374 , 0.00658237696506 , 1574442631.9260375
1.14161126277 , -0.103335074915 , 3.757618603 , 0.000338847 , -0.000575081 , 209 , -181 , -60 , -27112710.688573096 , 3182207069.1973233 , 2540084049.1116414 , -0.00118641 , 0.00125136 , 0.0110770408746 , 1574442632.0691226
1.22304375668 , -0.188801494966 , 3.87922105202 , 0.000443799 , -0.000606576 , 178 , -180 , 62 , -2145392.1605415554 , 3533235491.1988044 , 1903126085.0886688 , 0.000113136 , -0.00102207 , 0.00357143199228 , 1574442632.2124414
1.34480793983 , -0.168673461159 , 3.73953262812 , 0.000922258 , -0.000677857 , 177 , -220 , 169 , 43408716.281973064 , 904916099.8635781 , 7877714839.568731 , -0.000427341 , 0.000648785 , 0.00556804334779 , 1574442632.3558278
1.461630639 , -0.163029668451 , 3.63895696291 , 0.000621332 , -0.000561347 , -157 , -185 , 0 , 8774277.90426775 , 2267518005.0357795 , 4271560644.62559 , -0.000263242 , -0.00147223 , 0.00536576213206 , 1574442632.4991724
1.47015632536 , -0.166157755383 , 4.09566458885 , 0.000602345 , -0.000583508 , -206 , -220 , -165 , 1502369.020339325 , 1457104468.0667162 , 10814788657.35039 , -0.000555739 , 0.00119281 , 0.00451924794945 , 1574442632.6424363
1.47025741033 , -0.164034691983 , 4.51267129431 , 0.000595475 , -0.000571333 , 185 , 129 , 72 , -704832.365623064 , 3972138730.368468 , 4781725854.182118 , -0.00280816 , -0.0014233 , 0.00342590536012 , 1574442632.7858558
1.46647262951 , -0.152456374594 , 4.14315865298 , 0.0006025 , -0.000485751 , -184 , -68 , 199 , -50801903.07298973 , 12292884883.797686 , 449921349.4362509 , 0.000882482 , 0.00285765 , 0.0061565678501 , 1574442632.93317
1.47253256293 , -0.0483889731115 , 4.21888448278 , 0.000519946 , -0.000510746 , 154 , 128 , 212 , -24956657.34238419 , 6340355638.705801 , 5587800107.72871 , 0.000355245 , -7.77633e-05 , 0.00586684148878 , 1574442633.0766191
1.48057527857 , -0.0357369090445 , 3.80731827382 , 0.000740826 , -0.000572771 , 208 , -61 , 196 , 52844503.43309194 , 821548099.4810251 , 23034734528.06088 , 0.00100943 , 0.00174511 , 0.00713458947003 , 1574442633.219912
1.59932252172 , -0.0192828785328 , 3.63248718328 , 0.000544674 , -0.000455765 , 203 , -166 , 169 , -1167369.5234085044 , 3440501020.7821846 , 11237619928.965195 , -0.00157908 , 3.29733e-05 , 0.00172336542176 , 1574442633.3636396
1.72813275325 , -0.0242716686286 , 3.47280125869 , 0.000695658 , -0.000560657 , 205 , -222 , 168 , 3552789.66961468 , 2550443421.8025284 , 15234832683.578392 , -0.000412642 , -0.000394407 , 0.00528336599673 , 1574442633.506754
1.83061253783 , -0.0469954324612 , 3.34222934245 , 0.000668907 , -0.000450938 , -181 , 138 , -145 , 48174.34988779135 , 4642258169.361791 , 5268944856.685553 , 0.000231694 , 0.00275821 , 0.00870240338896 , 1574442633.649986
1.72841413363 , -0.0160064096476 , 3.48677010108 , 0.000622418 , -0.000428506 , -178 , 232 , -169 , -21511.877602086133 , 7639161492.748814 , 2415784994.961785 , -0.00166441 , -0.000974757 , 0.0062495422849 , 1574442633.793517
1.61442673746 , 0.00425494870539 , 3.68498062257 , 0.000647425 , -0.000603831 , -211 , -125 , -187 , -25270.639360919882 , 12542406144.038248 , 446149047.82198256 , 0.000286181 , 0.000635196 , 0.00400349473976 , 1574442633.9368804
1.59709136499 , 0.00337946225302 , 4.13227765996 , 0.00046944 , -0.000417938 , -189 , 172 , -187 , 58923.7745148886 , 20670989420.961765 , -9658.548390785512 , 0.00249825 , -0.00127005 , 0.00296673015988 , 1574442634.0808952
1.5017059995 , -0.0557796176459 , 4.28975797785 , 0.000615184 , -0.000555891 , 159 , 185 , -192 , 212.16574160503683 , 17366660156.055202 , 4304275.462810648 , 0.000717106 , -0.00016595 , 0.00741547083739 , 1574442634.2234304
1.51082869771 , -0.167908264137 , 4.19403464737 , 0.000475202 , -0.000475018 , 175 , -127 , -185 , 1927.5670051914158 , 13365657472.488365 , 68671918.01996693 , -0.000775742 , 0.00131512 , 0.00637728025925 , 1574442634.3668473
1.59477033097 , -0.220354797616 , 4.30916731675 , 0.00057511 , -0.000634007 , -155 , 134 , 90 , -196932.20380001632 , 9821052056.834356 , 2706053538.104538 , 0.00163572 , -0.00139791 , 0.00732061334822 , 1574442634.510155
1.50658091079 , -0.171475303788 , 4.19506393049 , 0.000256779 , -0.00031485 , -208 , -128 , 185 , 17548004.661987472 , 4413307520.322687 , 5987780974.545319 , -0.00160392 , 0.00122511 , 0.00774829799058 , 1574442634.653552
1.50142090373 , -0.0508983179216 , 4.34680967098 , 0.000550823 , -0.000482451 , -211 , -224 , 187 , 242121.34989957913 , 4358586547.181417 , 6323000889.082786 , 0.00152633 , -0.000762632 , 0.00469520143086 , 1574442634.7970607
1.4758482648 , 0.0548491157 , 4.5228170851 , 0.00010782 , -7.88634e-05 , -212 , 178 , -134 , -3635272.674549802 , 3778480549.1468654 , 13700878290.663496 , -0.00139285 , 0.00330934 , 0.00401132708751 , 1574442634.9404116
1.40633410553 , -0.0189260416056 , 4.71705751455 , 0.000488878 , -0.000356435 , -208 , -120 , -185 , -934456.578231515 , 4084856572.837236 , 7604531462.483953 , 0.00226495 , 0.00099362 , 0.00402633464845 , 1574442635.0836194
1.39218995944 , -0.0232987860116 , 5.12906484484 , 0.00051779 , -0.000351474 , -208 , 124 , 134 , 102552.13253231898 , 4527968448.737414 , 6331435513.433304 , 0.00231579 , -0.00337579 , 0.00438369070774 , 1574442635.2268972
1.28669999662 , -0.0693527292506 , 5.00628607226 , 0.000256846 , -0.000229593 , -210 , 172 , 236 , 3050349.172906558 , 6057385693.207387 , 4553471760.37223 , -0.0018532 , 0.00173852 , 0.00877067660222 , 1574442635.370358
1.17623431709 , -0.103544838389 , 4.81763317976 , 0.000238443 , -0.000226061 , 181 , 187 , 134 , 31396217.572393116 , 3286308327.9118786 , 7493586535.373388 , -0.000824021 , 0.000355046 , 0.00558460056522 , 1574442635.513606
1.18037741692 , -0.104469628292 , 4.41577164026 , 8.40616e-05 , 6.07022e-05 , 209 , -121 , -70 , 817767502.151755 , 1622519917.469823 , 14553026403.40099 , -0.00279122 , 0.00416586 , 0.00783298186376 , 1574442635.6570222
1.28330664548 , -0.14630109559 , 4.52002331662 , 0.000252525 , -0.000241102 , 166 , 118 , -238 , 1416774574.726283 , 1373844959.569971 , 12322718236.818867 , -0.00202442 , -0.000553901 , 0.00455161843997 , 1574442635.8002932
1.33585832029 , -0.249859469021 , 4.40739033482 , 0.000411984 , -0.000313037 , 184 , -121 , -123 , 2485722909.3914194 , 849459686.4218884 , 9323068052.463133 , -0.00127322 , -0.000291656 , 0.0107894575582 , 1574442635.9434905
1.43203094703 , -0.295863266712 , 4.55487190238 , 0.000457398 , -0.000487726 , -152 , 125 , -196 , 710116424.434566 , 1425228005.5649347 , 4814405399.712687 , 0.00159818 , 0.00219622 , 0.00288466366756 , 1574442636.0870075
1.36729250723 , -0.385189683345 , 4.71382262474 , 0.000376739 , -0.000538633 , -208 , 230 , -178 , 579852245.694403 , 1721908156.1457138 , 6530657802.623041 , -0.00193947 , -0.000900684 , 0.00327382331111 , 1574442636.2304115
1.31414228086 , -0.473770349142 , 4.85027615882 , 0.000374769 , -0.000607535 , 158 , -70 , 95 , 82453420.2132164 , 2097529535.7003524 , 6771312420.776672 , -0.00345813 , -0.00280101 , 0.0044774873495 , 1574442636.3737636
1.3559573164 , -0.394199478265 , 4.72088056615 , 0.000581301 , -0.000595417 , 177 , 129 , -68 , 5988843.859781585 , 2861660260.777672 , 10009032989.531603 , 0.00225266 , -0.00106508 , 0.00602181807198 , 1574442636.5171707
1.42358514248 , -0.478358247972 , 4.59619026776 , 0.000565333 , -0.000582711 , 207 , -122 , -190 , 163318914.56148237 , 1030480100.150894 , 14113877957.558084 , -0.000337867 , 0.000782383 , 0.00550801845717 , 1574442636.6603692
1.54332229639 , -0.497644774962 , 4.74734784647 , 0.000303032 , -0.000434059 , 203 , -232 , -166 , 1820223752.1375246 , 92600935.03284545 , 18291092537.819298 , -0.00115698 , 0.000691593 , 0.00378193343978 , 1574442636.8039515
1.65810397261 , -0.492032672845 , 4.85630481712 , 0.000506169 , -0.000607404 , 204 , 130 , 68 , 795873832.2839633 , 605515853.405776 , 12583380373.997372 , 0.000597888 , -0.00190674 , 0.00236049674184 , 1574442636.9471476
1.65524192618 , -0.491762904558 , 4.44062147567 , 0.000354702 , -0.000435608 , -180 , 181 , 158 , 102930421.43873407 , 889480017.1579983 , 13256521243.759245 , -0.00229943 , 0.00330753 , 0.0053664416549 , 1574442637.0908744
1.54404397767 , -0.461178131917 , 4.26020284816 , 0.000404414 , -0.000536769 , -174 , 168 , 187 , 205433308.09944826 , 526256583.3795108 , 19967249462.178493 , -0.00108588 , 0.000492906 , 0.00593575409465 , 1574442637.233951
1.44958704511 , -0.417070562369 , 4.1324247004 , 0.000481392 , -0.000703685 , 179 , -133 , -88 , 487080426.69208485 , 137541067.56300518 , 35061299800.32745 , -0.000632923 , -0.00105564 , 0.00608147818527 , 1574442637.3772156
1.52040845282 , -0.475268053022 , 4.27990626796 , 0.000688707 , -0.000669135 , -180 , 64 , -202 , -459129.07296743384 , 2218197409.721383 , 22322250591.11538 , 0.00436672 , -0.00178791 , 0.00512147480967 , 1574442637.5205102
1.44362758744 , -0.539008754607 , 4.46914732223 , 0.000453149 , -0.000592443 , -203 , -58 , -194 , -97697.90849850766 , 3089797423.226747 , 12826024051.754734 , 8.94692e-05 , 0.000669706 , 0.0078805976525 , 1574442637.6639576
1.44906231682 , -0.545991271205 , 4.92129669434 , 0.000500228 , -0.000531521 , 181 , -181 , -192 , 288181.8441645468 , 3992110667.019033 , 5156492665.794096 , -0.00221113 , 0.000373687 , 0.00526628638143 , 1574442637.8072455
1.54947908967 , -0.533754921667 , 5.10803806104 , 0.000437377 , -0.000396951 , -185 , 177 , -134 , -13515424.234031742 , 5030756795.110761 , 7729965292.702612 , -0.000881654 , -3.4968e-05 , 0.00168897192565 , 1574442637.9506412
1.5446876667 , -0.633191018822 , 5.29816135799 , 0.000492419 , -0.00038258 , -222 , -121 , -187 , -1250802.2512035333 , 2394530719.470099 , 11345133395.502571 , -0.000517494 , 0.00144043 , 0.00808864041264 , 1574442638.0940278
1.5321196766 , -0.632237934748 , 5.73590076637 , 0.000618627 , -0.000677921 , -207 , -175 , 67 , 339055889.92395604 , 475694542.2110276 , 16670268136.443312 , 0.00177511 , -0.00426298 , 0.00478795544096 , 1574442638.2374341
1.42606817512 , -0.630984033661 , 5.86132626699 , 0.000388078 , -0.000484425 , 155 , 198 , 194 , 140921389.60135803 , 562364486.019504 , 21855811669.702236 , -0.00158033 , -9.9178e-05 , 0.00565243818533 , 1574442638.3808155
1.4092156617 , -0.600698757561 , 5.54960052102 , 0.000540218 , -0.000493555 , 189 , -61 , -96 , 418717137.952774 , 55562311.38037857 , 29489880806.380035 , 8.57588e-05 , 4.44198e-05 , 0.00537833722365 , 1574442638.524021
1.46853294794 , -0.517257958231 , 5.68120172038 , 0.00046971 , -0.000495603 , -177 , -192 , 0 , 8563642063.432418 , 5698027.251936306 , 20710705561.365425 , -0.000587782 , -0.00177779 , 0.00834003024323 , 1574442638.667379
1.36882689145 , -0.502242769772 , 5.78707084165 , 0.000753256 , -0.00064445 , 154 , 133 , 146 , 21271177388.467926 , 52190944.0482301 , 9950159263.061707 , 0.00395831 , -0.000515949 , 0.00449038210146 , 1574442638.8107567
1.35179133998 , -0.50271109808 , 5.40564792417 , 0.000601531 , -0.000411718 , -183 , -127 , 148 , 6135869195.881192 , 35118570.82177113 , 15862359678.673822 , 0.00250809 , 0.00163834 , 0.003064612517 , 1574442638.9541695
1.24780087326 , -0.472282795793 , 5.50078309287 , 0.000468268 , -0.000477694 , -209 , 61 , 180 , 6387199242.471734 , 87119862.27557138 , 18302718327.2813 , -0.00151187 , -4.05542e-05 , 0.00312412043893 , 1574442639.0973728
1.17467132771 , -0.557040004289 , 5.40182487257 , 0.000446578 , -0.000547516 , -209 , 181 , -116 , 14120422219.93703 , 251622798.6268043 , 11065491384.356375 , -0.000970309 , -0.00130161 , 0.00898464460678 , 1574442639.2408257
1.14504779591 , -0.652075879488 , 5.46049401061 , 0.000267636 , -0.000272932 , -171 , -84 , 0 , 2991292479.803118 , 232649788.67084187 , 16668958160.574389 , -0.00354074 , 0.00169666 , 0.00608243966212 , 1574442639.3842306
1.04123045936 , -0.61586169284 , 5.59327153354 , 0.000512319 , -0.00041556 , 180 , -192 , 196 , 5043393821.899301 , 655673308.7055925 , 10768491437.14666 , 0.00151945 , 0.00366527 , 0.00521749191159 , 1574442639.5274878
0.991441730419 , -0.523305705555 , 5.45417127142 , 0.000557076 , -0.000369246 , -151 , 127 , 140 , 4646364349.706959 , 351093230.7330066 , 10512503020.118027 , 0.000749939 , -0.00241178 , 0.0094827490801 , 1574442639.6719959
0.924315378762 , -0.578451346375 , 5.32977505393 , 0.000440724 , -0.000387634 , 158 , -70 , -93 , 7505786367.788883 , 60405037.60592367 , 12140737569.671583 , -0.00303067 , 0.00042102 , 0.0061318463079 , 1574442639.814412
0.99373383179 , -0.528988279309 , 5.44446660197 , 0.000653774 , -0.00051671 , -184 , 134 , 145 , 14368105819.656242 , 290932057.6599764 , 6565483539.126424 , 0.00232093 , 0.000388906 , 0.00738922891864 , 1574442639.9578645
0.923170320554 , -0.591490495633 , 5.27698753374 , 0.000598173 , -0.000577376 , 183 , 183 , 130 , 8976694134.643267 , 717190480.0641139 , 5649468539.351297 , -0.000156778 , -0.00165947 , 0.00350405149251 , 1574442640.1011114
0.919621524435 , -0.606511426215 , 4.87218518531 , 0.000588671 , -0.000553198 , -181 , 196 , -133 , 10009365429.290041 , 274023635.9012225 , 5225226542.728348 , 0.000632022 , -0.000536264 , 0.00499293102383 , 1574442640.244286
0.877305422776 , -0.694939738304 , 4.994669877 , 0.000327825 , -0.000691832 , -208 , -123 , 68 , 10063883842.870846 , 1007214432.3000093 , 5415861291.513812 , -0.00500244 , -0.0030263 , 0.00830940756456 , 1574442640.3875813
0.790594934329 , -0.63156410872 , 5.12877076395 , 0.000139574 , -0.000250459 , -181 , 125 , 198 , 12501952975.889261 , 579094858.5278665 , 4606348022.253716 , -0.00308999 , 0.00068219 , 0.00697309014597 , 1574442640.5310175
0.689227982206 , -0.681207434185 , 5.02304868312 , 0.000205998 , -0.000439926 , -209 , 180 , -62 , 2824721284.119541 , 260406880.38006148 , 7866342400.174101 , 0.000896337 , 6.06017e-05 , 0.00816302647412 , 1574442640.6743026
0.659326009864 , -0.786302607694 , 5.11391967888 , 0.000577683 , -0.000535178 , 181 , 192 , 68 , 4858389134.926886 , 56319765.035753444 , 9818345930.61932 , -0.000863525 , -0.00324647 , 0.0067396825604 , 1574442640.8179963
0.657079295711 , -0.793091914726 , 4.67176905712 , 0.000436814 , -0.000361697 , 210 , 236 , 228 , 8320060241.745137 , 406284598.00452185 , 4851304372.898008 , -0.000628857 , 0.00236973 , 0.00455478703166 , 1574442640.9614475
0.657472469827 , -0.793737476909 , 4.17418418713 , 0.000470056 , -0.000317219 , 205 , 172 , 169 , 10469591060.191633 , 198338284.49609652 , 4024464758.888694 , 0.000126691 , 0.000218283 , 0.00196964684796 , 1574442641.1049948
0.667661223112 , -0.801905275486 , 3.74026783035 , 0.000546006 , -0.000313425 , 149 , -125 , -71 , 26980264971.014545 , 147975978.81248194 , 2563702175.305536 , -0.00257388 , 0.000303578 , 0.00644404530311 , 1574442641.2477577
0.727477276744 , -0.889072005372 , 3.90010079539 , 0.000507636 , -0.000324735 , -181 , -244 , -224 , 16460214797.80359 , 2414205.261224065 , 6482543849.528905 , -0.000740555 , 0.000328104 , 0.00275191325135 , 1574442641.391239
0.732766555983 , -0.893528075306 , 4.27770066126 , 0.000507261 , -0.000263521 , 154 , 127 , 75 , 3943648682.856322 , 485307.65829479037 , 11060010615.59291 , -0.000564932 , -0.00106131 , 0.00291668237956 , 1574442641.5347435
0.732164831794 , -0.882418423513 , 3.91980421518 , 0.000287454 , -0.000296571 , -157 , -127 , 212 , 40812378.1918913 , 133796359.91015865 , 9461000487.134495 , -0.00270008 , 0.000333117 , 0.00321048228023 , 1574442641.679205
0.76246769437 , -0.781778992321 , 4.08243094869 , 0.000476478 , -0.0002162 , -206 , -188 , -67 , 17476909.61499072 , 157140175.7861772 , 12918161447.377125 , -0.000762936 , 0.000550853 , 0.00224100354023 , 1574442641.8253517
0.772007513112 , -0.781308371745 , 4.53531552303 , 0.000333748 , -0.000294702 , 174 , -183 , -249 , 2824412222.097951 , 1032733.5176171354 , 13895788926.907892 , -0.00282309 , -0.000598743 , 0.00577252377432 , 1574442641.9685898
0.872126987418 , -0.787868985641 , 4.71823383812 , 0.000389551 , -0.000458695 , -180 , -181 , 71 , 18592273.40884201 , 75873091.7514228 , 14394328777.895445 , -0.00103263 , -0.00137792 , 0.0111577672073 , 1574442642.1119115
0.838687502747 , -0.697477765256 , 4.88380138056 , 0.000537848 , -0.000377 , 152 , -192 , -73 , 93797673.38705185 , 111263838.95152138 , 10017014227.252022 , 0.0012922 , 0.00248095 , 0.00516164868875 , 1574442642.255304
0.929700196382 , -0.664877996004 , 5.04804555898 , 0.000408988 , -9.89662e-05 , -177 , -181 , 70 , 2514725118.773738 , 22452542.658355474 , 8741789923.431755 , 0.000930679 , -0.000619553 , 0.00233200631029 , 1574442642.3986275
0.868233832432 , -0.602169303352 , 5.18435205262 , 0.000727385 , -0.000487974 , 150 , 138 , -93 , 2417451593.795969 , 38734068.00481494 , 10607503315.79467 , 0.00206248 , -0.00225927 , 0.00312663666117 , 1574442642.5420232
0.949139563598 , -0.654915193419 , 5.10921438461 , 0.000527602 , -0.00050461 , -151 , -130 , -115 , 4925668512.838403 , 112315791.84097254 , 6222680385.677019 , 0.000522661 , 0.000279476 , 0.00300949923893 , 1574442642.6853442
0.946864143694 , -0.650569602898 , 5.52210395757 , 0.000301413 , -0.00054018 , -203 , -181 , 63 , 4375112357.9226465 , 305448633.0053567 , 7193037825.542804 , -0.000954734 , -0.00175739 , 0.00233400487044 , 1574442642.8287404
0.844209667565 , -0.626020792134 , 5.65238179292 , 0.000329062 , -0.000130082 , 187 , 124 , 136 , 7052469376.424554 , 842160188.258742 , 3567207238.0510316 , -0.00095393 , 0.00279318 , 0.00467736080153 , 1574442642.972084
0.844242416058 , -0.617361253302 , 5.27992834266 , 0.000344391 , -0.00036998 , 212 , -125 , -69 , 2962453055.2498736 , 288523876.8083211 , 7163710564.109235 , -0.00242038 , 0.000758932 , 0.0061326466037 , 1574442643.115433
0.931067002358 , -0.549672350062 , 5.38035696742 , 0.000542273 , -0.000481085 , 220 , -226 , 122 , 7825068418.869264 , 758368796.7114317 , 6296835120.549475 , 0.00182702 , -0.000928613 , 0.00512916912088 , 1574442643.2587347
0.931355855538 , -0.433938161276 , 5.27492896749 , 0.000502848 , -0.000465097 , 217 , -181 , -133 , 13691723049.713848 , 2290006456.2669716 , 2855249272.5344543 , 0.00025925 , 0.00116763 , 0.00591041616778 , 1574442643.4022787
1.03140669955 , -0.364392637568 , 5.4299095978 , 0.000471066 , -0.000296183 , 178 , -230 , -178 , 8965458550.328133 , 628227695.0385418 , 3697916762.166873 , 0.000565167 , -0.000780561 , 0.00371467006781 , 1574442643.5454037
1.11887205088 , -0.286713710424 , 5.62517931037 , 0.000497259 , -0.000444564 , -151 , -242 , -200 , 7560547148.838028 , 1024651315.8129654 , 4801204123.842279 , -0.00165413 , -0.00156574 , 0.00254259536942 , 1574442643.6890194
1.12869151635 , -0.289359929924 , 6.06394800187 , 0.000537917 , -0.000540433 , -179 , 121 , -200 , 5263913366.960869 , 1702046441.2856145 , 2795745450.840857 , -0.000499687 , -0.000169058 , 0.000545045192715 , 1574442643.8321388
1.19643408715 , -0.353342005367 , 6.21863455129 , 0.000589874 , -0.00050561 , 155 , -130 , 136 , 3264036296.770808 , 2673973698.291418 , 3450502924.6928277 , -0.00166993 , -0.00152164 , 0.00227989100154 , 1574442643.9755747
1.12686689282 , -0.296072699058 , 6.08865079684 , 0.000627436 , -0.000436974 , 212 , 119 , -70 , 1384340998.3599596 , 4214909826.7161393 , 5048668572.309486 , 0.000732085 , -0.00102999 , 0.00336736607161 , 1574442644.1189482
1.22816980201 , -0.263780799736 , 5.96146081086 , 0.000584738 , -0.00035124 , -150 , 181 , -235 , 3047797106.7138147 , 4586764092.677533 , 8315902750.135221 , 0.00129442 , 0.00172942 , 0.00809901970964 , 1574442644.2623177
1.29341862278 , -0.342099373583 , 6.10203147744 , 0.000636699 , -0.000464268 , -209 , -128 , 70 , 7016412141.088118 , 2367001892.8855944 , 11477404501.374714 , 0.00066173 , -0.000548159 , 0.00519878496195 , 1574442644.4055614
1.2035809328 , -0.369810347555 , 6.27215727371 , 0.000382225 , -0.000373635 , 153 , -198 , -68 , 4459082503.526908 , 4661829047.349459 , 7890061843.639623 , -0.00104966 , 0.00328883 , 0.00538609752765 , 1574442644.549234
1.20865038096 , -0.274341502918 , 6.44051858463 , 0.000608083 , -0.000649759 , -124 , 185 , -259 , 1501084917.3220463 , 4454619525.66218 , 10489403454.403748 , 0.00144926 , -0.00429896 , 0.00602892606799 , 1574442644.6923666
1.31439644875 , -0.306558678487 , 6.60226307546 , 0.000599198 , -0.000637023 , -205 , 236 , -172 , 2732431056.915007 , 1938256228.1564384 , 14533778524.73116 , -0.000506735 , -0.00168467 , 0.00419835219214 , 1574442644.8367574
1.42210007242 , -0.339326198234 , 6.77062438638 , 0.000514019 , -0.000621588 , -169 , -124 , 66 , 4933714871.615383 , 2752051040.0557404 , 9671891577.90485 , -0.00117057 , -0.00331965 , 0.0039992078353 , 1574442644.9834106
1.37818086972 , -0.43593547651 , 6.90516639467 , 0.000318046 , -0.000380961 , -212 , 124 , 202 , 3057493028.0907674 , 4418731657.216249 , 12135326000.518652 , -0.00385509 , 0.000945528 , 0.00448030815597 , 1574442645.126537
1.4410515792 , -0.516573649225 , 6.77415335709 , 0.000580635 , -0.000546666 , 179 , 194 , -73 , 4509736105.090351 , 2585228901.277736 , 15986044944.916405 , 0.00313979 , -0.0015319 , 0.013103113687 , 1574442645.2699661
1.51037489666 , -0.433480414582 , 6.64858081602 , 0.000435965 , -0.000477057 , -153 , 121 , -198 , 8639341911.375721 , 1089175228.1371896 , 20180488240.10132 , -0.0010104 , -1.4768e-05 , 0.00547515876152 , 1574442645.413171
1.61443847713 , -0.433421867042 , 6.79194525108 , 0.000354568 , -0.000502855 , 180 , -124 , -173 , 15846683542.804441 , 2351269025.3367386 , 11912932268.66319 , -0.00172486 , 0.000758694 , 0.00194737336764 , 1574442645.5566232
1.56445842189 , -0.353941799003 , 6.95324862058 , 0.000497525 , -0.000527401 , -148 , -198 , 69 , 18192040868.27863 , 1541522577.6581376 , 9915416865.67075 , 0.00150742 , -0.00141537 , 0.00733835193442 , 1574442645.7009196
1.50992556105 , -0.445628094493 , 7.08587910306 , 0.000366456 , -0.000649182 , 151 , -188 , 130 , 8539564118.167483 , 918983087.7271982 , 17358745135.067905 , -0.000496619 , -0.00287446 , 0.00471809464887 , 1574442645.8432088
1.40405364573 , -0.491371523068 , 6.97883365822 , 0.000475127 , -0.000578913 , -150 , -183 , 192 , 14304978668.843504 , 230000662.0277328 , 19812134190.926598 , 0.000986599 , -0.000701419 , 0.00440224500136 , 1574442645.9866278
1.37075258145 , -0.585957400714 , 7.12587410443 , 0.00046414 , -0.000420613 , -209 , 120 , -68 , 14885104721.2629 , 320827579.1472587 , 22726682725.719425 , 0.00134437 , 0.000975413 , 0.00325910940436 , 1574442646.1300788
1.45686359982 , -0.564642737826 , 7.25968091049 , 0.000344883 , -0.000508269 , 149 , -124 , 74 , 24153839849.29791 , 646638714.1923486 , 14827025755.241423 , -0.00135616 , -0.000540018 , 0.00187036423138 , 1574442646.2733548
1.36247350781 , -0.600781740609 , 7.15851708349 , 0.00028262 , -0.000352328 , 203 , -183 , -63 , 13963576554.172441 , 985043039.9276893 , 15744284901.780102 , 0.000134985 , -0.000659432 , 0.00889331916154 , 1574442646.4167364
1.27582453842 , -0.524181721586 , 7.27997249207 , 0.000349472 , -0.000455311 , 209 , 168 , -198 , 19762539747.12559 , 2225894261.284171 , 9254649472.439285 , 0.00134446 , -0.000958719 , 0.00248649009503 , 1574442646.5600944
1.28303202895 , -0.421659858383 , 7.13396132898 , 0.000349672 , -0.000497595 , -182 , 183 , 75 , 31901396232.533836 , 1452488201.7958252 , 8785170115.228344 , 0.000797541 , 7.23555e-05 , 0.00330949045393 , 1574442646.7033265
1.35403772559 , -0.474928056576 , 7.00559501943 , 0.000389413 , -0.000519133 , 153 , -129 , -73 , 26195348118.857784 , 1811991336.361349 , 7733363947.971507 , -0.000224307 , 0.00245764 , 0.00834704916314 , 1574442646.8471513
1.28666099595 , -0.414361165855 , 7.15101802074 , 0.000411296 , -0.000664168 , -181 , -188 , 68 , 24347985517.08737 , 4173182011.7903824 , 7623888374.014125 , 0.00128204 , -0.00197296 , 0.0071216655907 , 1574442646.9901838
1.25821358282 , -0.522435313512 , 7.31305659246 , 0.000407628 , -0.000441803 , -175 , -220 , 177 , 15528938265.794142 , 2604526154.2632194 , 13563754883.629166 , -0.000467979 , 0.00435693 , 0.00438471662614 , 1574442647.1334164
1.24660635667 , -0.630900149937 , 7.49185777506 , 0.000381241 , -0.000556683 , 150 , -183 , -71 , 15175594174.866316 , 1018355830.0564628 , 14590974844.957008 , -0.00196991 , -0.00100491 , 0.00611567518257 , 1574442647.2768314
1.14205655237 , -0.608783523567 , 7.63257548209 , 0.000105364 , -0.000127875 , 204 , -177 , 63 , 12325960425.34554 , 1212072676.0109 , 18857591975.68048 , -0.00201353 , -0.000702828 , 0.00219227325904 , 1574442647.4201984
1.06487395175 , -0.69532252617 , 7.52038362163 , 0.000571334 , -0.000488894 , -154 , -185 , 192 , 17779904345.894382 , 1781377294.2012453 , 13087175033.419592 , 0.000622013 , 0.000395292 , 0.00634790742984 , 1574442647.5634334
1.06745867199 , -0.798695148262 , 7.6730116048 , 0.000719061 , -0.000479461 , 183 , -188 , -72 , 27334742531.858273 , 3351422621.7103944 , 7181011310.995749 , 0.00387891 , -0.000443633 , 0.00713629942329 , 1574442647.7069857
0.956775924504 , -0.783805338976 , 7.84725453356 , 0.000424056 , -0.000430606 , 210 , -168 , -236 , 23200269480.7653 , 5322033378.52156 , 9151377286.282188 , -0.000139846 , 0.000378941 , 0.00369135590824 , 1574442647.8521461
0.835997210058 , -0.784009038452 , 8.05017034934 , 0.000375095 , -0.000443017 , -181 , -240 , -162 , 18167469852.918697 , 5265730713.082052 , 8002066948.061348 , 0.000767086 , -0.000316908 , 0.00611045900737 , 1574442647.9978073
0.826429049537 , -0.786601367128 , 8.52128793901 , 0.000583473 , -0.00049912 , -211 , -172 , -224 , 24449907616.375294 , 7815738723.987963 , 4080320813.5400133 , 0.0020497 , -0.000958814 , 0.00417078613442 , 1574442648.1410177
0.829973714187 , -0.79927122547 , 8.97270210888 , 0.000791808 , -0.000515543 , 181 , -200 , 86 , 19229180581.361813 , 10669105001.92498 , 4594220136.645832 , 0.000446625 , -0.00237266 , 0.00390918458085 , 1574442648.2884731
0.900382470593 , -0.885577744102 , 8.88021366822 , 0.000572115 , -0.000149962 , -183 , -187 , 138 , 12407516326.89027 , 13747616542.774498 , 5897790811.15119 , -0.000673619 , 0.00155673 , 0.0053662247659 , 1574442648.4324555
1.00786021956 , -0.8959626221 , 9.06048525527 , 0.000574904 , -0.000406022 , -210 , -183 , -62 , 12616326121.560728 , 18127244916.092365 , 9970767647.96058 , 0.00153041 , 0.000155942 , 0.00191619460796 , 1574442648.5751438
1.00718657939 , -0.88754310123 , 9.50954677801 , 0.000351493 , -8.39836e-05 , -211 , 123 , -198 , 14103580206.656044 , 20986230512.669483 , 19771678827.796974 , 0.00030996 , 0.0016218 , 0.00385034538674 , 1574442648.7186325
0.92105703607 , -0.836373714244 , 9.69025948641 , 0.00050554 , -0.00025517 , -209 , -125 , 130 , 11956054996.29996 , 24547810068.67694 , 12334021808.19793 , 0.00193136 , -0.000188432 , 0.00717277408346 , 1574442648.8619542
0.984921747743 , -0.751087577559 , 9.82524261603 , 0.00049187 , -0.000458264 , -178 , 125 , 187 , 13292068382.153263 , 32257671719.976395 , 7731682967.299814 , 0.000630414 , -0.000497316 , 0.000805863757721 , 1574442649.0052485
0.951380721824 , -0.659073422585 , 9.72025573744 , 0.000628766 , -0.000421727 , 182 , -129 , -73 , 10715407586.619413 , 40235087900.684456 , 16328798036.695673 , 0.00139354 , -0.000112381 , 0.00393630295282 , 1574442649.1487567
0.987782256256 , -0.742436577885 , 9.86626690053 , 0.000442158 , -0.0003752 , -180 , -187 , 128 , 12695610765.15092 , 30892812327.77042 , 25986410283.420296 , -0.00109782 , -0.0027503 , 0.00296138405739 , 1574442649.291962
1.05135393504 , -0.665176533644 , 10.0597721277 , 0.000475457 , -0.000306228 , -205 , -172 , -122 , 15205377132.186409 , 38033209580.93772 , 22904021436.505768 , 0.001955 , 0.0012871 , 0.00301497222987 , 1574442649.4353695
1.04410775583 , -0.66121533456 , 10.5100099741 , 0.000402379 , -0.000379548 , -201 , 127 , -183 , 23250636368.36844 , 28342187415.810387 , 14941151378.99923 , 0.00246303 , -0.00228435 , 0.00460516956321 , 1574442649.5787761
0.954759434052 , -0.728527059424 , 10.67013702 , 0.000452999 , -0.000311062 , 180 , 185 , -187 , 16702833569.264153 , 31975955296.083 , 18850310107.064236 , 0.000621733 , 0.00154471 , 0.00680553147445 , 1574442649.7220912
0.95988181734 , -0.832446815077 , 10.5269196254 , 0.000491606 , -0.00032908 , -150 , 188 , 66 , 17978537632.918167 , 41791923278.70967 , 13072738284.319607 , 0.00112651 , -0.000546794 , 0.00292674429599 , 1574442649.8653471
0.859690588891 , -0.800380263324 , 10.3975240327 , 0.000379076 , -0.000108202 , -206 , 175 , -64 , 16637272934.618269 , 52639842348.231964 , 23795892646.005367 , -0.000694904 , 0.00336425 , 0.00731356524995 , 1574442650.008672
0.758281493484 , -0.843888105396 , 10.5750018513 , 0.000467795 , -0.000376291 , -205 , -125 , -196 , 21591206595.075085 , 43514783674.68295 , 34642775723.71002 , 0.00119092 , -0.000677468 , 0.00174527570997 , 1574442650.1521928
0.762847534223 , -0.852291381638 , 11.0247985762 , 0.000448164 , -0.000375138 , 150 , -185 , -200 , 14880935146.51714 , 41387929606.261566 , 39868942749.89435 , 0.00239282 , -0.000728236 , 0.0038520128056 , 1574442650.2954605
0.869310058302 , -0.848549871968 , 11.2431536389 , 0.000514108 , -0.000284356 , -181 , -187 , -192 , 16480254948.219313 , 37180919626.31292 , 27253530613.986095 , 0.0025115 , 0.00155194 , 0.004762781176 , 1574442650.4387245
0.879282547865 , -0.834649384345 , 11.6591310612 , 0.000446267 , -0.000415354 , 165 , -185 , 67 , 20916873492.33344 , 27171603999.142464 , 30777936087.385048 , -4.61955e-05 , -0.0011852 , 0.00153546001989 , 1574442650.5821276
0.873735849832 , -0.724861852263 , 11.5769354518 , 0.000428262 , -0.000368209 , 207 , -183 , -124 , 29829197154.892735 , 27924278515.913025 , 36191047294.08757 , -0.000393856 , 0.00223221 , 0.00405499017543 , 1574442650.7254174
0.972621100322 , -0.652876686528 , 11.7333864866 , 0.000539386 , -0.000465864 , 208 , -175 , -180 , 24044840139.815773 , 31459621892.820885 , 45820203394.52915 , 0.00109421 , -0.000697836 , 0.00138552129866 , 1574442650.8688297
1.06706868864 , -0.565969394915 , 11.9082175771 , 0.000197504 , -3.40905e-05 , 207 , -180 , -166 , 39133852672.354935 , 28800488310.622295 , 58558295740.42538 , -0.00232347 , 0.00467713 , 0.00581140056701 , 1574442651.0120692
1.13224915878 , -0.462677363395 , 12.0483471223 , 0.000497009 , -0.000477591 , 230 , -236 , 124 , 32715648847.114277 , 38018673398.38493 , 43091977940.086426 , 0.00210108 , -0.00196111 , 0.00475251636505 , 1574442651.1555324
1.08236161545 , -0.364239410696 , 11.8814562159 , 0.000532624 , -0.000520767 , 204 , 114 , 188 , 27828563898.400146 , 42391176196.69938 , 50264546061.464905 , 0.00241129 , -0.000165207 , 0.00373166748158 , 1574442651.2990692
1.08616717063 , -0.3667707014 , 11.4735660181 , 0.000471817 , -0.00036723 , -181 , 133 , -134 , 24738444196.716415 , 42311041817.04972 , 68317726316.863815 , -0.00143389 , -0.00115616 , 0.00545168148976 , 1574442651.4426916
1.08382432355 , -0.470112841439 , 11.6253117586 , 0.000643502 , -0.000538437 , -205 , -121 , -188 , 23108295196.640133 , 37190694892.6689 , 107247041690.54657 , 0.00296702 , -0.000663922 , 0.00475653986256 , 1574442651.5856943
1.0738411513 , -0.470502140279 , 12.0699620679 , 0.00044042 , -0.000424521 , -208 , -181 , 61 , 16012147862.630482 , 54352997448.69318 , 92048006980.76929 , -0.00301651 , -0.00311237 , 0.00746625201784 , 1574442651.7289276
0.974342778265 , -0.481679482663 , 12.257144556 , 0.000709728 , -0.000525954 , -207 , 129 , -67 , 10298303167.336859 , 83731896891.30972 , 38091983818.60543 , 0.00410001 , -0.00198442 , 0.00457147744021 , 1574442651.8727136
1.04929183956 , -0.558415565431 , 12.3969800203 , 0.000698271 , -0.000465979 , 179 , 181 , -185 , 10463164612.360174 , 68506770963.367294 , 46936679247.83585 , 0.0013421 , -0.000656778 , 0.00538935081783 , 1574442652.0158365
1.14558933712 , -0.519502387193 , 12.250233655 , 0.000459816 , -0.000484438 , 205 , -65 , 68 , 14901462190.694817 , 50173486740.8916 , 83388534745.96452 , -0.0033937 , -0.00122462 , 0.00372998375339 , 1574442652.1630952
1.07066690063 , -0.440526928956 , 12.1195146983 , 0.00019768 , -0.000457229 , -181 , -185 , 185 , 21567553855.71784 , 54740057326.5389 , 75350086579.81512 , -0.0036762 , 0.00224204 , 0.0087673360109 , 1574442652.306567
0.950666343943 , -0.441018416436 , 12.2672903468 , 0.000345336 , -0.000570404 , -206 , -174 , 230 , 37469734714.85995 , 35224745528.49294 , 93348512758.8656 , -0.00215129 , 6.36649e-05 , 0.00239234007691 , 1574442652.4498572
0.835146547523 , -0.475887153688 , 12.4116840649 , 0.000480159 , -0.000336342 , -198 , 121 , 128 , 25397135967.76193 , 30847171027.21594 , 115153258681.02957 , -0.000163343 , 0.00399125 , 0.00570081398229 , 1574442652.5930989
0.802623027923 , -0.585528561564 , 12.3012566898 , 0.000200934 , -0.000200529 , -209 , -64 , 185 , 14168159943.9896 , 47125747706.737236 , 95143544776.37106 , -0.00202006 , 0.000331039 , 0.00208052677175 , 1574442652.7365398
0.698819555948 , -0.619180667271 , 12.3969800203 , 0.000518071 , -0.000587806 , 152 , 129 , 145 , 17740993881.088367 , 48949262388.71675 , 93395379520.15286 , 0.000952585 , -0.00219375 , 0.00316134465137 , 1574442652.8798263
0.692156881106 , -0.622831178235 , 11.960563976 , 0.000523197 , -0.000604203 , 209 , 224 , 183 , 23539620920.077007 , 51112521708.98504 , 91660777336.39531 , 0.000197272 , 0.000464076 , 0.00590242996555 , 1574442653.0231884
0.705235272641 , -0.6236659861 , 11.4967984086 , 0.000512632 , -0.000571962 , 207 , 183 , -124 , 27972410600.434986 , 46233762875.44111 , 81561185063.4158 , -0.00115224 , -0.000350135 , 0.00158157804054 , 1574442653.1666608
0.806995495547 , -0.68549332775 , 11.3213791563 , 0.00028949 , -0.000304645 , 207 , 224 , -177 , 40182309762.39788 , 50126350855.18435 , 83809047696.06084 , 0.000524945 , -1.84248e-05 , 0.00564003294287 , 1574442653.3099117
0.9032337063 , -0.76994486494 , 11.1587524228 , 0.000481571 , -0.00046039 , 203 , 177 , -168 , 32802567289.191742 , 54326753191.03973 , 65816988595.68692 , -0.000390169 , 0.00150323 , 0.002707502377 , 1574442653.4532092
0.969916971113 , -0.849593673493 , 11.0161231899 , 0.000503869 , -0.000590772 , -177 , -130 , 149 , 29288481955.93137 , 58086387165.74467 , 39454978899.23868 , -0.000405653 , -0.00140544 , 0.00318117524824 , 1574442653.5967138
0.917776272209 , -0.777630099547 , 11.1575760992 , 0.000527031 , -0.000610691 , -209 , 128 , -68 , 25018419363.839546 , 54355842298.15197 , 41729903405.826904 , 0.00282136 , -0.000658449 , 0.00551138623906 , 1574442653.7400856
0.874093039518 , -0.881361461794 , 11.3243199652 , 0.000536236 , -0.000508055 , -203 , 226 , -174 , 18919060061.178635 , 50371320335.611885 , 45879647077.739815 , 0.00129046 , 0.000148005 , 0.0040542022559 , 1574442653.8834293
0.85203479614 , -0.995128929399 , 11.5231186485 , 0.000463372 , -0.000462179 , -211 , -121 , -208 , 12063707274.059149 , 49800787106.623856 , 46674379054.61892 , -0.000599369 , 0.000519946 , 0.00299101619246 , 1574442654.0267231
0.842351904942 , -1.00614672985 , 11.9382138281 , 0.000504804 , -0.000343486 , -208 , 120 , 71 , 12701785074.89658 , 60624429472.94546 , 39695494619.609276 , 0.00142625 , -0.00249849 , 0.00299670097224 , 1574442654.170211
0.77479430643 , -1.09875170444 , 11.8148468938 , 0.000644088 , -0.000390503 , -177 , 234 , 171 , 14094869263.13862 , 49347626843.36929 , 48913268644.691055 , -0.00037394 , 0.00232583 , 0.0084595296157 , 1574442654.3138876
0.69672359553 , -1.18371672019 , 11.6292818506 , 0.000436644 , -0.000327457 , 149 , 187 , 244 , 17853470974.863537 , 36040212524.96707 , 63035304874.735886 , -0.000438558 , 0.00127609 , 0.00448327826121 , 1574442654.4568322
0.700702297234 , -1.18403576444 , 11.2234502191 , 0.000546789 , -0.000409094 , 217 , 187 , -129 , 34835271976.171616 , 31656726674.492477 , 79786060370.30827 , 0.00277707 , 0.000945735 , 0.00352630900053 , 1574442654.6000388
0.766209698695 , -1.25194832257 , 11.0731748831 , 0.000584512 , -0.0004547 , -155 , -137 , 76 , 41737232088.41278 , 28586448829.994167 , 74315079548.99037 , 0.00136587 , -0.000324796 , 0.00831359387116 , 1574442654.743473
0.708474014348 , -1.18334311803 , 11.2199212484 , 0.000467983 , -0.0003853 , -210 , 129 , -70 , 52522645027.139305 , 23117258628.121 , 67602463990.236435 , -0.000245214 , 0.00207576 , 0.00404322125839 , 1574442654.8908641
0.663269313239 , -1.28160854251 , 11.3528458118 , 0.000484892 , -0.000379353 , -178 , 175 , 62 , 29983288092.382423 , 26158117838.562275 , 60510135082.59601 , 0.000523212 , -0.00213814 , 0.00223356547266 , 1574442655.034328
0.564879373268 , -1.32639418006 , 11.2718265259 , 0.000198032 , 0.000323687 , -209 , -128 , -67 , 15795211141.407583 , 26526779911.775387 , 71001423509.11201 , -0.0012351 , 0.00479325 , 0.00796667438706 , 1574442655.177612
0.560052048862 , -1.32831599308 , 11.7245640598 , 0.000526271 , -0.000313028 , -206 , -234 , -175 , 20114100087.104412 , 31868176105.500423 , 61230515237.25781 , 0.00258464 , -0.00106939 , 0.00327404450639 , 1574442655.3209033
0.555767617599 , -1.31676621085 , 12.170831814 , 0.000306301 , -0.000268094 , 180 , -188 , 130 , 26577931929.557995 , 22883003182.831867 , 71863043828.84402 , -0.000739739 , -0.000611736 , 0.00531036860057 , 1574442655.4643033
0.484346482637 , -1.22521344785 , 12.0546698615 , 0.000215332 , -0.00025955 , 203 , -169 , 220 , 21397580641.221615 , 18240495336.251484 , 67424839941.247154 , -0.00264154 , 0.000993283 , 0.00967370162346 , 1574442655.6076777
0.415385884025 , -1.12377975244 , 11.9215982577 , 0.000382063 , -0.000374618 , -184 , -185 , 188 , 41009660519.25851 , 16372444259.10093 , 67352418798.04902 , 0.0019262 , -0.00373971 , 0.00581638025134 , 1574442655.7509842
0.309434885835 , -1.10380977885 , 12.0127633344 , 0.000169268 , -0.000263324 , 183 , 132 , 153 , 80118304222.2335 , 20513302635.519077 , 58465867382.565926 , -0.00492108 , -0.00135628 , 0.00514191729755 , 1574442655.894465
0.303935091705 , -1.10359627741 , 11.6667771644 , 0.000518512 , -0.000288668 , -154 , -130 , -75 , 65941967375.59492 , 23659932302.780144 , 57611948707.976456 , 0.00137426 , -0.000421582 , 0.00699009024308 , 1574442656.0376413
0.302638740856 , -1.0915872676 , 12.0474648797 , 0.0001412 , -7.47858e-05 , 180 , -192 , 136 , 50609024663.96626 , 29796700950.570454 , 54163497292.41915 , -0.00265793 , -0.000409904 , 0.00296434190142 , 1574442656.1852708
0.245408522719 , -1.01138324612 , 11.930273644 , 0.000383899 , -0.000298191 , -181 , 132 , 149 , 61133268003.5552 , 39531206748.02387 , 42006360662.333626 , 0.00108927 , -0.000167501 , 0.00430437620659 , 1574442656.3285217
0.178276268769 , -1.07801367836 , 11.7735285284 , 0.00037828 , -0.00042109 , 180 , -65 , 210 , 46151179049.197 , 26721617182.0276 , 41924252727.04142 , -0.00170816 , 0.00057813 , 0.0105925351683 , 1574442656.4719584
0.139852537437 , -0.990607952948 , 11.622812071 , 0.000394558 , -0.000612145 , -153 , 128 , 146 , 58887227009.08071 , 36517136523.997314 , 47017695707.8421 , -0.00159215 , -0.00262812 , 0.00361370663852 , 1574442656.6151817
0.0675139181985 , -1.04818554106 , 11.4706252092 , 0.000169433 , -0.000440891 , 181 , 188 , -68 , 48843268331.75124 , 46061090717.68302 , 42845326560.56261 , -0.00358953 , 0.000512391 , 0.0042453371414 , 1574442656.7594655
0.139367305618 , -1.10188391116 , 11.3428470614 , 0.000129989 , -0.000606903 , -150 , -64 , 75 , 58133835882.15289 , 36158150324.403755 , 39661802484.76885 , -0.00303994 , -0.000346716 , 0.00575329164008 , 1574442656.9020462
0.0669262663277 , -1.04169940266 , 11.4221018619 , 0.000416123 , -0.000598949 , 153 , 132 , 198 , 49424792988.977264 , 45477920802.321304 , 32938983511.457123 , 0.0005946 , 0.0010069 , 0.00117464700762 , 1574442657.0452545
0.0790832229317 , -1.00173284374 , 11.1439013377 , 0.000383242 , -0.000575245 , 199 , 0 , -91 , 59638694875.26639 , 35461106721.21752 , 28041914520.279884 , -0.000594217 , -0.0008971 , 0.00182821395167 , 1574442657.1886425
0.174189520517 , -0.984879591254 , 11.2480059736 , 0.000480199 , -0.000477856 , -154 , 132 , 143 , 48410324617.01086 , 26105028779.209877 , 40357162938.64611 , 0.00376508 , -0.00314015 , 0.0062323235886 , 1574442657.3319223
0.0815990504254 , -1.01875644875 , 11.1365493154 , 0.000424631 , -0.000481263 , -206 , 187 , -67 , 59891508915.01891 , 33935345822.51274 , 31259139181.63482 , -0.00183285 , 0.000981461 , 0.00508865891169 , 1574442657.4764187
0.035813577842 , -1.11865304032 , 11.3141741744 , 0.000179584 , -0.000471953 , -207 , -117 , -187 , 51037385492.77922 , 27519143860.075962 , 28745054757.155468 , -0.00195158 , -0.00203272 , 0.00916566220861 , 1574442657.6187563
0.0355554243583 , -1.12464882262 , 11.7930849077 , 0.000340393 , -0.000318163 , -209 , -222 , -226 , 37469746757.967674 , 38178032115.97651 , 34836616770.50648 , -0.000669557 , 0.000863473 , 0.00266250455753 , 1574442657.7621744
0.0335458313862 , -1.12393660709 , 12.2100916132 , 0.000337396 , -0.000436792 , 150 , 124 , 74 , 39413577111.10182 , 28735776508.6172 , 29582105080.82283 , -3.60306e-05 , -0.000984697 , 0.00649893320676 , 1574442657.9053342
0.0297522707834 , -1.13385247917 , 11.8246986037 , 0.000295349 , -0.000338229 , -181 , 188 , 194 , 46520649947.951744 , 19438197069.75381 , 33245766186.302345 , -0.00176673 , -0.000563168 , 0.00511056739836 , 1574442658.0487432
-0.0474696352232 , -1.21864255398 , 11.6414862077 , 0.000390999 , -0.000330433 , -205 , 242 , 218 , 58241559284.724655 , 31068615407.610043 , 32546704613.08 , 0.00154355 , -0.000490026 , 0.00350552986353 , 1574442658.1921608
-0.148080050325 , -1.29532839361 , 11.4790065146 , -8.89846e-05 , 0.000131201 , -177 , 175 , 168 , 64777748457.68671 , 59320569850.60746 , 35245074898.57013 , -0.00266265 , 0.00260098 , 0.006800561208 , 1574442658.3353565
-0.239688106448 , -1.35631886132 , 11.3197617114 , 0.000297425 , -0.00034037 , -82 , 185 , -122 , 55182609133.62861 , 45494640386.82234 , 35614158490.883385 , 0.000647612 , -0.00231664 , 0.00245894197519 , 1574442658.478956
-0.265058721955 , -1.4513208429 , 11.4357766234 , 0.00015129 , -0.000162418 , 155 , -183 , 140 , 61346505024.99286 , 36629179000.535164 , 33233655463.374607 , -0.00428748 , -0.00114333 , 0.00480941301452 , 1574442658.622173
-0.257673372828 , -1.36819728332 , 11.3335835133 , 0.000184154 , -0.00011069 , -174 , 130 , -88 , 68479388599.445076 , 27420662886.269455 , 31188824322.039543 , 0.000739774 , -0.000330796 , 0.00596983652549 , 1574442658.7656717
-0.272673784961 , -1.45071527627 , 11.4463635355 , 0.000254032 , -0.000162573 , 181 , -134 , 143 , 72105665402.77452 , 17137837993.847336 , 32980686295.16915 , -0.000169107 , 0.00131154 , 0.00558257535239 , 1574442658.9088771
-0.274591035862 , -1.34928440197 , 11.3416707378 , 0.00024375 , -0.000149856 , -180 , -171 , 196 , 92028912707.34834 , 14948429898.269632 , 32749680822.830956 , -0.00278329 , 0.00286732 , 0.00817528977474 , 1574442659.0530264
-0.341806742656 , -1.27069526781 , 11.4954750446 , 0.000354465 , -0.000271989 , 154 , -185 , -132 , 73670936028.30801 , 16721225925.42428 , 33210078249.7572 , 0.00313309 , 0.00184745 , 0.00460671454082 , 1574442659.1980035
-0.253298515347 , -1.22665505771 , 11.6682475689 , 0.000482709 , -0.000494729 , -153 , 125 , -140 , 91145888216.17921 , 13828971814.02077 , 35182932829.46593 , 0.00210842 , 0.000500562 , 0.00528014519811 , 1574442659.3429441
-0.234631105995 , -1.31250311793 , 11.8001428491 , 0.000499037 , -0.000491564 , 177 , -129 , 74 , 73489146869.44504 , 12544104836.865494 , 37644286663.25147 , -0.00117354 , -0.00117795 , 0.0065696417925 , 1574442659.4865818
-0.260776403982 , -1.22103846116 , 11.7269167069 , 0.000418652 , -0.00027047 , -179 , -192 , -132 , 87417876249.21082 , 19308387498.69174 , 23915497151.638325 , 0.0022369 , 0.00240512 , 0.00576526621103 , 1574442659.6297634
-0.269281715991 , -1.21963347412 , 12.1118685951 , 0.000499224 , -0.000481412 , -206 , 125 , 69 , 72565119049.20876 , 30448095772.157547 , 25660558632.41444 , 0.00287752 , -0.0022674 , 0.00423790878601 , 1574442659.7731578
-0.313344678461 , -1.31212658838 , 12.0508468099 , 0.000524578 , -0.000471304 , -209 , -124 , -70 , 84353799247.35472 , 25881667876.092228 , 28789757744.56405 , -0.00103144 , 0.00436749 , 0.00722239608397 , 1574442659.9165432
-0.315905678187 , -1.31674442021 , 12.5060840314 , 0.000517789 , -0.000393821 , -220 , -166 , -166 , 71375705582.33162 , 24846571735.36938 , 27613523486.50809 , 0.00137817 , -0.000725244 , 0.00465612761531 , 1574442660.0598357
-0.30685169124 , -1.31211303812 , 12.9549985137 , 0.00054721 , -0.000409481 , 179 , 128 , -198 , 68672884130.46347 , 47171449322.76389 , 25756022839.40941 , 0.00184082 , 0.000869579 , 0.00209241799555 , 1574442660.2032285
-0.243520948639 , -1.23129877408 , 12.8076639866 , 0.000261976 , -0.000426742 , 208 , 183 , 64 , 88693682538.65216 , 24949166569.933838 , 22262454395.187836 , -0.00197918 , -0.0010904 , 0.00372019685185 , 1574442660.3465228
-0.240292729011 , -1.21505421679 , 12.401832355 , 0.000455058 , -0.00056256 , 207 , -123 , -136 , 87919584002.22643 , 48665443211.48453 , 19440580560.452095 , 0.000941767 , -0.00249461 , 0.00266711161511 , 1574442660.490015
-0.232912568854 , -1.10472644669 , 12.5015257776 , 0.000615349 , -0.000569646 , 204 , -232 , 125 , 71217318023.8227 , 101339611201.90219 , 25683065502.299774 , 0.00355957 , -0.00246635 , 0.0049635824076 , 1574442660.6332543
-0.33013429529 , -1.04194427806 , 12.390951362 , 0.000684821 , -0.000542953 , -181 , -192 , 198 , 68343803967.01333 , 86740102262.14772 , 31956345205.56641 , 0.00244827 , -0.00052984 , 0.00464394435834 , 1574442660.7765796
-0.423015670244 , -1.06772945628 , 12.5129949324 , 0.000408807 , -0.000606153 , 164 , 129 , -136 , 79141352164.45477 , 48867868552.28642 , 27225877377.92489 , 0.00151272 , -0.000757689 , 0.00169539854194 , 1574442660.919951
-0.347700769307 , -1.01946326111 , 12.3815407735 , 0.000433853 , -0.000660931 , 201 , -59 , 124 , 62216760833.95137 , 57668985934.75061 , 36878701871.165245 , 0.00175848 , -0.00151059 , 0.00264287715055 , 1574442661.0632877
-0.421082449248 , -0.959074989712 , 12.224207496 , 0.000314871 , -0.000614438 , -181 , 128 , 222 , 56872201146.76794 , 62955678660.70909 , 30099396820.089046 , -0.000833402 , 0.00329456 , 0.0089541787376 , 1574442661.206655
-0.466282269456 , -1.04170374452 , 12.0686387039 , 0.000310846 , -0.000449743 , 181 , -64 , 143 , 60097437405.798706 , 85554078361.21632 , 25448901192.660595 , 0.000458495 , 0.000729088 , 0.000887875287757 , 1574442661.3501887
-0.530533596207 , -0.949846316963 , 11.9199808128 , 0.000409189 , -0.00074955 , 207 , -222 , 188 , 54545315934.24384 , 70519393934.78464 , 33897803716.660816 , 0.00110086 , -0.00245898 , 0.00480296603906 , 1574442661.4933524
-0.568827203263 , -0.852531656157 , 11.7888207348 , 0.000553923 , -0.000588516 , -182 , 134 , -71 , 48607109817.74888 , 79733074792.97229 , 28642825261.41628 , 0.00263112 , 0.00179758 , 0.00692322829327 , 1574442661.6366496
-0.549682768192 , -0.950137521676 , 11.9001303526 , 0.000339633 , -0.000525702 , -206 , 228 , 63 , 66213178258.54738 , 58757574082.9916 , 25016815832.202847 , 0.000420914 , -0.000545522 , 0.00383660982389 , 1574442661.7800298
-0.615650412573 , -1.02997813902 , 11.7627945758 , 0.000155268 , -6.19039e-05 , 180 , -132 , 146 , 64252492294.965454 , 60477992400.43154 , 19934946849.48715 , -0.00343606 , 0.00254336 , 0.0044994943948 , 1574442661.9234338
-0.634469530805 , -0.938216776679 , 11.6142837251 , 0.000177654 , -0.000200907 , 206 , 128 , -70 , 58338202750.52024 , 66923932802.36637 , 14841129318.146212 , 0.000297639 , -0.000434435 , 0.00138975803576 , 1574442662.0667076
-0.548974680584 , -0.979398132466 , 11.4554800432 , 0.000719115 , -0.000538749 , -150 , 181 , 70 , 57189784706.1253 , 70222163192.81744 , 20189117105.42415 , 0.0048892 , -0.00285188 , 0.00619589020459 , 1574442662.2101939
-0.625578030023 , -1.03554032523 , 11.3000582916 , 0.000475915 , -0.000338665 , 183 , 185 , -72 , 78543874955.18724 , 51840507496.77067 , 17128467646.560907 , -0.0015002 , 0.0018997 , 0.00252416868877 , 1574442662.35341
-0.555073946969 , -1.10874254629 , 11.2037467993 , 0.000503881 , -0.000315708 , -179 , -65 , -215 , 75238273988.76599 , 58581171543.41466 , 13099774238.05146 , 0.00211637 , 0.000748568 , 0.00482200170423 , 1574442662.496912
-0.538235844013 , -1.11126903171 , 11.6234002328 , 7.10413e-05 , -4.77785e-05 , 151 , -234 , -204 , 66146630246.7226 , 47189434317.94834 , 18204581520.67791 , -0.00194663 , 0.00210195 , 0.0036116172138 , 1574442662.6400242
-0.454306302621 , -1.0485002631 , 11.7541191895 , 0.000488334 , -0.000468277 , 206 , 122 , 132 , 81458068039.94496 , 29864983343.9606 , 16031309949.180271 , 0.00320638 , -0.00156848 , 0.00401372508341 , 1574442662.7834926
-0.456339459003 , -1.04936038285 , 11.3418177783 , 0.000408959 , -0.000363581 , -152 , 125 , 194 , 70220971675.18553 , 15160981140.032715 , 25211322928.36791 , 0.000588684 , 0.00230548 , 0.00239348188281 , 1574442662.926921
-0.551682307658 , -1.0854040703 , 11.2200682888 , 0.00057257 , -0.000500826 , -211 , -122 , -137 , 81247454288.06773 , 33451263742.755013 , 20777309111.066643 , 0.000278469 , -0.00226738 , 0.00920427107851 , 1574442663.0703564
-0.547563882504 , -1.08436438708 , 11.6442799761 , 0.000502218 , -0.000448005 , 156 , -181 , -190 , 64064848243.198906 , 56666864557.30987 , 25297009839.766373 , 0.000511337 , -0.00195934 , 0.00230982918764 , 1574442663.2136433
-0.463518517305 , -1.02009768614 , 11.8592531085 , 0.000620423 , -0.000535981 , -158 , -232 , -196 , 55321921835.38812 , 32800487598.211178 , 26924069273.605053 , 0.00116891 , -0.000261778 , 0.00504446650715 , 1574442663.3569112
-0.471085839632 , -1.009735836 , 12.3084616717 , 0.00054935 , -0.000324305 , -210 , -192 , 64 , 65835215321.005455 , 16400183715.096954 , 25345529591.333576 , 0.000873336 , 9.55836e-05 , 0.00126921117294 , 1574442663.5043683
-0.564662375051 , -1.04442763682 , 12.4959382406 , 0.000613999 , -0.000241957 , -177 , 119 , -69 , 76271910589.08405 , 28667349460.294662 , 19918020632.793667 , 0.000654629 , 0.000528728 , 0.00301558453133 , 1574442663.6477258
-0.474970394121 , -1.10015988909 , 12.635773705 , 0.000572658 , -0.000253773 , 181 , 183 , -196 , 60118824976.54568 , 35553872014.764595 , 23955831655.056713 , -0.000389339 , 0.00116733 , 0.0046257870874 , 1574442663.7910838
-0.392319812721 , -1.04218493457 , 12.4962323215 , 0.000673616 , -0.000301876 , 206 , -124 , 68 , 53498627606.840645 , 56210274224.665665 , 30652908922.836334 , 0.00148901 , -0.000436422 , 0.00607025234486 , 1574442663.9347365
-0.462509438303 , -0.973791036847 , 12.3397812867 , 0.000723415 , -0.000482273 , 206 , 128 , 0 , 55919532270.63894 , 79739160671.38089 , 24247519217.65049 , 0.00432326 , -0.00173356 , 0.00466393483561 , 1574442664.0819395
-0.363121629464 , -0.928038778367 , 12.2124442603 , 0.000758883 , -0.00038027 , 210 , -121 , -181 , 64133099565.62543 , 76000900941.21487 , 31066853174.73194 , 0.00327964 , 0.00210158 , 0.00398907109026 , 1574442664.2252617
-0.319481250501 , -0.825564507609 , 12.3894809576 , 0.000652831 , -0.00033749 , -183 , -174 , -224 , 60823936418.479675 , 59745481295.00703 , 39763961344.859344 , 0.000353779 , 0.000810457 , 0.00796386902668 , 1574442664.3686028
-0.316772595009 , -0.806012039439 , 12.833837186 , 0.000585086 , -0.000369012 , 149 , -175 , -249 , 57969545730.52956 , 67114495554.907745 , 28900916906.786667 , 0.00172471 , 0.000632188 , 0.00252350667109 , 1574442664.5118947
-0.343060200331 , -0.715942255281 , 12.9879355737 , 0.000509065 , -0.00048286 , -151 , 185 , 138 , 51536697252.43814 , 51395197354.41298 , 30442808587.34702 , 0.000455727 , -0.00239619 , 0.0025766055961 , 1574442664.6552563
-0.300161413112 , -0.811247423096 , 12.8467767453 , 0.00036686 , -0.000451119 , -211 , 180 , 180 , 39189318882.09735 , 58575817073.735085 , 36239199280.78719 , -0.000709002 , 0.000789406 , 0.0017432265891 , 1574442664.7988896
-0.26988079712 , -0.910795355066 , 12.719145638 , 0.000416158 , -0.000442616 , 145 , -133 , -80 , 43838157512.31837 , 63841687067.62069 , 54689656453.6094 , 0.000164031 , -0.00311362 , 0.00527850128978 , 1574442664.942116
-0.273604032326 , -0.819840347506 , 12.8653038415 , 0.000681662 , -0.000479089 , -148 , 129 , -208 , 34043436272.439095 , 73515819852.64444 , 77872287115.42215 , 0.00261915 , -0.000437025 , 0.00295475540328 , 1574442665.0853548
-0.164707783899 , -0.836535597535 , 13.0271953728 , 0.000295617 , -0.000226422 , -205 , 171 , -171 , 40389672998.383865 , 65938743401.80191 , 64436605310.65072 , -5.14716e-05 , 0.00137542 , 0.00248034076895 , 1574442665.228744
-0.0385175092205 , -0.844128094573 , 13.1962918859 , 0.000529387 , -0.000507127 , -203 , 222 , -171 , 50393158074.84718 , 54525239118.93036 , 48508752420.389305 , -5.19702e-05 , -0.00052448 , 0.000887762250837 , 1574442665.372036
0.07561243607 , -0.833358845685 , 13.3077485442 , 0.000390475 , -0.000404285 , 152 , 185 , 136 , 38336093261.11583 , 66007292944.77089 , 56674244852.16665 , -0.000360455 , -0.00276757 , 0.00381161799671 , 1574442665.515394
0.0725441162932 , -0.834880352046 , 12.899417225 , 0.000443984 , -0.000367474 , 185 , -121 , 198 , 43651696895.110565 , 57170231902.06364 , 66083422216.15073 , -0.0026422 , 0.00349938 , 0.00628066417243 , 1574442665.658812
-0.0248534882529 , -0.805990379646 , 12.7232627705 , 0.000478141 , -0.000400168 , 217 , 187 , 196 , 61503515791.51176 , 47043525250.115105 , 74448922067.12074 , 0.000681368 , -0.000686662 , 0.0035325884288 , 1574442665.8023221
-0.0201702308472 , -0.804316116501 , 12.3236068377 , 0.000391889 , -0.000269131 , -150 , 187 , -70 , 97957680652.45824 , 35601190938.13109 , 81392488751.68242 , -0.00050103 , 0.000803839 , 0.00366018420968 , 1574442665.9455051
0.0466931396079 , -0.867472170267 , 12.4181538446 , 0.000430253 , -0.000434575 , 151 , -68 , 77 , 69999335908.79993 , 29336851851.233456 , 92372677549.92984 , 0.00235463 , 0.000261583 , 0.00870624677728 , 1574442666.0888379
-0.0175139180858 , -0.804667220638 , 12.2893464137 , 0.000436896 , -0.000435258 , 206 , 181 , -67 , 56030533550.838554 , 38850797550.069916 , 84678660771.48454 , 0.00170581 , 0.00183792 , 0.00389173016107 , 1574442666.2321806
0.0809973834961 , -0.763056419793 , 12.1667146815 , 0.00030263 , -0.000109042 , 206 , -125 , -251 , 32357572696.780712 , 44298909390.58054 , 72477213934.14656 , -0.000754185 , 7.04005e-05 , 0.00275264933274 , 1574442666.3756647
0.139735466884 , -0.662795401994 , 12.2874348879 , 0.000474497 , -0.000225285 , 209 , 117 , -190 , 48397253924.65617 , 30143165001.833065 , 85544123076.35544 , 0.000975956 , 0.00160349 , 0.00188167680322 , 1574442666.5189834
0.242272565327 , -0.629913787004 , 12.1167209298 , 0.000225807 , -0.000369448 , 208 , 180 , 58 , 40531072576.70082 , 40098663363.58002 , 69488214546.95012 , -0.00165557 , -0.00305959 , 0.00358367549061 , 1574442666.6623275
0.24560359232 , -0.63781872336 , 11.6770699957 , 0.00045402 , -0.000433244 , -181 , 177 , 194 , 30801705407.35999 , 38641612334.527626 , 75479977281.6562 , -0.000820257 , -0.000249759 , 0.00451451425734 , 1574442666.805656
0.155045695544 , -0.699933835276 , 11.5253242552 , 0.000418878 , -0.000420783 , -206 , -121 , 192 , 33984933303.27499 , 35210643682.579636 , 100620729486.48845 , -0.00203065 , -0.00164918 , 0.00325085236475 , 1574442666.9490256
0.0590952571286 , -0.66185756504 , 11.6769229552 , 0.000434162 , -0.000449969 , -168 , 124 , -130 , 24481137442.098454 , 31506520450.39736 , 132173917990.37881 , 0.000999924 , 0.000329472 , 0.00340343896444 , 1574442667.0924737
0.0774144473562 , -0.754843012395 , 11.8458724279 , 0.000328152 , -0.00033941 , 151 , -125 , -217 , 10098381669.769548 , 53399640153.44611 , 91501473800.17339 , -0.00153568 , 0.00102796 , 0.00419941409324 , 1574442667.2357955
0.145511514347 , -0.684100275406 , 11.9540941963 , 9.62764e-05 , -0.000117476 , 208 , 128 , 65 , 10654199704.186571 , 56503924134.99699 , 63975526122.869225 , -0.00331341 , 0.000471312 , 0.00421993836517 , 1574442667.3791358
0.143514195635 , -0.685428683805 , 11.5453217558 , 0.000477119 , -0.000451146 , -181 , 188 , 196 , 13799454903.787445 , 62004805351.24559 , 55835443007.94574 , 0.00185955 , -0.000707446 , 0.00291428353568 , 1574442667.5224075
0.0568486790709 , -0.740236199273 , 11.4238663473 , 0.000141311 , -0.000433787 , -208 , -178 , -137 , 22919112299.76048 , 41109613400.83052 , 75734160783.6013 , -0.0033914 , 0.000348814 , 0.0035228477735 , 1574442667.6659229
0.0520093365392 , -0.742552015898 , 11.874251234 , 0.000154723 , -1.08023e-05 , -168 , -185 , -172 , 22956644673.13982 , 35266660114.3817 , 113839110643.93184 , 1.50513e-05 , 0.00113672 , 0.00364086981992 , 1574442667.8091283
0.057906473044 , -0.733542016051 , 12.351397482 , 0.000556076 , -0.000454935 , 155 , -187 , -188 , 10611664542.072613 , 56140205816.50651 , 72682608630.74785 , 0.000592913 , -0.000111921 , 0.00351576408421 , 1574442667.952501
0.087556354185 , -0.637900015795 , 12.53857997 , 0.000575458 , -0.000451535 , -150 , 127 , -202 , 9601807843.209373 , 61871571103.038185 , 44165006908.02919 , -0.00105896 , -0.00255337 , 0.00475685517974 , 1574442668.095754
0.175526090376 , -0.682743220119 , 12.7284091861 , 0.000601017 , -0.000351609 , -210 , -123 , -244 , 13306609531.591532 , 48381296216.95275 , 67554377561.57816 , 0.000431576 , 0.00213871 , 0.00795439719717 , 1574442668.2390707
0.179226222071 , -0.688281300316 , 13.1045386475 , 0.000321085 , -0.000249529 , 182 , 130 , 143 , 28686111837.774593 , 34402297412.997 , 87715482728.35588 , -0.000842172 , -0.000834044 , 0.00118590332664 , 1574442668.3824832
0.189504788995 , -0.688034749379 , 12.7537001428 , 0.00054713 , -0.000385625 , -180 , 187 , -68 , 23121014365.724854 , 36597167148.28682 , 104740062722.72046 , 0.00272786 , 0.000161084 , 0.00344083184355 , 1574442668.5259695
0.295775540162 , -0.714467700075 , 12.8520702014 , 0.000495852 , -0.000627821 , 177 , 185 , -200 , 35474780756.69488 , 24147805196.796585 , 120032581223.48627 , -0.000591639 , -0.00421206 , 0.00493654914995 , 1574442668.6692317
0.3725313199 , -0.631006974546 , 12.7450247565 , 0.000545406 , -0.000501688 , 207 , -121 , -198 , 94305718393.11139 , 20887942058.47808 , 98683441326.76685 , -0.00192155 , -0.00145279 , 0.00298696441751 , 1574442668.8126326
0.368978413666 , -0.52555684618 , 12.8900066365 , 0.000627699 , -0.000343003 , -181 , 132 , -151 , 45101645878.61299 , 25498693879.577522 , 109563643663.83235 , -0.000136074 , 0.00166617 , 0.00193579403352 , 1574442668.9566147
0.463786330437 , -0.528379749396 , 13.0507218442 , 0.000565218 , -0.000473717 , 149 , -130 , -141 , 71393500157.92184 , 16965340230.784945 , 108074156088.22128 , -0.0028874 , -0.000778751 , 0.003886840592 , 1574442669.1004226
0.42185516262 , -0.437046807678 , 13.2462856377 , 0.000450574 , -0.000267006 , -176 , -177 , -251 , 42168139964.888084 , 16216016894.797174 , 137794614877.9709 , -0.00316256 , 0.000650369 , 0.00344299650737 , 1574442669.242971
0.415632468933 , -0.432198091978 , 13.6241795844 , 0.000568568 , -0.000291967 , 149 , 133 , 93 , 39520514894.74395 , 17291550974.0035 , 148566520348.55182 , 0.000343471 , -0.0015579 , 0.0016015402355 , 1574442669.387957
0.415248932247 , -0.432537433093 , 13.2902507311 , 0.000624722 , -0.000169439 , -180 , -64 , -93 , 56432771544.4845 , 9618050469.062641 , 158197403559.93402 , 0.00121575 , 0.00225733 , 0.00302790871981 , 1574442669.5335598
0.409410084924 , -0.441129210408 , 13.6794667922 , 0.000637992 , -0.00034976 , -203 , -236 , 119 , 65613261430.212555 , 9555604206.00222 , 161308298992.8745 , 0.00315502 , -0.00180008 , 0.00535292490069 , 1574442669.6767993
0.4253143891 , -0.550589525606 , 13.8368000696 , 0.000596826 , -0.000273177 , -208 , 124 , 198 , 166412524674.39795 , 12022595048.790403 , 93439095674.5771 , 0.000515513 , 0.00215677 , 0.00222368498762 , 1574442669.8201952
0.526144208337 , -0.588405858249 , 13.6746144575 , 0.000530241 , -0.000299754 , 151 , 188 , 192 , 59951707273.42283 , 7788039607.24683 , 176116674729.57352 , 0.000200488 , 6.43636e-05 , 0.00134628874672 , 1574442669.9635956
0.52364516954 , -0.585591683885 , 13.2765759696 , 0.000603893 , -0.000108344 , 176 , -128 , -138 , 130827185970.69312 , 9953211967.884481 , 118237204415.94524 , 0.00049685 , 0.000796695 , 0.0011249937491 , 1574442670.1068137
0.451293605297 , -0.51740769868 , 13.401266268 , 0.000596213 , -0.000188249 , -182 , -190 , 70 , 202413615715.48056 , 21589110019.09416 , 61385888677.409454 , 0.00220448 , -0.00265063 , 0.00364297317995 , 1574442670.2501626
0.430571934901 , -0.619742113723 , 13.5321322651 , 0.000611163 , -0.000170093 , -177 , 174 , 204 , 236178893389.49942 , 14264837804.939545 , 59392721705.624306 , 0.00183276 , -0.000379011 , 0.00441906196699 , 1574442670.3937511
0.516764615877 , -0.686173649442 , 13.3690644102 , 0.000485841 , -9.9676e-05 , 151 , 123 , 132 , 109853431751.26718 , 6182415296.93655 , 131824043926.3812 , 0.00134064 , 0.00141296 , 0.00703010992668 , 1574442670.5368657
0.522994422369 , -0.691787924765 , 12.9133860674 , 0.000554402 , -0.000248996 , 177 , 171 , 218 , 110618298805.34943 , 8065674056.057766 , 132432094191.69588 , 0.000758805 , -0.00201579 , 0.00460808750622 , 1574442670.6802237
0.526561929276 , -0.699945056473 , 12.4488852978 , 0.00056217 , -0.000309473 , -154 , 181 , 190 , 178815405393.7673 , 15028604192.756735 , 76117474699.5686 , 0.000751006 , 0.000265253 , 0.00268423776677 , 1574442670.823622
0.52571854969 , -0.797912302489 , 12.2759657331 , 0.000581054 , -0.000313206 , 156 , 190 , -132 , 240942593797.4254 , 9481558759.780794 , 69265376841.63809 , 0.000182538 , 0.000135587 , 0.00233044965724 , 1574442670.9668949
0.621032861869 , -0.790940470369 , 12.1199558197 , 0.000522773 , -0.000381219 , -180 , 187 , 71 , 141205612776.5708 , 5267422856.763035 , 125212251505.87302 , -0.00163324 , 0.000105692 , 0.00645477975163 , 1574442671.1102836
0.589399690746 , -0.872497300204 , 11.9921776719 , 0.000607009 , -0.000459365 , 180 , -134 , -70 , 45307361638.0152 , 9589423551.177126 , 173359535155.1277 , -0.00145101 , -1.91424e-06 , 0.00247541198327 , 1574442671.2537773
0.646602881824 , -0.784159766974 , 12.1442174933 , 0.000705812 , -0.000470389 , 205 , -175 , -228 , 40410236291.66402 , 10004839469.864683 , 165897497829.43417 , 0.00280117 , -0.000730554 , 0.00311433910227 , 1574442671.3969657
0.693456427086 , -0.677247240228 , 12.3416928125 , 0.000708861 , -0.000520359 , -174 , -188 , -192 , 20222488799.30091 , 12009007473.850073 , 198096823554.07254 , 0.00155505 , -0.000187855 , 0.00361485642044 , 1574442671.5402982
0.683453080933 , -0.671063627578 , 12.7785499782 , 0.000340102 , -0.000280289 , -169 , -177 , 65 , 12584130883.06496 , 16585910947.335163 , 176118587748.3299 , -0.000856507 , -0.000864394 , 0.00250331655026 , 1574442671.683694
0.603820082234 , -0.730171673108 , 12.9707318414 , 0.000460752 , -0.000377724 , 177 , -242 , -134 , 11021204691.445234 , 14667386073.000952 , 200573949069.9483 , -0.000645742 , 0.00272371 , 0.00310516061038 , 1574442671.8270638
0.546890944574 , -0.639574851815 , 13.1123317912 , 0.000654353 , -0.000559259 , 203 , -187 , 62 , 8248631566.185938 , 11920199695.088228 , 249323992416.3367 , 0.00310732 , -0.000634014 , 0.00584684088172 , 1574442671.9710488
0.436738427723 , -0.633568258813 , 13.0310184244 , 0.0005531 , -0.000424292 , -177 , -194 , -68 , 51665233671.00546 , 3495337887.711629 , 212952847322.20105 , -0.00144187 , -0.000810286 , 0.00232716171565 , 1574442672.1137958
0.428662227891 , -0.630522501001 , 13.480374028 , 0.000560594 , -0.000499553 , -205 , -222 , -236 , 102550319030.0597 , 3518362114.3556376 , 147558811994.8153 , 0.00274301 , -0.002573 , 0.00679259109767 , 1574442672.2571192
0.429629032805 , -0.620391846505 , 13.928847389 , 0.000546273 , -0.00049559 , 148 , 181 , -143 , 118120281963.97319 , 3865340521.5865364 , 138480245942.5867 , -0.00158342 , 0.00214755 , 0.00289847890477 , 1574442672.4013596
0.400642418143 , -0.53354771776 , 13.8378293528 , 0.000479569 , -0.000324304 , -176 , -122 , 73 , 56694923230.80643 , 4110136455.2499347 , 185240678929.7178 , -0.00290655 , 0.000186654 , 0.0029129795826 , 1574442672.544643
0.409864018302 , -0.622281432522 , 13.9819289901 , 0.000635691 , -0.000367856 , 147 , -247 , -68 , 133797583307.3109 , 5069583478.21601 , 115578481473.8047 , 0.0017907 , -0.000363356 , 0.00429432907878 , 1574442672.687666
0.303557847273 , -0.622346481479 , 14.1230878184 , 0.000106978 , 0.000196738 , 203 , -172 , 61 , 237710899814.67694 , 21529940199.69697 , 43095891443.69401 , -0.0030966 , 0.00177854 , 0.00358545381402 , 1574442672.8305798
0.246155136478 , -0.702647071275 , 14.0133956456 , 0.000648911 , -0.000417022 , -179 , 64 , -143 , 195442899759.45148 , 9957820936.970837 , 77211031929.37437 , 0.00278086 , -0.000130577 , 0.00493974908219 , 1574442672.9740071
0.300800620982 , -0.625476309088 , 14.1826391991 , 0.00063152 , -0.000371876 , -210 , -121 , -183 , 243803278294.96512 , 16355547771.681519 , 47899664399.48313 , -0.000200272 , 9.81829e-05 , 0.00526422729428 , 1574442673.1173046
0.298358284032 , -0.610522740886 , 14.6008222282 , 0.000581529 , -0.0003334 , 179 , 180 , -196 , 229279353530.9584 , 31252434369.05933 , 39114036612.86422 , -0.00013473 , 0.000137871 , 0.000235876709961 , 1574442673.2606719
0.213753915127 , -0.564694716962 , 14.4858365992 , 0.000536098 , -0.000314676 , 178 , -132 , 65 , 193307824738.00238 , 23486908424.904278 , 47381881460.81638 , 0.000522927 , 0.000558653 , 0.00315917454911 , 1574442673.4039755
0.197457727475 , -0.670247236709 , 14.3574702897 , 0.000364567 , -6.63372e-05 , -150 , -188 , 188 , 229039376511.83713 , 19988250860.88645 , 44447960079.972725 , -0.000890146 , 0.00329096 , 0.00421879146492 , 1574442673.5473468
0.261586066928 , -0.7652279432 , 14.4774552938 , 0.000614694 , -0.000355498 , 153 , -188 , 198 , 232839400104.0648 , 83236852490.49524 , 19328080902.49468 , 0.000243274 , -0.000532645 , 0.000848143609056 , 1574442673.6907022
0.248874991889 , -0.872548447905 , 14.317034167 , 0.000671101 , -0.000302955 , 207 , 116 , 194 , 221126800558.8214 , 55455253288.372505 , 31827703886.508022 , -0.000207501 , 0.0018398 , 0.00216950280652 , 1574442673.834116
0.242063911223 , -0.889279547447 , 13.8854704573 , 0.000598467 , -0.000476123 , 169 , -122 , 230 , 208174062397.15356 , 44068172447.387115 , 36786484940.75794 , -0.00256094 , 0.000954636 , 0.00445769648794 , 1574442673.9774678
0.166784282084 , -0.963053897003 , 13.7688673835 , 0.000585055 , -0.000254083 , -151 , -194 , -68 , 215887545361.66983 , 89563250199.82205 , 20456591106.671616 , 0.000672644 , 0.00239906 , 0.00385504360847 , 1574442674.1208353
0.16071354757 , -0.968076362765 , 14.1270579105 , 0.0004464 , -0.000321998 , 155 , 125 , 133 , 218723517272.89584 , 103908658559.94527 , 15075404656.47126 , -0.00129712 , -0.00128637 , 0.00303713677027 , 1574442674.2642114
0.171884137183 , -0.968576426142 , 13.7440175481 , 0.000555785 , -0.000429362 , -153 , 190 , 196 , 227320855345.16376 , 28945047769.866028 , 33662526387.270325 , -0.00233276 , -0.00167566 , 0.00828989225923 , 1574442674.4074454
0.268741652678 , -1.01828151683 , 13.592418848 , 0.000567929 , -0.000384251 , -206 , -121 , 177 , 206523718799.4624 , 21126096017.13231 , 40570987085.19485 , -0.000729611 , -0.00344344 , 0.00568419152368 , 1574442674.5530252
0.272480930564 , -1.11837195201 , 13.7234318856 , 0.000610474 , -0.000300985 , 181 , 66 , -72 , 206522703712.67093 , 93960736868.76706 , 16207698938.818863 , -5.07146e-05 , 0.000921395 , 0.00122308636314 , 1574442674.6985543
0.261862287728 , -1.01239884921 , 13.5952126165 , 0.000633489 , -0.000208695 , 207 , 175 , -169 , 197844155106.45038 , 36735443182.36859 , 32908428880.69398 , 0.000456078 , 0.00116013 , 0.0048574548899 , 1574442674.8417294
0.262354986745 , -0.909104871092 , 13.4556712331 , 0.000182889 , -3.35734e-05 , -155 , -136 , 146 , 216670388806.13718 , 16294532242.104738 , 43823497132.796196 , -0.0022802 , -0.000949542 , 0.00414997589953 , 1574442674.984946
