-4.8389489486e-05 , -0.000307314532588 , 0.000588161784857 , -0.00049413 , 0.001001 , 0 , 0 , 0 , -66.63875774836124 , 5.425936118923513 , 12.497409416670695 , -0.0339732 , 0.027132 , 0.0440712798635 , 1574442298.854302
-0.00220828473505 , -0.0302857258553 , 0.0594043402705 , -0.000168702 , 0.000805528 , 0 , 75 , 96 , -1492.2879138485644 , 134.73815726883174 , 261.70433371659846 , -0.0152414 , 0.0121556 , 0.0209696892444 , 1574442298.9977326
-0.00629525455791 , -0.121318791217 , -0.0219090264859 , 0.000292749 , 0.000124722 , 171 , -70 , -81 , 5774.100621489808 , -630.2810251448292 , -796.138182765348 , -0.00801921 , 0.00205646 , 0.0100228350674 , 1574442299.1410058
-0.00429902644699 , -0.0103394672251 , 0.137923938549 , 0.000485266 , 0.000537768 , 196 , -218 , -174 , 5146.431095778743 , -609.7887939617293 , -859.8452862564134 , -0.0052925 , 0.00512595 , 0.00854398987915 , 1574442299.2845016
-0.0224890007849 , 0.11507598478 , 0.309079017942 , 0.000598085 , 0.000156829 , 196 , -228 , -185 , 5651.916192677666 , -291.1721922251647 , -1383.8334580830153 , -0.00575484 , 0.00392791 , 0.00883245952873 , 1574442299.428021
-0.0617910351635 , 0.235614051937 , 0.481851542244 , 0.000613073 , 0.000155177 , 228 , -175 , -180 , 10559.008907513597 , -2466.8914594310063 , -1241.3991466783166 , -0.00451237 , 0.00105561 , 0.0117399546442 , 1574442299.5713725
-0.121612858022 , 0.347810671564 , 0.653888864315 , 0.000681141 , 0.00024747 , 189 , -226 , -224 , 8585.737248873022 , -775.8221149648884 , -1911.2627912777618 , -0.00337544 , 0.00214934 , 0.00923455093546 , 1574442299.7150927
-0.19878270935 , 0.448189215245 , 0.8253380246 , 0.00078587 , 0.000171055 , 194 , -175 , -183 , 5851.644537071896 , -75.49175984084967 , -2299.577059670284 , -0.00128928 , 0.000464312 , 0.00885447109859 , 1574442299.8579988
-0.28396058606 , 0.536567762462 , 0.973113673046 , 0.000918371 , 0.000233091 , 191 , -178 , -238 , 3344.387797049367 , 0.008191293088746799 , -2367.5714798002796 , -0.000900341 , 0.00105177 , 0.00677921160004 , 1574442300.001377
-0.361307389507 , 0.621533503297 , 1.06280834524 , 0.000831489 , 0.000517952 , 208 , 61 , -180 , 1476.4316099958469 , 91.51275090222676 , -1954.956544609275 , -0.000905046 , 0.00277185 , 0.00758411379642 , 1574442300.1446767
-0.388390883802 , 0.7319809164 , 0.977818967325 , 0.00076484 , 0.000349252 , 205 , 124 , -190 , 415.2034144996726 , 703.6185490286224 , -1140.7651884025884 , -0.00323599 , 0.00254041 , 0.00834668718821 , 1574442300.2887359
-0.38039019038 , 0.85688760424 , 0.818868244967 , 0.000719 , 0.000363284 , 226 , 222 , -224 , 33.042522661673104 , 2072.742054535348 , -377.8802319745358 , -0.00215316 , 0.00123934 , 0.0108208536106 , 1574442300.4314444
-0.34272193789 , 0.971524594085 , 0.688296328729 , 0.000796618 , 0.000282614 , 140 , 230 , -190 , -0.22863645305406263 , 3655.144780975925 , -43.043196925718185 , -0.00276312 , 0.000246667 , 0.00762390952251 , 1574442300.5747125
-0.279561680029 , 1.05226631693 , 0.58610321861 , 0.000723565 , 0.000450092 , -74 , 196 , -164 , -6.334800973018308 , 3480.713382892545 , -10.371053416040317 , -0.00223743 , 0.000917761 , 0.0100408304348 , 1574442300.718273
-0.199627944436 , 1.08645651614 , 0.516994208889 , 0.000857874 , 0.000288793 , 0 , 185 , -96 , -15.95022553526886 , 2616.1011331157533 , -10.347225451657245 , -0.00239296 , 8.8213e-05 , 0.00712021777233 , 1574442300.8615544
-0.125868843849 , 1.10368030159 , 0.404361227089 , 0.000764916 , 0.00039498 , 0 , 206 , -95 , -36.06104457103338 , 1992.9201734859746 , -3.83666845745088 , -0.00347724 , 0.000959527 , 0.00833547848014 , 1574442301.0049887
-0.0582321668212 , 1.10269241798 , 0.260408630245 , 0.000863704 , 0.000368196 , 0 , 136 , 0 , -60.84719218657981 , 1425.8301412150936 , -0.6674265955583487 , 0.00109604 , -1.73004e-05 , 0.00649770112196 , 1574442301.1482105
0.0095160973005 , 1.06569521292 , 0.159097762804 , 0.000908852 , 0.000393149 , -93 , 256 , 0 , -52.666843968543354 , 930.4810392139117 , -1.928628691602064e-05 , 0.000753197 , 0.00125041 , 0.006581150615 , 1574442301.2915094
0.0739078778705 , 1.00922254889 , 0.0836660138959 , 0.000725971 , 0.000433146 , -175 , 164 , 0 , -42.33663290416088 , 611.2716757631956 , -3.096033701995239e-05 , -0.00323505 , 0.000579493 , 0.00823482343181 , 1574442301.4350548
0.133809395473 , 0.948670371348 , 0.00661682007964 , 0.000677914 , 0.000455987 , -91 , 193 , 0 , -35.91102916139856 , 383.4039413374729 , -0.3303970349543661 , -0.00333961 , 0.000768516 , 0.00696462533338 , 1574442301.5782764
0.189042576047 , 0.887208394811 , -0.0805781645254 , 0.000793828 , 0.000451825 , 0 , 173 , 0 , -17.442906070979085 , 193.505787182396 , -1.9932688968130343 , -0.000792481 , 0.000960824 , 0.0049237373129 , 1574442301.721561
0.237140456355 , 0.830546439063 , -0.181447910628 , 0.000775612 , 0.000705566 , 0 , 234 , 0 , -2.5123253496171327 , 84.19084697675689 , -3.9669411405564774 , -0.00127322 , 0.00298189 , 0.00368469434019 , 1574442301.8649096
0.27646925654 , 0.785070788551 , -0.296139458675 , 0.000660561 , 0.000555528 , 0 , 136 , 0 , -0.011134545180725847 , 24.97467824740365 , -5.851975196392759 , -0.000413306 , 0.00114535 , 0.00530468005762 , 1574442302.0082688
0.303569926938 , 0.75384367347 , -0.398038487902 , 0.000734594 , 0.00038438 , 0 , 148 , 0 , 0.3307734371747455 , 1.6259652940366143 , -8.080548635288663 , 0.000943764 , 8.62493e-05 , 0.00496269836947 , 1574442302.1476054
0.318803622741 , 0.733769709923 , -0.464353729144 , 0.000704575 , 0.000364775 , 0 , 145 , 0 , 4.238038652702663 , -0.078899993207913 , -9.263676278488498 , -0.00118172 , 0.000519312 , 0.00267396347771 , 1574442302.2870157
0.324493081214 , 0.725139387768 , -0.491556211694 , 0.000732424 , 0.000304693 , 0 , 0 , 0 , 7.515546064657162 , -11.69557221138825 , -5.902166753109802 , -0.00068976 , -0.00106032 , 0.00348207998185 , 1574442302.4267237
0.323933082779 , 0.726041310327 , -0.488762443216 , 0.000708802 , 0.00030181 , 0 , 0 , 0 , 6.303741531564389 , -55.14143740877943 , -3.2974631506510566 , -0.000825813 , -9.43854e-05 , 0.00461624743214 , 1574442302.5693681
0.311528124478 , 0.745896497184 , -0.427152496252 , 0.000770434 , 0.00028025 , 0 , -155 , 0 , 3.6619488363140396 , -120.50432594821291 , -2.6767013294192803 , 0.000666612 , -0.000410965 , 0.00620900302192 , 1574442302.7151515
0.281170915487 , 0.788414964658 , -0.289669679042 , 0.00073703 , 0.000294301 , 0 , -130 , 0 , 3.006883625161217 , -174.70013173483088 , -2.101454696756727 , -7.04089e-05 , -0.000207161 , 0.00411078699214 , 1574442302.8604426
0.239437180491 , 0.832542292251 , -0.129836714007 , 0.000670642 , 0.000292521 , 0 , -133 , 0 , 2.809798525277978 , -234.9070044435976 , -2.3275895174685264 , -0.00192842 , 9.96882e-05 , 0.00402239839172 , 1574442303.0035658
0.188772301332 , 0.871333325564 , 0.0380834755695 , 0.000639434 , 0.000335572 , 0 , -130 , 0 , 3.297361336240427 , -229.17193024544056 , -5.686360823981672 , -0.00191586 , 0.000702317 , 0.00702000814231 , 1574442303.14686
0.132682746686 , 0.900928488008 , 0.204974382023 , 0.000689797 , 0.000279156 , 0 , -138 , 0 , 5.894438501445843 , -89.98162142702986 , -12.872009586457038 , -0.0017162 , -0.00123782 , 0.00392189662266 , 1574442303.2902977
0.0789829826171 , 0.918642076151 , 0.353779313591 , 0.000742889 , 0.000358726 , 0 , -148 , 0 , 5.480567282913745 , -13.120993628240731 , -26.96228637935328 , 0.00077777 , 0.000597858 , 0.00344821855368 , 1574442303.4336727
0.0378995549653 , 0.925686691349 , 0.463471486467 , 0.000668348 , 0.00031232 , 0 , -145 , 0 , 2.6432655513085606 , -0.0014643513265148933 , -37.875744562344046 , -0.00139251 , -6.46808e-05 , 0.00642324285143 , 1574442303.5770195
0.017541900013 , 0.92691221919 , 0.517141249335 , 0.000711281 , 0.00037395 , 0 , 0 , 0 , 0.47438491851148246 , 12.411156437044715 , -32.18038254914024 , -0.000589329 , 0.00060113 , 0.0023070136954 , 1574442303.720355
0.0196092455822 , 0.926898869067 , 0.511700752825 , 0.000722653 , 0.000341428 , 0 , 151 , 0 , -0.0019213838332701346 , 105.63582290656448 , -20.587522751646055 , -0.00019921 , -0.000260752 , 0.00579390965426 , 1574442303.8636901
0.0601718926305 , 0.926416230993 , 0.404949388874 , 0.00066992 , 0.000349712 , 0 , 145 , 0 , -0.8366425949186799 , 308.0006615584538 , -7.2376614335807945 , -0.00243439 , 0.000373085 , 0.00364164457943 , 1574442304.0070364
0.12247877723 , 0.918988670325 , 0.239822967775 , 0.000680197 , 0.000294686 , 0 , 133 , 0 , -3.9466384363857037 , 567.3604366174616 , -1.9575170051172937 , -0.000377172 , -0.00118 , 0.00532575253147 , 1574442304.1504092
0.183307264235 , 0.901248236225 , 0.0730791017685 , 0.00069824 , 0.000343239 , 0 , 128 , 0 , -9.914500676003986 , 797.9297957744432 , -1.090846183580789 , -1.64306e-06 , -0.000357545 , 0.00392007998825 , 1574442304.294091
0.240397965971 , 0.873633682894 , -0.0938118046847 , 0.000745732 , 0.000367282 , 0 , 266 , 0 , -5.93125600771435 , 688.2155205055474 , -3.308569476018924 , 0.000912622 , 4.03699e-05 , 0.00604161272064 , 1574442304.4371438
0.292108195889 , 0.836919054989 , -0.260702711138 , 0.000691485 , 0.000361064 , 0 , 130 , 0 , -1.088575236722221 , 388.1011008036639 , -12.335711132271651 , -0.00121055 , -0.000237319 , 0.0073078599159 , 1574442304.5805345
0.33696147761 , 0.79216404463 , -0.427446577145 , 0.000733779 , 0.000373305 , 0 , 138 , 0 , -0.03074164467769044 , 176.61188828654738 , -25.77025397374064 , 3.56517e-05 , 0.000372967 , 0.00472045234489 , 1574442304.7238078
0.371905390711 , 0.743274277778 , -0.585368016379 , 0.000639872 , 0.00033468 , 0 , 148 , 0 , 0.020389623813758886 , 56.19879976790473 , -39.306081856472716 , -0.00219448 , -0.000241661 , 0.00548261646305 , 1574442304.8672144
0.394586851763 , 0.697704420102 , -0.71932186288 , 7.12608e-05 , 0.000884696 , 0 , 145 , 0 , 0.4677415668267902 , 7.600192101132287 , -48.2602395339251 , -0.00886223 , 0.00646436 , 0.0134412840899 , 1574442305.0106351
0.405922877151 , 0.664378170367 , -0.811957343995 , 0.000680208 , 0.000338682 , 0 , 148 , 0 , 1.4370698067372973 , 2.922714444893238e-05 , -48.04542524081851 , -0.000990708 , -0.000890285 , 0.00353001328169 , 1574442305.1539235
0.409751709785 , 0.648403247741 , -0.855187235182 , 0.00068256 , 0.000323669 , 0 , 0 , 0 , 1.4377822509912743 , -8.743205400930174 , -43.08270972442802 , -0.00054171 , -0.00184833 , 0.00358398905069 , 1574442305.2932003
0.409452667542 , 0.650195059089 , -0.850187860011 , 0.000665061 , 0.00034235 , 0 , 0 , 0 , 1.089155933572866 , -68.72491027299981 , -28.586668005199268 , -0.00159943 , -0.00132633 , 0.00592624523592 , 1574442305.4364974
0.403623289795 , 0.679400544609 , -0.771815302178 , 0.000608308 , 0.000323075 , 0 , -145 , 0 , 0.5991566706635337 , -181.85529177563612 , -19.511899994575927 , -0.00237218 , -0.00110795 , 0.00561873701881 , 1574442305.5797265
0.387670282672 , 0.735859107485 , -0.617422833653 , 0.000681968 , 0.000394294 , 0 , -141 , 0 , 0.21726515181695022 , -313.9482424851311 , -17.996463012469 , -0.000275437 , 0.000564317 , 0.00346077654672 , 1574442305.723254
0.360500926532 , 0.795135756079 , -0.445826632921 , 0.000745358 , 0.000353939 , 0 , -261 , 0 , 0.23642926461293146 , -433.835882853268 , -17.68030268799302 , 0.0029722 , 4.323e-05 , 0.00523635768734 , 1574442305.8672838
0.323513952429 , 0.849040741651 , -0.273789310851 , 0.000690779 , 0.000444862 , 0 , -256 , 0 , 0.6680590207261733 , -380.7644522119016 , -29.23960025452837 , -0.00104027 , 0.000336753 , 0.00503216840135 , 1574442306.0099957
0.278016227547 , 0.895712057186 , -0.102046069673 , 0.000668574 , 0.000363065 , 0 , -266 , 0 , 1.2488949414461652 , -149.80535160293022 , -58.554289807051745 , -0.000806969 , -0.000511167 , 0.00316545263165 , 1574442306.1539087
0.229463690926 , 0.931267161065 , 0.0580809762546 , 0.000681541 , 0.000376559 , 0 , -182 , -95 , 0.8628641976153053 , -25.357843815294366 , -93.55600410769507 , -0.00204511 , 9.14324e-05 , 0.00284889908271 , 1574442306.2988489
0.214046338289 , 0.971340552848 , 0.273348189512 , 0.00064484 , 0.000365137 , 0 , -87 , -175 , 0.06090823659979424 , -0.3700966581387913 , -130.72833344982703 , -0.00173126 , 0.000410586 , 0.00383644305094 , 1574442306.4443822
0.228374394488 , 1.01577546465 , 0.478175531089 , 0.00070906 , 0.000371684 , 0 , 0 , -196 , -0.006586381262872357 , 5.435665515310483 , -141.98596467709658 , 0.000508231 , -0.000108665 , 0.00248803652587 , 1574442306.5873852
0.262205346508 , 1.06480848396 , 0.625363017749 , 0.000683939 , 0.000380621 , 0 , 0 , -145 , -1.1150250682241922 , 85.77252311194859 , -204.54998036350545 , 0.00075055 , -0.000165837 , 0.00360151087378 , 1574442306.7308118
0.322157783134 , 1.123706278 , 0.691972339884 , 0.000730998 , 0.000371657 , 0 , 173 , -175 , -17.842840861171638 , 312.8709593278923 , -77.53734366591225 , 0.00161275 , -5.80343e-05 , 0.00601993145398 , 1574442306.8743017
0.402136827519 , 1.18417618711 , 0.669769232506 , 0.000673759 , 0.000295678 , 0 , 253 , -168 , -62.25688770166441 , 514.8818702530864 , -1.6681892620874865 , -0.000638061 , -0.00149209 , 0.00482725481241 , 1574442307.017473
0.490588090572 , 1.20311626137 , 0.649918772267 , 0.000695101 , 0.00035981 , -90 , 198 , 66 , -104.01304457374698 , 495.68747903849913 , 4.5916944197170535 , 1.43593e-05 , -0.000762484 , 0.00299745649379 , 1574442307.1608083
0.579751070355 , 1.17161241181 , 0.600954303677 , 0.00062754 , 0.000333855 , -142 , 177 , 0 , -123.83458643228792 , 312.92887771345926 , 78.39120736329491 , -0.00168771 , -0.000503639 , 0.00779282894093 , 1574442307.304182
0.65764870579 , 1.10222745801 , 0.492291413925 , 0.000646336 , 0.000367215 , -177 , 171 , 175 , -177.13498554634594 , 162.99926807915725 , 255.3647958783018 , -0.000888368 , -0.000746424 , 0.00442891669594 , 1574442307.447575
0.711275647703 , 0.997427846071 , 0.330693963536 , 0.000695016 , 0.000363915 , -167 , 181 , 181 , -158.80879650935924 , 59.98432397106539 , 526.374320656772 , 0.00034443 , 0.00062859 , 0.0020001323349 , 1574442307.5909066
0.738381170854 , 0.885685874587 , 0.188652892493 , 0.000699515 , 0.000341405 , -206 , 175 , 196 , -92.11692332888175 , 14.762876973949501 , 646.4094096041779 , 0.00146272 , -0.000663843 , 0.00265523829242 , 1574442307.7345173
0.735058084411 , 0.78026993072 , 0.0726379804298 , 0.000624253 , 0.000289857 , -180 , 64 , 190 , -46.568454647601186 , 3.527565970503779 , 526.7283575903397 , -0.000801433 , -0.00195491 , 0.00634610602862 , 1574442307.8775284
0.704690422787 , 0.691532517448 , -0.0273495229958 , 0.000671357 , 0.000352278 , -155 , 0 , 198 , -22.139599319529523 , 0.534575020304169 , 239.32623322890615 , -0.000129624 , -0.000681103 , 0.00310885792399 , 1574442308.0209465
0.655690925604 , 0.625657695836 , -0.120720206342 , 0.00067028 , 0.000392049 , -83 , 0 , 175 , -5.561868267513185 , -0.0029295576007328356 , 84.9815709258398 , -0.000332129 , -2.73794e-05 , 0.0042567351777 , 1574442308.1652186
0.604376269138 , 0.584378138513 , -0.217178739058 , 0.000664982 , 0.000346801 , 0 , 0 , 130 , -0.21737337911406035 , -0.8243776552790618 , 23.92061927005279 , -0.00193722 , -0.000464925 , 0.00395218904823 , 1574442308.3077466
0.56384320864 , 0.565971200384 , -0.309226058388 , 0.000662974 , 0.000380425 , 0 , 0 , 148 , 0.1215002512493655 , -3.3497391181026823 , 2.3400476348157624 , -0.000443571 , -0.00061386 , 0.00449344385046 , 1574442308.4469264
0.536764318835 , 0.559283266631 , -0.37907027034 , 0.000663084 , 0.000334096 , 0 , 0 , 0 , 3.7452134545753264 , -4.273719673288598 , -0.004729142383736881 , -0.00107873 , -0.000104242 , 0.00345183350577 , 1574442308.5901904
0.525705757101 , 0.557673766924 , -0.408478359583 , 0.000694365 , 0.00031934 , 0 , 0 , 0 , 10.87069945072411 , -5.328836523484611 , -4.12607410464496 , -0.000579782 , -0.00114282 , 0.00335100856608 , 1574442308.7335064
0.529036088795 , 0.558058858769 , -0.39965593281 , 0.000659785 , 0.00033969 , 0 , 0 , 0 , 13.940275182676794 , -9.02677903203835 , -24.68337314667006 , -0.000647971 , -0.000689416 , 0.00275633033896 , 1574442308.8769572
0.529590556243 , 0.558127935116 , -0.398185528348 , 0.0006492 , 0.00031982 , 0 , 0 , 0 , 14.753001658795904 , -11.778804931598689 , -56.05645684653363 , 0.000215212 , -0.000881687 , 0.00282384925444 , 1574442309.0202765
0.529701429299 , 0.558141913429 , -0.397891447456 , 0.000685911 , 0.000369367 , 0 , 0 , 0 , 14.921643002314743 , -12.440609525001921 , -81.19220062041236 , -0.000491736 , -0.000692554 , 0.00520806809597 , 1574442309.1636438
0.529756863769 , 0.558148918888 , -0.397744407009 , 0.00067926 , 0.000364249 , 0 , 0 , 0 , 13.551876445748857 , -9.162926673663737 , -81.7508958578779 , 0.000519175 , -0.000449825 , 0.0049898704974 , 1574442309.3069224
0.529812297208 , 0.558155932498 , -0.397597366563 , 0.000587163 , 0.000330955 , 0 , 0 , 0 , 12.474115239074152 , -7.015098905503839 , -87.19709314289076 , -0.00248305 , -0.00100595 , 0.00649686932437 , 1574442309.4505765
0.554701448164 , 0.56130870311 , -0.331576206213 , 0.000669736 , 0.00033375 , 0 , 0 , -145 , 10.337265217107314 , -6.45203335316641 , -101.57968261697083 , 0.000773416 , -0.00117397 , 0.00304964412815 , 1574442309.593934
0.601596825074 , 0.570426010119 , -0.2058566247 , 0.000623226 , 0.000337515 , 0 , 0 , -261 , 9.19800903793111 , -5.047691664591386 , -118.56873690718513 , -0.000812155 , -0.000970754 , 0.00374718639971 , 1574442309.7370806
0.653719843035 , 0.58756851342 , -0.0614629065175 , 0.000641727 , 0.000379175 , 0 , 0 , -128 , 8.606353197143953 , -6.443681481644559 , -180.91211565055247 , -0.00106609 , 0.00015128 , 0.00386051563429 , 1574442309.8805878
0.70763511659 , 0.614424344733 , 0.0970466945014 , 0.000651895 , 0.000370854 , 0 , 0 , -136 , 6.169742764001884 , -3.583805119474659 , -184.80889097399046 , -0.00117268 , -0.000726618 , 0.00300428898289 , 1574442310.0240278
0.757499026187 , 0.650071250911 , 0.258350063998 , 0.000648832 , 0.000381707 , 0 , 0 , -141 , 3.2947194193127975 , -0.8353276936107804 , -120.17999316650533 , -0.000478892 , -0.000263018 , 0.00175610652253 , 1574442310.1672275
0.798453240559 , 0.690743906661 , 0.410242844938 , 0.000656696 , 0.000422012 , 0 , 0 , -256 , 1.5954032080633251 , -0.032468445803025665 , -54.46057114384525 , -0.00124935 , 0.000349364 , 0.00443676418845 , 1574442310.3105106
0.827630830613 , 0.730182618204 , 0.539344356714 , 0.000656756 , 0.000367039 , 0 , 0 , -130 , 0.6138038385780497 , 0.00029144703154333616 , -14.15564018856438 , -0.000914659 , -0.000672492 , 0.00413927830411 , 1574442310.453897
0.844450504432 , 0.760404283042 , 0.63036239292 , 0.000683178 , 0.00040342 , 0 , 0 , -148 , 0.21690448984700647 , 0.031111069217340134 , -0.6507853418160087 , -8.98377e-05 , -0.000189462 , 0.00194937989799 , 1574442310.597238
0.852096802805 , 0.777673052319 , 0.680062063741 , 0.000645204 , 0.000407748 , 0 , 0 , -151 , 0.12882024790607202 , 0.058836725254897713 , 0.31597898764998106 , -4.4471e-05 , 1.9146e-05 , 0.00363992203202 , 1574442310.736512
0.854142523873 , 0.782992535898 , 0.695060189255 , 0.000661206 , 0.000388529 , 0 , 0 , 0 , 0.24814731553756664 , 0.07766905618290906 , 13.550594796642685 , -0.000137564 , -0.000342876 , 0.00248973269938 , 1574442310.879853
0.852311713961 , 0.778010096856 , 0.681091346864 , 0.000688331 , 0.000429679 , 0 , 0 , 0 , 0.4323517727169256 , 0.019625842986788416 , 49.47961056419045 , 0.000375035 , 0.000711803 , 0.00169941002531 , 1574442311.0231316
0.843650675055 , 0.755419440921 , 0.617422833653 , 0.000669254 , 0.000387783 , 0 , 0 , 0 , 0.630063901754312 , 0.027609951724806882 , 101.00289170328593 , -0.000631763 , -0.000622669 , 0.00379965178501 , 1574442311.1665056
0.825002299504 , 0.714733412194 , 0.499643436236 , 0.000666737 , 0.000433141 , 0 , 0 , 145 , 0.6211251059878728 , 0.01832436350775511 , 143.63553680313987 , -0.000534214 , 0.00088953 , 0.00528960843582 , 1574442311.3057227
0.79573902223 , 0.666740760632 , 0.351720747344 , 0.000678568 , 0.000387501 , 0 , 0 , 277 , 0.5175324735788681 , 0.057815274374345645 , 196.50403952394345 , -0.000123477 , -0.000784838 , 0.00233092004397 , 1574442311.4490948
0.757251623689 , 0.620625175566 , 0.193652267664 , 0.000717321 , 0.000418445 , 0 , 0 , 136 , 0.12012578707467769 , 0.10385576810686498 , 184.21684979648475 , 0.00142918 , 2.01613e-05 , 0.00414450590638 , 1574442311.5927374
0.71194282936 , 0.581106120248 , 0.0354367475376 , 0.000684805 , 0.000441779 , 0 , 0 , 141 , 0.0029224666631816713 , 0.9545424036198997 , 122.59366099091744 , -0.000537717 , -9.91226e-05 , 0.00346133912761 , 1574442311.7358437
0.663626147126 , 0.550878876887 , -0.114544507601 , 0.000669851 , 0.000410352 , 0 , 0 , 141 , -0.00535888633697318 , 2.0675103233132317 , 41.546604120441735 , -0.000715984 , 0.000448585 , 0.0028844383018 , 1574442311.8790882
0.620101732744 , 0.532010726333 , -0.239381846437 , 0.000663039 , 0.000390544 , 0 , 0 , 138 , -0.04049453484416336 , 4.456173339339521 , 5.8469850286165626 , -0.000231626 , -0.000304293 , 0.00336469291107 , 1574442312.0226016
0.588779631549 , 0.522860741475 , -0.325253467026 , 0.000704284 , 0.000457913 , 0 , 0 , 145 , -0.021116968499265858 , 5.947631929513881 , 0.00017102101670079807 , 0.000313099 , 0.000468959 , 0.00228882495746 , 1574442312.16595
0.574591643789 , 0.520009127232 , -0.363336942595 , 0.00067605 , 0.000435903 , 0 , 0 , 0 , -0.00043527954352711487 , 4.401591033282748 , -6.590471477121083 , -0.000127133 , 0.00040919 , 0.00283982194722 , 1574442312.3050573
0.579997260734 , 0.520882935071 , -0.348926978866 , 0.000712125 , 0.000410761 , 0 , 0 , 0 , 0.016908871466295602 , 3.0130958681828353 , -48.267038177060364 , 0.00166737 , -4.44369e-05 , 0.0022713359679 , 1574442312.4443583
0.595074151612 , 0.523543556619 , -0.308637896604 , 0.000655936 , 0.000365813 , 0 , 0 , -151 , 0.24486276171474217 , 1.6127389716927099 , -131.66283012799494 , -0.00116177 , -0.00159412 , 0.0040055087326 , 1574442312.5879793
0.642894451465 , 0.533984364817 , -0.17983046572 , 0.000673884 , 0.000395167 , 0 , 0 , -256 , 0.4494869267860636 , 0.8285249112410739 , -230.40257339814676 , -0.000589705 , -0.000454207 , 0.00331755195992 , 1574442312.731059
0.701550335352 , 0.554982138613 , -0.0158803681911 , 0.000635675 , 0.000378441 , 0 , 0 , -148 , 0.3250049064519956 , 1.2408422018880951 , -278.09295156474434 , -0.000925597 , -0.000471041 , 0.00348564690682 , 1574442312.8745587
0.757994382158 , 0.586385747341 , 0.154098387632 , 0.00066299 , 0.000354598 , 0 , 0 , -277 , 0.13857603281276804 , 1.575229122626124 , -363.61005928320304 , -0.000173093 , -0.00129075 , 0.00466689710935 , 1574442313.0178235
0.808312698963 , 0.626884933198 , 0.324077143456 , 0.000635141 , 0.000404357 , 0 , 0 , -138 , -0.00014582809770652 , 6.8411050230366435 , -218.47893848921876 , -0.000766668 , -0.00027722 , 0.00215795148961 , 1574442313.1612267
0.849686899186 , 0.67376236354 , 0.48861540277 , 0.000632251 , 0.000378123 , 0 , 0 , -141 , -0.4351603784004156 , 13.615457417064452 , -76.13269637544444 , -0.000276916 , -0.000529762 , 0.00408062125266 , 1574442313.3057306
0.878500419437 , 0.719865756906 , 0.631685756936 , 0.00068495 , 0.000454122 , 0 , 0 , -128 , -2.8954896263543715 , 18.637664507047532 , -10.774426913697608 , 0.000396516 , -0.000135709 , 0.00482812384689 , 1574442313.447934
0.893950288046 , 0.754883591219 , 0.732408462593 , 0.000731494 , 0.000366594 , 0 , 0 , 0 , -6.202329940576041 , 19.771218388665073 , -3.949441978627066e-07 , 0.00144609 , -0.000338378 , 0.00272218283893 , 1574442313.5873504
0.899901455208 , 0.773160224868 , 0.782990376091 , 0.000612462 , 0.00035498 , 0 , 0 , 0 , -8.670447250631225 , 10.144951538559866 , 9.676688147098712 , -0.00169597 , -0.00195346 , 0.00439274859883 , 1574442313.7305338
0.899361568985 , 0.7711645749 , 0.777549879581 , 0.000638299 , 0.000448756 , 0 , 0 , 0 , -6.584316433304031 , 4.789294216020405 , 93.6997973982005 , -0.00071467 , 0.000829439 , 0.00435109196084 , 1574442313.8697782
0.889403675637 , 0.735134708416 , 0.679179821063 , 0.000690292 , 0.000434272 , 0 , 0 , 148 , -3.2361991773811685 , 1.4538764093377452 , 278.147383816351 , 0.000588221 , 0.000921711 , 0.00177227716815 , 1574442314.0132256
0.867030047646 , 0.677109471633 , 0.515523804427 , -4.7142e-05 , 0.000961006 , 0 , 0 , 141 , -1.4253911901357084 , 0.3705399619801449 , 530.6048643505258 , -0.00262182 , -0.00133708 , 0.00345477502325 , 1574442314.156826
0.835161595036 , 0.622926863517 , 0.350103302436 , 0.000694524 , 0.000428218 , 0 , 0 , 133 , -1.3944542854531228 , 0.0374550100833817 , 750.5978478673367 , 0.000532876 , 0.000813134 , 0.00422147958581 , 1574442314.2999246
0.794806078962 , 0.574731577271 , 0.184682800445 , 0.000700431 , 0.000474298 , 0 , 0 , 138 , -4.543175248184598 , 0.48851475638744773 , 665.321220778042 , 0.000794055 , 0.000867935 , 0.00435783822908 , 1574442314.4432986
0.74702283333 , 0.533803072767 , 0.0191152580078 , 0.000662126 , 0.000395123 , 0 , 0 , 141 , -11.359422202008167 , 5.599331247899653 , 345.9273637768149 , 0.00018155 , -0.000320655 , 0.0029364118021 , 1574442314.5866578
0.693434590222 , 0.501482670454 , -0.145570041752 , 0.000651224 , 0.000426032 , 0 , 0 , 136 , -19.378310021185648 , 15.006768077440903 , 119.02103605955016 , -0.000957535 , 0.000118602 , 0.00421210656593 , 1574442314.7299545
0.64014606507 , 0.480268198184 , -0.29672762046 , 0.000634579 , 0.000439071 , 0 , 0 , 141 , -23.36445817706241 , 32.45383605511506 , 22.596813179879266 , -1.91488e-05 , 7.4731e-05 , 0.0028912993743 , 1574442314.8733692
0.596411549225 , 0.470122624743 , -0.415095179663 , 0.000615056 , 0.000377443 , 0 , 0 , 148 , -21.651933283059446 , 45.43476319788624 , 0.16961701452512024 , -0.00169651 , -0.00109099 , 0.00748325898591 , 1574442315.016652
0.574758784943 , 0.467666606989 , -0.472882075025 , 0.00066004 , 0.000429936 , 0 , 0 , -145 , -11.621653908712217 , 61.186048618075596 , -3.862568915645983 , -0.00107383 , 0.000822819 , 0.00284998477351 , 1574442315.1599686
0.600808691953 , 0.448251540308 , -0.50140792159 , 0.000669422 , 0.000483448 , 0 , 0 , 0 , -3.539679525347803 , 47.52324765402219 , -71.14526056467768 , -0.0011259 , 0.00139246 , 0.00276362455149 , 1574442315.3032289
0.644124751311 , 0.420462483158 , -0.52008205826 , 0.000691313 , 0.000422128 , 0 , 91 , -185 , -0.3418425098960716 , 39.21857576037202 , -269.5088202517377 , 0.000237327 , -0.000295242 , 0.00349940276177 , 1574442315.4472003
0.72311762354 , 0.393061320763 , -0.438621651057 , 0.000695522 , 0.000446057 , 0 , 92 , -168 , -0.05758458203612101 , 50.491033607139606 , -534.0665776509923 , 0.00012 , 0.000540948 , 0.00204298630118 , 1574442315.5899456
0.806572557815 , 0.370545715594 , -0.359366850548 , 0.000695029 , 0.000481796 , 0 , 92 , -185 , -0.009903869604010159 , 31.59266541273083 , -596.4735853452938 , 0.000262795 , 0.000753268 , 0.000840471194182 , 1574442315.7333825
0.889644058355 , 0.357482635976 , -0.269966259249 , 0.000657038 , 0.000477661 , 0 , 85 , -182 , -0.00033061534292633395 , 11.751343038272775 , -638.4240076267658 , -0.000429703 , -0.000264975 , 0.00205865831522 , 1574442315.8767395
0.966658906159 , 0.359100154743 , -0.153657266294 , 0.000712987 , 0.000458785 , 0 , 91 , -180 , -0.24258737619529855 , 6.117658285108543 , -340.71656065155867 , 0.000856943 , 0.000169363 , 0.00357090848208 , 1574442316.020024
1.03417072872 , 0.376405950408 , -0.0092635481115 , 0.000692131 , 0.000437275 , 0 , 0 , -145 , -1.0655962965356713 , 1.8025409470799714 , -140.23323648762727 , 0.00119965 , -6.78549e-05 , 0.00207183511949 , 1574442316.163465
1.08824823538 , 0.405129058672 , 0.144540758629 , 0.000583611 , 0.000401302 , 0 , 0 , -136 , -2.7176545372586354 , 0.11266174067368195 , -43.03511228333207 , -0.00351451 , -0.000721433 , 0.00566128644931 , 1574442316.3067844
1.12589690116 , 0.43471924145 , 0.270113299696 , 0.000595568 , 0.000447506 , 0 , 0 , -145 , -5.1248071103964215 , -7.071731905015735e-06 , -5.454531619141123 , -0.00289257 , -0.000906612 , 0.00462334179284 , 1574442316.4460225
1.14936572691 , 0.458581583421 , 0.358190526978 , 0.00065396 , 0.000398351 , 0 , 0 , -148 , -6.495160781310795 , -0.06449930458087133 , 3.464371102447918e-05 , -0.00100035 , -0.00116411 , 0.00355471792517 , 1574442316.5894842
1.15874404755 , 0.469967626691 , 0.397009204778 , 0.000650602 , 0.000433686 , 0 , 0 , 0 , -4.399642487708816 , -0.29145508245186647 , 8.419199170650597 , -0.000631105 , -0.000407193 , 0.00339095310395 , 1574442316.7286348
1.15803375633 , 0.46903364945 , 0.393921355408 , 0.000698589 , 0.0004502 , 0 , 0 , 0 , -2.1330549190355 , -1.3614408308151813 , 51.639740138638096 , 0.000335302 , -0.000361442 , 0.00301566381725 , 1574442316.8678687
1.14455141307 , 0.451418579483 , 0.335546298261 , 0.000784425 , 0.000347285 , 0 , 0 , 151 , -0.672310068816955 , -2.647596583293319 , 143.01637174329645 , 0.00221576 , -0.00319225 , 0.00440942930096 , 1574442317.0112755
1.11035899662 , 0.411770781906 , 0.197769400158 , 0.000676707 , 0.00041479 , 0 , 0 , 145 , -0.21677860107780353 , -3.736993058100035 , 243.3645326213064 , 0.0002437 , -6.68554e-05 , 0.00195368226368 , 1574442317.1545932
1.06437415152 , 0.371327503719 , 0.0366130711073 , 0.000635419 , 0.000431175 , 0 , 0 , 130 , -0.15918581588418942 , -4.832550628103605 , 335.5028300843148 , -0.000856558 , -0.000235385 , 0.00258515361501 , 1574442317.2979708
1.01112294733 , 0.337925968623 , -0.128807430884 , 0.000666016 , 0.000409722 , 0 , 0 , 148 , -0.6585845042222349 , -4.307945145219835 , 359.5794721314566 , -0.00108787 , -0.000441103 , 0.00309751006391 , 1574442317.4414923
0.953098530537 , 0.313749112968 , -0.294227932875 , 0.000736503 , 0.00042715 , 0 , 0 , 141 , -3.5294798364452586 , -0.7084964099404024 , 234.6907413672797 , 0.00119811 , -0.000227868 , 0.00338523071084 , 1574442317.5846715
0.891993884528 , 0.299482411805 , -0.459354353973 , 0.000667073 , 0.000438594 , 0 , 0 , 141 , -10.27177209958054 , -0.04109778573797939 , 89.98610676489693 , -0.000223979 , 0.000364232 , 0.00212480769433 , 1574442317.7280262
0.836791384802 , 0.295931071924 , -0.604924395725 , 0.00068743 , 0.000409859 , 0 , 0 , 272 , -17.738530600683724 , 0.017631078163156327 , 19.91080131895961 , 2.39477e-05 , -0.000550594 , 0.00171243633869 , 1574442317.87137
0.795691651493 , 0.299280921622 , -0.713440245031 , 0.000676633 , 0.000426 , 0 , 0 , 141 , -22.746559867194865 , 0.23054032737317545 , 0.34054665996651934 , -0.000777027 , -0.000221608 , 0.00225569483408 , 1574442318.0107644
0.775553803006 , 0.303150518929 , -0.767404088792 , 0.000663956 , 0.000423965 , 0 , 0 , -151 , -19.8928437776404 , 0.7528109416170148 , -2.4405585370975316 , -0.00106103 , -0.000515145 , 0.00275247689791 , 1574442318.1543186
0.787211733896 , 0.30025056571 , -0.735790392856 , 0.000670924 , 0.000402555 , 0 , 0 , 0 , -12.082626081209364 , 0.7418008869146773 , -43.721426082110725 , -0.000754107 , -0.00101682 , 0.00301526097866 , 1574442318.2973268
0.799119369162 , 0.297685247872 , -0.703735575581 , 0.000675432 , 0.000419524 , 0 , 0 , -145 , -5.6181403498527 , 0.3587872648847646 , -170.3850467163396 , -0.000518524 , -0.000390908 , 0.00185377543015 , 1574442318.4406729
0.851946750938 , 0.288064807819 , -0.562429706769 , 0.000657849 , 0.000406469 , 0 , 0 , -141 , -3.2793894055991992 , 0.11153529748938501 , -351.7410142908015 , -0.000988453 , -0.00056602 , 0.00516535354198 , 1574442318.5842
0.916266654088 , 0.28556595 , -0.393039112731 , 0.000674128 , 0.000460336 , 0 , 0 , -272 , -4.9188980975556795 , 0.3528291671013815 , -364.0250046069051 , -0.000165642 , 0.000538899 , 0.00291805058717 , 1574442318.7275338
0.980308851488 , 0.29397511246 , -0.223060356907 , 0.000646332 , 0.000408561 , 0 , 0 , -247 , -6.079103393034751 , 0.5352449990446347 , -516.786102815914 , -0.00022424 , -0.000677213 , 0.00337947097152 , 1574442318.8707385
1.04211233182 , 0.313129635664 , -0.0527875201909 , 0.000823365 , 0.000219798 , 0 , 0 , -141 , -18.032678020445186 , 2.4457036960060563 , -293.33624022354724 , 0.00172409 , -0.00263293 , 0.00353457282221 , 1574442319.0142486
1.09932517407 , 0.342195925983 , 0.116308992955 , 0.000682547 , 0.000454418 , 0 , 0 , -261 , -40.45493044738059 , 4.514168466871208 , -93.6026733526972 , 0.000327038 , -0.000533443 , 0.00136539956635 , 1574442319.157393
1.14438920327 , 0.375560636584 , 0.264525762739 , 0.000650082 , 0.000403937 , 0 , 0 , -202 , -64.056883976136 , 5.6408045096537425 , -11.17407835540137 , -0.000131358 , -0.00040168 , 0.00212238134202 , 1574442319.3007863
1.18039640385 , 0.380885527232 , 0.440533176858 , 0.000635298 , 0.000388492 , -96 , 0 , -102 , -88.92094988603321 , 2.36657499076446 , -0.0012046870803432887 , -0.00162509 , -0.00129499 , 0.0034853510522 , 1574442319.4442012
1.21079893054 , 0.357474826595 , 0.610217851789 , 0.000660164 , 0.000367757 , -185 , 0 , 96 , -106.76199852601086 , 0.4217672815202195 , 11.715049076574967 , -0.00092537 , -0.00167537 , 0.00470033988071 , 1574442319.5874832
1.23921904039 , 0.312439711789 , 0.73873120178 , 0.000670101 , 0.000455392 , -261 , 0 , 0 , -134.46041401436378 , 0.0075126942019820425 , 106.0689238621223 , -0.000857984 , 4.98785e-05 , 0.00123372945869 , 1574442319.7308843
1.2638418647 , 0.23208150051 , 0.775050191995 , 0.000669679 , 0.000395168 , -185 , 0 , 177 , -71.21457052056644 , -0.47603272232095384 , 345.01016916060587 , 0.000345568 , -0.000393681 , 0.00179402031148 , 1574442319.8742554
1.28247672347 , 0.136297822335 , 0.744612819629 , 0.000647356 , 0.000406851 , -175 , 0 , 247 , -7.36493948196684 , -6.922717938061795 , 588.1440787256938 , -0.00126962 , -0.00100325 , 0.00374258074185 , 1574442320.017508
1.28847173934 , 0.0494633400317 , 0.675209729016 , 0.000658013 , 0.000416079 , -87 , 0 , 185 , 0.05747542340746276 , -19.695897357511537 , 683.3247193315882 , -0.000572886 , -0.000242795 , 0.003088994536 , 1574442320.1612148
1.27660221265 , -0.0224969145048 , 0.556254008028 , 0.0006791 , 0.000504682 , 0 , 0 , 136 , 11.569585918302623 , -22.68882941653206 , 496.36691417821226 , 0.000333986 , 0.00142553 , 0.00440683272647 , 1574442320.3042595
1.24647860723 , -0.0766893738485 , 0.388480858898 , 0.00069725 , 0.000458392 , 0 , 0 , 196 , 58.48361581277296 , -21.09229150072461 , 260.0517316279973 , 0.000442651 , 0.000165639 , 0.0028067192727 , 1574442320.4477484
1.19978703376 , -0.104281873176 , 0.164538259314 , 0.00065284 , 0.000390207 , 90 , 0 , 171 , 134.890812748729 , -17.099922649883656 , 137.27606492598753 , -0.00162158 , -0.00150578 , 0.00280368142044 , 1574442320.5909383
1.14712941698 , -0.0911336151197 , -0.11924980188 , 0.000650807 , 0.000401562 , 175 , 0 , 91 , 186.76535861808063 , -17.603279628629327 , 73.43341553570664 , -0.000941256 , -0.000186516 , 0.000976520974669 , 1574442320.734567
1.10690900865 , -0.0526057338518 , -0.410242844938 , 0.000668456 , 0.000373578 , 173 , 0 , 177 , 178.77597289506613 , -23.797079938872248 , 39.00691812592032 , -0.000911051 , -0.0010652 , 0.00418825745712 , 1574442320.8777642
1.08880505648 , -0.00275036918575 , -0.677856457048 , 0.000660544 , 0.000485694 , 175 , 0 , 90 , 109.46922195437854 , -31.06845330108269 , 24.748208117146092 , -0.000430658 , 0.000493408 , 0.00213042269867 , 1574442321.0210087
1.09226468221 , 0.0456826611303 , -0.909004038496 , 0.000679262 , 0.000402156 , 150 , 0 , 90 , 17.257808479248954 , -33.42829241225987 , 16.514926549435735 , -0.000618195 , -0.00106692 , 0.00279037510095 , 1574442321.1642861
1.10525953149 , 0.0804634924205 , -1.08089432012 , 0.000634823 , 0.000390535 , 98 , 0 , 0 , 0.00012658607490193926 , -28.29071844925038 , 4.498293962427083 , -0.00168505 , -0.000654711 , 0.00331798292696 , 1574442321.30774
1.11430174234 , 0.0973501191706 , -1.17132419454 , 0.000666121 , 0.000373343 , -141 , 0 , 0 , -11.272761120411104 , -15.23624218626828 , 0.08268186556307315 , -2.77402e-06 , -0.00139755 , 0.00395328112557 , 1574442321.451059
1.1103136719 , 0.0986078691654 , -1.17529428659 , 0.000600887 , 0.000392234 , 0 , 0 , 0 , -78.51187019627115 , -5.3119106230075435 , -0.8705660156593487 , -0.00227303 , -0.000609794 , 0.00309783201529 , 1574442321.5945766
1.08166662853 , 0.0868050049918 , -1.09442204117 , 0.000661605 , 0.000428732 , -155 , 0 , 0 , -200.0944094150155 , -1.354839420692153 , -15.53010174137998 , -0.000243395 , -0.000170992 , 0.0045074255568 , 1574442321.7379134
1.0302167631 , 0.0600929476624 , -0.941205896217 , 0.000645607 , 0.000510832 , -266 , 0 , 0 , -356.94481073165923 , -0.7351345611020358 , -55.987017425664 , -0.000805691 , 0.00172696 , 0.0044281753524 , 1574442321.8813498
0.979472055505 , 0.0229464523608 , -0.775050191995 , 0.000666367 , 0.00042584 , -130 , 0 , 0 , -423.3691511015409 , -0.2204255393342571 , -82.35674779179547 , -0.000478207 , 0.000171672 , 0.0027108013627 , 1574442322.0244377
0.960395195287 , -0.0284085967341 , -0.541697003853 , -0.000350469 , 0.00131783 , -193 , 0 , -85 , -422.8605403374116 , -0.33419105589243364 , -84.92685808239654 , -0.00607491 , 0.00410341 , 0.00784182853525 , 1574442322.1678283
0.971389815639 , -0.0832482836612 , -0.261143832476 , 0.000714149 , 0.000402904 , -185 , 0 , -87 , -269.8091510212432 , -0.3340796719815948 , -76.93025066593096 , 0.000423932 , -0.000344641 , 0.000566511958837 , 1574442322.311471
1.00013200009 , -0.132195732012 , 0.0279376847807 , 0.000679215 , 0.00039161 , -175 , 0 , -171 , -151.5419369623536 , -0.30450690727879826 , -101.05186292278269 , -0.000857724 , -0.000429366 , 0.00357473104887 , 1574442322.454724
1.04495078068 , -0.164844914312 , 0.317166242484 , 0.000703264 , 0.000469897 , -182 , 0 , -177 , -84.0506000947431 , -0.165590031711265 , -63.35625222156876 , 0.00147303 , 0.000455185 , 0.00175724288869 , 1574442322.5979972
1.09313940993 , -0.180078044153 , 0.58183904567 , 0.000647578 , 0.000434634 , -180 , 0 , -182 , -34.2194818101441 , -0.07839986584097687 , -15.762208288873724 , -0.000822363 , -0.000404768 , 0.00168909879107 , 1574442322.741243
1.13208069588 , -0.184157314512 , 0.785195982784 , 0.000694067 , 0.000517829 , -96 , 0 , -98 , -5.723745766740434 , -0.06505137391373639 , -1.4495818779277274 , 0.000210691 , 0.00125327 , 0.00146217304051 , 1574442322.8846123
1.15635845672 , -0.184420028089 , 0.908268836265 , 0.000632873 , 0.000443484 , -102 , 0 , -102 , -0.009739354062367615 , -0.0607490026735125 , 0.01203792936309376 , -0.00193447 , 4.2744e-05 , 0.0030058681447 , 1574442323.0280514
1.165901425 , -0.185359483773 , 0.952969131914 , 0.000664275 , 0.000436598 , 0 , 0 , 0 , 4.013928927736836 , -0.06457541102252073 , 2.4026612159725955 , -0.00123887 , 0.000267307 , 0.00437865970613 , 1574442323.1720355
1.16466288222 , -0.185607239473 , 0.946499352281 , 0.000690243 , 0.000399306 , 0 , 0 , 0 , 43.152414907925355 , -0.004456118053291576 , 10.237265818723793 , 0.00107574 , -0.000740087 , 0.00351243149674 , 1574442323.3148148
1.16425485969 , -0.185313293514 , 0.945175988265 , 0.000648354 , 0.000417172 , 0 , 0 , 0 , 110.60511392098168 , -0.00011280932591995365 , 18.171780530354585 , -0.00148644 , -0.000873662 , 0.00291643394575 , 1574442323.457157
1.1316442058 , -0.161754440361 , 0.839306866991 , 0.000630219 , 0.000486268 , 145 , 0 , 0 , 155.85645994491418 , -9.421368031141267e-05 , 22.63383439379975 , -0.00195085 , 0.00196563 , 0.00678315001036 , 1574442323.6013074
1.08955234781 , -0.124037667467 , 0.690354894976 , 0.000106975 , 0.000992227 , 266 , 0 , 0 , 184.61752148452987 , -1.8475505427373727e-06 , 27.43959857822485 , -0.00658751 , 0.00622418 , 0.00982289135807 , 1574442323.7466838
1.05030535573 , -0.076519290344 , 0.528169282801 , 0.000721966 , 0.000404017 , 136 , 0 , 0 , 290.055644805036 , -0.0012232150619605128 , 29.867623952829387 , 0.000242109 , -0.000686553 , 0.00242938068184 , 1574442323.8920648
1.01843119651 , -0.022177838167 , 0.361719497687 , 0.000706421 , 0.000442693 , 133 , 0 , 0 , 193.42465234530152 , -0.013339560294455176 , 52.627315458998744 , 0.000779305 , -6.87404e-05 , 0.00377975923753 , 1574442324.0355232
0.983178051863 , 0.0178025861654 , 0.144687799075 , 0.000565134 , 0.000445023 , 177 , 0 , 95 , 58.33221640580632 , -0.028172065822989582 , 88.94705497736462 , -0.0020433 , -5.02365e-05 , 0.00205953515079 , 1574442324.1790466
0.941706473691 , 0.0416583467372 , -0.104545757258 , 0.000652508 , 0.000416508 , 177 , 0 , 182 , 6.039664437167693 , -0.001214977346756287 , 140.24020644349284 , -0.00106827 , -0.000679683 , 0.00174751864033 , 1574442324.3223243
0.894629393258 , 0.0543792892619 , -0.344368725034 , 0.000674179 , 0.000421952 , 91 , 0 , 185 , -0.11849089463093686 , 0.00043104374960346354 , 218.0785673791346 , 7.2017e-05 , -0.000138917 , 0.000960217181216 , 1574442324.4656274
0.840633239923 , 0.0592022222046 , -0.547431581256 , 0.000591705 , 0.000473217 , -93 , 0 , 125 , -28.93698334499774 , 1.1926319474920157 , 201.88721751181666 , -0.00294642 , 0.000624267 , 0.00589654193172 , 1574442324.6088855
0.779427878597 , 0.0590154839258 , -0.701382928442 , 0.000644452 , 0.000448311 , 0 , 0 , 187 , -145.52732290599306 , 13.699985509076688 , 63.75827726672761 , -0.000644461 , -0.000857372 , 0.00107257795701 , 1574442324.7521822
0.698309523998 , 0.0321944877489 , -0.713734325924 , 0.000630986 , 0.000442882 , -177 , 0 , 173 , -291.37108541529705 , 42.78116402595779 , 1.3821908605975715 , -0.00118665 , 0.000304443 , 0.00220916907901 , 1574442324.8956003
0.630509894638 , -0.0103911089987 , -0.622716289717 , 0.000693345 , 0.000444726 , -251 , 65 , -88 , -302.24396417961367 , 72.41748158723391 , -7.38363190277816 , 0.00079289 , -0.000243177 , 0.00649608779115 , 1574442325.038964
0.623962621059 , -0.0897819812418 , -0.487292038754 , 0.000604838 , 0.000408872 , -192 , 68 , 0 , -208.65920480555386 , 69.895011964218 , -152.972548765423 , -0.00139303 , -0.0004401 , 0.00673487444733 , 1574442325.1828516
0.663627068016 , -0.175838731343 , -0.31731328293 , 0.00066543 , 0.000446838 , -178 , 174 , -183 , -93.68189949800202 , 68.25104828303303 , -525.5618177332185 , 0.000118511 , 0.000352054 , 0.00151682856172 , 1574442325.3256822
0.737865427757 , -0.246621568778 , -0.122778772589 , 0.000688151 , 0.000433042 , -141 , 183 , -178 , -45.92937583645129 , 128.56534043464927 , -865.5097630801899 , 0.00162062 , 7.67897e-05 , 0.00308625638833 , 1574442325.468989
0.833087851307 , -0.297978438839 , 0.0227912691632 , 0.000650104 , 0.000412262 , -103 , 117 , -234 , -28.795040300961585 , 133.95183312275523 , -764.6347688055421 , 0.00016693 , -0.000537832 , 0.00282236205282 , 1574442325.612445
0.937675087952 , -0.325160099175 , 0.132336401593 , 0.000658188 , 0.000401551 , -107 , 188 , -185 , -20.882966999052286 , 108.81239564289086 , -429.3567914459886 , -0.000827323 , -0.000858058 , 0.0029456683563 , 1574442325.7560184
1.04186315758 , -0.330766393942 , 0.219972507536 , 0.000648956 , 0.000439526 , -74 , 196 , -196 , -13.432504104998424 , 81.45267324680772 , -124.60221204221843 , -0.000510732 , 4.53574e-05 , 0.000516187505369 , 1574442325.8991215
1.13684739831 , -0.320922563485 , 0.281876535393 , 0.000630801 , 0.000407212 , -40 , 133 , -208 , -4.920048668999563 , 31.687501697955767 , -22.898759763078722 , -0.00127452 , -0.000478223 , 0.00284553157288 , 1574442326.0425527
1.20945941605 , -0.303239895155 , 0.309079017942 , 0.000639893 , 0.000390433 , 0 , 96 , -151 , -0.7642599117581327 , 4.433392248347085 , -0.7550537544036083 , -0.000376396 , -0.000864098 , 0.000993610338 , 1574442326.1858835
1.25402727717 , -0.28818766111 , 0.318048485161 , 0.000627316 , 0.000420997 , 0 , 0 , -102 , -0.003145294387721006 , 0.0002589886121372388 , 0.5434918832776686 , -0.000980395 , -4.43265e-05 , 0.00109920621037 , 1574442326.3292174
1.2718000084 , -0.281512875421 , 0.322165617655 , 0.000608151 , 0.000457938 , 0 , 0 , 0 , 0.1789702336533029 , -3.461494515995223 , 21.348647286618064 , -0.00156212 , 0.000125886 , 0.00233628897224 , 1574442326.4725208
1.26450435581 , -0.287777012489 , 0.303050359647 , 0.000619213 , 0.000400583 , 0 , 0 , 0 , 0.6643215286950922 , -28.742614151686183 , 86.76618216332484 , -0.000449373 , -0.000309425 , 0.00329750043613 , 1574442326.6120257
1.23848818351 , -0.315318845178 , 0.205562543807 , 0.000649249 , 0.000394734 , 0 , 0 , 151 , 0.8590513433786005 , -65.89533171019261 , 201.51783171950254 , -0.000442331 , -0.000245745 , 0.00337383189674 , 1574442326.755142
1.16923470209 , -0.345654691649 , 0.123661015266 , 0.00061523 , 0.00041631 , 0 , -91 , 187 , 1.1781558230499258 , -104.41827756566224 , 309.740411447121 , -0.00135576 , -0.000415241 , 0.00295678257741 , 1574442326.8986406
1.07510902529 , -0.363969941719 , 0.0891065104058 , 0.000667669 , 0.000377876 , 0 , -87 , 88 , 1.0654801178475837 , -126.60718213326129 , 386.8521888268598 , -0.00104809 , -0.00119685 , 0.00472358616255 , 1574442327.0418944
0.973006014656 , -0.376121429048 , 0.0732261422147 , 0.000658815 , 0.00043371 , 0 , -180 , 173 , 0.00423304158969114 , -145.095886390992 , 382.84522927857273 , 0.000400481 , -5.40559e-05 , 0.000646625126423 , 1574442327.1852143
0.868803197806 , -0.385614308625 , 0.0635214727645 , 0.00067145 , 0.000441867 , 0 , -175 , 173 , -0.13617357119703005 , -96.24592793699978 , 236.2248817422822 , -0.000778462 , 0.00021924 , 0.00319685036288 , 1574442327.3288913
0.768200673965 , -0.394896734863 , 0.0483763068045 , 0.000688661 , 0.00036096 , 0 , -162 , 173 , -0.48440531637137935 , -39.23325720687299 , 108.04453883445024 , 0.000685529 , -0.00180345 , 0.00587812087433 , 1574442327.4718766
0.680753453694 , -0.40486434512 , 0.0182330153306 , 0.000630959 , 0.000446307 , 0 , -177 , 92 , -0.8840193384573607 , -6.806657612576265 , 34.94807268290642 , -0.00138933 , 5.28374e-05 , 0.00208174686255 , 1574442327.615332
0.617272944481 , -0.413761939702 , -0.0224971882708 , 0.000659939 , 0.000441619 , 0 , -96 , 101 , -1.5139122210555023 , -0.017312599834047322 , 5.5259229464485955 , -0.000286065 , 0.000379562 , 0.000514902991614 , 1574442327.7547383
0.579132763191 , -0.422349075681 , -0.0721968590912 , 0.000695417 , 0.000457079 , 0 , 145 , 148 , -1.8136514219293212 , 2.9062000056928112 , 0.051661229996101975 , 0.000668375 , -0.000106608 , 0.00263024272553 , 1574442327.8979783
0.568159710827 , -0.429174374395 , -0.112191860461 , 0.000701007 , 0.000420732 , 0 , 0 , 0 , -2.5972410010472173 , 23.71421446841992 , -2.0114767017835553 , 0.00174173 , -0.000519147 , 0.00271637450299 , 1574442328.0371358
0.573294698067 , -0.427250722588 , -0.0991052607484 , 0.000657963 , 0.000433286 , 0 , 0 , 0 , -2.7335453550643973 , 65.14531911331365 , -19.610887665329358 , -0.000457331 , -0.00027205 , 0.00402792469027 , 1574442328.180799
0.59616783208 , -0.442720482082 , -0.168214270469 , 0.000654449 , 0.000409773 , 0 , 0 , 0 , -1.2626354961880906 , 94.8283784794108 , -60.24745680947425 , -0.000640625 , -0.000210578 , 0.00281573280849 , 1574442328.3239386
0.632012952842 , -0.47153447094 , -0.286140708333 , 0.000672403 , 0.000451074 , 0 , 151 , 0 , -0.8313716176709622 , 98.61675136171004 , -102.08012440484629 , -0.000965471 , -0.000217318 , 0.00137181852485 , 1574442328.4671376
0.701233581413 , -0.499937800771 , -0.326723871488 , 0.000676519 , 0.000400307 , 0 , 177 , -175 , -2.850569377047626 , 150.95144209567263 , -68.6136664082076 , 0.000389715 , -0.000446178 , 0.00404608437125 , 1574442328.6105268
0.782193680352 , -0.53377372823 , -0.358631648316 , 0.000652854 , 0.000459082 , 0 , 187 , -177 , -2.0144735686724586 , 118.85316800436183 , -83.72341831386142 , -0.000913018 , 0.000900208 , 0.00433711652359 , 1574442328.7538803
0.864587090405 , -0.569014234569 , -0.380099553464 , 0.000644732 , 0.000424588 , 0 , 173 , -177 , -0.44108937291023315 , 40.96180586795944 , -153.6895532821764 , -0.000343173 , -0.00122402 , 0.00392041228144 , 1574442328.8972483
0.949321318124 , -0.596911131767 , -0.350985545113 , 0.000722612 , 0.000477923 , 0 , 175 , -177 , -0.4886292606084871 , 10.917084123653321 , -94.54979411773469 , 0.00196055 , 0.000156164 , 0.0028473746044 , 1574442329.0406632
1.02302646404 , -0.611223817156 , -0.288346315026 , 0.000757416 , 0.000412357 , 0 , 95 , -256 , -1.1761918514548588 , 0.2512857772732893 , -44.81143966325778 , 0.00160046 , -0.000647344 , 0.00449559019933 , 1574442329.1841373
1.07791943133 , -0.612148595838 , -0.210855999871 , 0.000676066 , 0.000433958 , 0 , 0 , -130 , -1.8979160569250644 , -0.5037781640945871 , -10.043044091252952 , 0.000198002 , -7.85334e-06 , 0.00180539769221 , 1574442329.3272572
1.10985578451 , -0.605127499768 , -0.139541383457 , 0.000663761 , 0.000401599 , 0 , 0 , 0 , -3.8166975953096323 , -11.272337831768434 , -0.22920529746523038 , 0.000209177 , -0.000770925 , 0.00340897936894 , 1574442329.4706779
1.12183309897 , -0.599869634616 , -0.103369433689 , 0.000644545 , 0.000420855 , 0 , 0 , 0 , -3.7233237425712313 , -36.83824246322766 , 1.3386203245772446 , -0.000580063 , -0.000792064 , 0.00145160442672 , 1574442329.6139817
1.11990120996 , -0.600202886656 , -0.106163202167 , 0.00064131 , 0.000398686 , 0 , -151 , 0 , -2.281162585040824 , -75.06325813310343 , 17.23019757759641 , -0.00164907 , -0.000735868 , 0.00300377457675 , 1574442329.7580285
1.09418338179 , -0.581700515531 , -0.0236735118405 , 0.000691149 , 0.000431764 , 0 , -141 , 0 , -0.8839562042210747 , -102.78727583832614 , 51.0719500275072 , 0.000581829 , -0.000734189 , 0.00341171939366 , 1574442329.9015608
1.03322901301 , -0.565977083642 , 0.051464156175 , 0.000677312 , 0.000356517 , 0 , -180 , 91 , -0.8204013379499658 , -124.86733326372237 , 82.01430119960634 , 9.61848e-05 , -0.00190367 , 0.00380630995851 , 1574442330.0442083
0.948719355196 , -0.56302874297 , 0.0898417126369 , 0.000618678 , 0.000399385 , 0 , -175 , 175 , -2.920932464485148 , -172.40482818911758 , 97.2829522928158 , -0.00296064 , -0.000563543 , 0.00357327508049 , 1574442330.1873875
0.852848972863 , -0.566139140581 , 0.118808680541 , 0.000679856 , 0.000437723 , 0 , -175 , 180 , -1.0770030223137432 , -157.1185380632299 , 134.31806243400862 , -0.000586344 , 0.000250931 , 0.00287776373128 , 1574442330.3311985
0.753546433 , -0.575657680774 , 0.131013037577 , 0.00066856 , 0.000409389 , 0 , -171 , 164 , -0.32074069685631085 , -95.12088116635042 , 123.86792592114773 , -0.000838788 , -0.000707415 , 0.00264485227209 , 1574442330.474172
0.657995241317 , -0.588360968521 , 0.130424875792 , 0.000610986 , 0.000456644 , 0 , -86 , 91 , -0.28326759804770607 , -37.55556640108444 , 72.86583688800752 , -0.00151147 , -0.000204692 , 0.00396175238407 , 1574442330.6174443
0.575887170637 , -0.601976918425 , 0.115573790724 , 0.00066093 , 0.000490032 , 0 , -171 , 182 , -0.35176916127988983 , -6.099775350853974 , 31.60245185879811 , -0.000241578 , 0.00161192 , 0.00296218693706 , 1574442330.760782
0.516313631111 , -0.614602317457 , 0.0857245801429 , 0.000697915 , 0.000413428 , 0 , -87 , 102 , -0.5222932021694352 , -0.026685866959526103 , 6.981707903244697 , 0.0013489 , -0.000476574 , 0.00419061714871 , 1574442330.9041717
0.482917161262 , -0.624987144336 , 0.0463177405575 , 0.00059607 , 0.00041025 , 0 , 0 , 104 , -0.686911424636957 , 2.545791485790337 , 0.2818336434180253 , -0.00196121 , -0.000758416 , 0.00304186116297 , 1574442331.047533
0.472875130226 , -0.633031842546 , 0.00646977963343 , 0.00061136 , 0.000419877 , 0 , 0 , 0 , -1.1719430626454541 , 21.40228445728731 , -0.39925246183206203 , -0.00221937 , -0.000294302 , 0.00391617431443 , 1574442331.186745
0.470466912852 , -0.634779596108 , -0.00264672803186 , 0.000675989 , 0.000402202 , 0 , 0 , 0 , -1.3659245340933364 , 59.60650305034606 , -7.594790736997743 , 0.00085782 , -0.000688488 , 0.00154679366075 , 1574442331.330207
0.492209719656 , -0.647073892333 , -0.0670504434737 , 0.000747006 , 0.000490999 , 0 , 148 , 0 , -0.7339026970400364 , 87.32694998080105 , -22.744199905016774 , 0.00237153 , 0.000764932 , 0.00500133784926 , 1574442331.473635
0.527437837811 , -0.670635956052 , -0.178360061258 , 0.000623263 , 0.000460037 , 0 , 145 , 0 , -0.496539276578087 , 88.9925301408855 , -39.27385959899536 , -0.00128543 , 4.43197e-05 , 0.0021742524327 , 1574442331.6127236
0.5649832559 , -0.702385955457 , -0.307755653926 , 0.000624904 , 0.000455809 , 0 , 141 , 0 , -1.0107154520715365 , 127.5629088366313 , -35.12734184538883 , -0.00183035 , 0.00062715 , 0.00193521941499 , 1574442331.7560709
0.601694981442 , -0.742637099177 , -0.451120088985 , 0.000687209 , 0.000401905 , 0 , 133 , 0 , -0.6999593937075145 , 102.09178675818451 , -33.84389243754255 , 0.000549113 , -0.000729375 , 0.00327303821766 , 1574442331.901454
0.631996926487 , -0.787304293818 , -0.593161160028 , 0.000807501 , 0.00024771 , 0 , 138 , 0 , -0.1778361604150094 , 44.90533847558518 , -36.93729849467176 , -1.25838e-05 , -0.00293704 , 0.00301140863943 , 1574442332.0427518
0.651896402314 , -0.828078309589 , -0.712558002354 , 0.000635198 , 0.000430056 , 0 , 0 , 0 , -0.01606621031258993 , 10.196014142167959 , -37.800812296295476 , -0.00124401 , -0.000129833 , 0.00169897131241 , 1574442332.1861813
0.661879388163 , -0.856788395469 , -0.792548005095 , 0.000673967 , 0.000514243 , 0 , 0 , 0 , -0.0002559365264610311 , 0.12592079994718958 , -34.392963648924386 , -0.000411513 , 0.00137521 , 0.00169132361256 , 1574442332.325498
0.665426377883 , -0.870414912516 , -0.829602197541 , 0.000842985 , 0.000281599 , 0 , -148 , 0 , -0.005105562847132704 , -2.1894810276108725 , -29.178226916444864 , 0.00202678 , -0.00183411 , 0.00351730339615 , 1574442332.4687526
0.665112752788 , -0.868996409861 , -0.825779145939 , 0.000697646 , 0.00047019 , 0 , 0 , 0 , -0.05245233233147794 , -27.1325223464133 , -18.612739120402132 , 0.000820186 , -0.000143248 , 0.001669545255 , 1574442332.6120844
0.664965500881 , -0.868342274498 , -0.824014660584 , 0.000652366 , 0.000464929 , 0 , 0 , 0 , -0.3027089929710486 , -75.50224019849658 , -12.20129618860289 , -0.000938691 , -0.000205536 , 0.00309739863848 , 1574442332.755508
0.657940955451 , -0.837392213845 , -0.740495687135 , 0.000698604 , 0.000418645 , 0 , -148 , 0 , -0.8118686099799592 , -112.35784486367 , -8.95380885774582 , 0.00183569 , -0.000584337 , 0.00268197257782 , 1574442332.8989096
0.642235291486 , -0.787799781957 , -0.603601031709 , 0.000698894 , 0.000459982 , 0 , -125 , 0 , -1.944979855936727 , -122.91905656603062 , -9.37138945877048 , 0.000745869 , 0.000738724 , 0.00147469621192 , 1574442333.042734
0.617966330489 , -0.736726761701 , -0.454796100141 , -0.000649689 , 0.00167089 , 0 , -128 , 0 , -3.3280532186959624 , -177.364912578101 , -7.661599198845937 , -0.00534151 , 0.00680188 , 0.0106724323082 , 1574442333.1855395
0.583897802972 , -0.686107833224 , -0.294227932875 , 0.000654774 , 0.000458479 , 0 , -133 , 0 , -3.758900243918674 , -130.08458253611272 , -9.098676397594797 , -0.000894597 , 0.000370191 , 0.00156203563499 , 1574442333.3288314
0.5433590539 , -0.642850754429 , -0.138218019441 , 0.000645412 , 0.000441659 , 0 , -138 , 0 , -4.464566701835379 , -50.59834069456866 , -10.775273779575967 , 6.71051e-05 , 0.000271369 , 0.0022663561351 , 1574442333.4722106
0.504084847494 , -0.612255356348 , -0.0072049818645 , 0.000696441 , 0.00048402 , 0 , -148 , 0 , -6.4553673522159345 , -11.026090992689472 , -10.44618037504475 , 0.000166 , 0.000335407 , 0.00128164541889 , 1574442333.6156533
0.474690811209 , -0.595001139119 , 0.0824896903262 , 0.000667084 , 0.000413395 , 0 , -145 , 0 , -11.168502936092088 , -0.22665083782474846 , -6.97904047083735 , -0.000550835 , -0.000378666 , 0.00212742916048 , 1574442333.7589386
0.458370620328 , -0.587295787319 , 0.129983754453 , 0.000573225 , 0.000322422 , 0 , 0 , 0 , -17.627895850893584 , 0.944204177579913 , -1.8446523970912072 , -0.00138749 , -0.000929572 , 0.00176348346485 , 1574442333.9023285
0.454094854992 , -0.585572513611 , 0.142335151935 , 0.000704315 , 0.000430082 , 0 , 0 , 0 , -29.85633847812469 , 13.51869380135856 , -0.16846878356247932 , 0.00167202 , -0.000260602 , 0.00420590138905 , 1574442334.0457177
0.454665350734 , -0.585801213187 , 0.140717707027 , 0.000683998 , 0.000432348 , 0 , 0 , 0 , -42.43720498991398 , 36.33291339820959 , 0.000332099409836667 , 0.00149089 , 0.000220517 , 0.00151091602017 , 1574442334.1891062
0.454828676125 , -0.585919160449 , 0.140423626135 , 0.000674042 , 0.000484018 , 0 , 0 , 0 , -51.89954489678523 , 54.32218065022588 , 0.14933293937504033 , 0.000611775 , 0.000747043 , 0.00235601374743 , 1574442334.3324006
0.472604106535 , -0.5930844203 , 0.0899887530831 , 0.000705832 , 0.000472494 , 0 , 145 , 0 , -51.78372558775453 , 60.58553854235543 , 0.7285686535553269 , 0.00124491 , 0.000588717 , 0.00247913057433 , 1574442334.4756858
0.504801387104 , -0.607991684535 , -0.00338193026293 , 0.000611574 , 0.000436164 , 0 , 0 , 0 , -55.20656368336296 , 61.6897605465677 , 1.2573140144858257 , -0.000806279 , 0.000170833 , 0.00446921168589 , 1574442334.6192129
0.539323156754 , -0.645042265692 , -0.0641096345494 , 0.000684738 , 0.000478884 , -98 , 91 , 0 , -68.67392610771341 , 64.36485113372338 , 2.051789973743966 , 0.00101827 , 0.00119923 , 0.00160398785332 , 1574442334.762657
0.571796391851 , -0.704937049194 , -0.0779314364935 , -0.000968694 , 0.00184217 , -185 , 88 , 0 , -67.99204911162843 , 56.29415003376079 , 2.6878443644801884 , -0.0134309 , 0.0084754 , 0.0162955448814 , 1574442334.905846
0.602367447161 , -0.770291420547 , -0.074843587123 , 0.000731893 , 0.000415772 , -96 , 185 , 0 , -93.80036503037513 , 34.5727538014178 , 1.0157397229510945 , 0.000831627 , -0.000981765 , 0.00544835287448 , 1574442335.04912
0.627665304691 , -0.838026216839 , -0.0401420418165 , 0.000706768 , 0.000411047 , -187 , 87 , 0 , -92.98916507720047 , 14.272490769069275 , 0.6217184499201529 , 0.00166081 , -0.00140466 , 0.00313103881581 , 1574442335.1943057
0.646635233227 , -0.903488041565 , 0.0316136959361 , 0.00063322 , 0.000403796 , -96 , 90 , 0 , -56.1560061573825 , 2.0877605554816983 , 0.8592536881101239 , -0.000724124 , -0.00127827 , 0.00224362739952 , 1574442335.3398814
0.658427387365 , -0.954881582172 , 0.121455408573 , 0.000669446 , 0.000384568 , -136 , 101 , 0 , -26.50528364026323 , 0.000685822365601892 , 1.546027366188952 , 0.000406329 , -0.00161254 , 0.00365112978425 , 1574442335.4832745
0.6645907253 , -0.990999283878 , 0.209826716748 , 0.000682989 , 0.000426042 , -145 , 0 , 0 , -6.54184951813626 , -1.1670314541821896 , 2.6525164976651348 , 9.03002e-05 , -0.000551845 , 0.00248067617376 , 1574442335.6266294
0.668823968245 , -1.01180654556 , 0.266584328986 , 0.000674782 , 0.000434741 , 0 , 0 , 0 , -0.07272396112286551 , -10.393788577468397 , 3.767999704293328 , 0.000447752 , -0.000572688 , 0.00179636207064 , 1574442335.7659156
0.670870005646 , -1.01929887449 , 0.28702295101 , 0.000719031 , 0.000475802 , 0 , 0 , 0 , 1.2232851187425071 , -21.755720575972255 , 3.230143437353155 , 0.000597869 , 0.000216485 , 0.00244124308843 , 1574442335.905308
0.670537823071 , -1.01817349373 , 0.28393510164 , 0.00059419 , 0.000547511 , 0 , 0 , 0 , 16.423703419353984 , -24.34813713867295 , 1.9472309907041423 , -0.00226125 , 0.00176943 , 0.00530396804812 , 1574442336.0493922
0.670522170405 , -1.01811985558 , 0.283788061193 , 0.000677245 , 0.000440281 , 0 , 0 , 0 , 45.41059245600604 , -24.11537562054579 , 1.2756501155126565 , -0.000359404 , 8.53215e-05 , 0.000788693209796 , 1574442336.1913254
0.670459591289 , -1.01790529379 , 0.283199899409 , 0.000674628 , 0.000408526 , 0 , 0 , 0 , 62.87166782315757 , -25.99017857550063 , 1.346989255827856 , 2.24298e-05 , -0.00036431 , 0.00182720699879 , 1574442336.3379495
0.663745903639 , -0.99483594782 , 0.219972507536 , 0.000631292 , 0.000431826 , 141 , 0 , 0 , 63.52517023626075 , -26.54768451974626 , 2.4844995434403985 , -0.00139131 , -0.000261374 , 0.00191568194293 , 1574442336.4827557
0.655577155295 , -0.958301540702 , 0.121455408573 , 0.00070263 , 0.00043764 , 138 , 0 , 0 , 65.13054689131012 , -32.78422296313718 , 2.9404701036026015 , 0.00151855 , 0.000299013 , 0.00253738396122 , 1574442336.6268117
0.650560812493 , -0.917202897871 , 0.0124984379282 , 0.000700061 , 0.000441832 , 151 , 0 , 0 , 114.446890414147 , -32.15130904497856 , 3.227927237451531 , 0.00107998 , 3.12103e-05 , 0.00186276524007 , 1574442336.7694328
0.649881479614 , -0.866724049228 , -0.120132044557 , 0.000703604 , 0.000441103 , 272 , 0 , 0 , 86.90234559062627 , -36.107888088532306 , 7.713794078778933 , 0.000805575 , 0.000120197 , 0.00120364424722 , 1574442336.9129684
0.65598179866 , -0.816188450768 , -0.254085891058 , 0.000676131 , 0.000448339 , 141 , 0 , 0 , 30.638683749323942 , -46.00541654499337 , 16.140968103000972 , 0.00042777 , -0.000446822 , 0.000732166861305 , 1574442337.0560496
0.666194743981 , -0.776669820907 , -0.361719497687 , 0.0006865 , 0.000431114 , 141 , 0 , 0 , 6.3506273691164115 , -49.640037678559956 , 28.984384061002466 , 0.00014714 , -0.000621107 , 0.00166372466867 , 1574442337.1993957
0.675259285185 , -0.752439350842 , -0.429358102946 , 0.000676791 , 0.000412852 , 0 , 0 , 0 , -0.0026335238089884665 , -46.71391464275283 , 43.40562934846897 , 3.10169e-05 , -0.000757487 , 0.00167899441671 , 1574442337.342775
0.67935812728 , -0.743254390092 , -0.455825383264 , 0.000685874 , 0.000452879 , 0 , 0 , 0 , -12.973318794898796 , -28.93180175367679 , 52.41544801104616 , 5.99551e-05 , -0.000498953 , 0.00103539575903 , 1574442337.4861338
0.660266329067 , -0.745811312456 , -0.499790476682 , 0.000662221 , 0.000426311 , 0 , 0 , 0 , -83.25991378113383 , -12.002582665520565 , 58.74885127343151 , -0.000739238 , -0.000945898 , 0.00343539425149 , 1574442337.6296487
0.610189536394 , -0.775222850796 , -0.504789851853 , 0.00068707 , 0.000484376 , -185 , 0 , 92 , -216.27349956105724 , -8.374329529381233 , 57.05032722450919 , -6.53702e-05 , 0.000446528 , 0.000786196027312 , 1574442337.7728226
0.542823472577 , -0.827404832268 , -0.452590493447 , 0.000682143 , 0.000497181 , -266 , 0 , 166 , -328.4808595459634 , -7.065756540099573 , 83.17298826073733 , 0.000253883 , 0.000682259 , 0.00335920632072 , 1574442337.9162996
0.470151933112 , -0.887003976804 , -0.407007955121 , 0.000689709 , 0.000431399 , -253 , 0 , 182 , -487.16257030417455 , -3.1208907115851696 , 70.21461683393268 , 0.000385073 , -0.000345068 , 0.00179893053239 , 1574442338.0595474
0.399040637722 , -0.950630159786 , -0.362013578579 , 0.000623001 , 0.000432174 , -253 , 0 , 175 , -472.91635414469505 , -2.859816130169779 , 37.930554708865316 , -0.00170476 , -6.00864e-05 , 0.00346728494006 , 1574442338.202954
0.337299855374 , -1.01624319968 , -0.300256591169 , 0.000660446 , 0.000416494 , -182 , 0 , 177 , -255.48336453642614 , -5.664773074587924 , 19.806433214047964 , -0.0010014 , -0.000557128 , 0.00252286630175 , 1574442338.3463106
0.289903821122 , -1.08342850397 , -0.210267838086 , 0.000666682 , 0.000420609 , -196 , 0 , 0 , -99.19151584431398 , -7.464118780598809 , 5.42233611250472 , -0.00072243 , -0.000125758 , 0.00203574630236 , 1574442338.4897454
0.261475634864 , -1.14406492887 , -0.107633606629 , 0.000633896 , 0.000444802 , -190 , 0 , 96 , -25.938862176220752 , -9.019231399475002 , 0.3059547477782575 , -0.00182916 , -0.000152626 , 0.00183942668721 , 1574442338.6329927
0.251342877425 , -1.18964466836 , -0.00911650766528 , 0.000696496 , 0.0004664 , 0 , 0 , 0 , -3.113017518826125 , -13.331778783611618 , -0.07082745886581925 , 0.000189902 , 0.000233823 , 0.000934651476698 , 1574442338.7771714
0.250027737355 , -1.21712450279 , 0.058375057147 , 0.000687212 , 0.000428534 , 0 , 0 , 0 , 0.007032043329547824 , -13.472520872566536 , -2.707539101618535 , 0.000189624 , -0.00072335 , 0.00129840184746 , 1574442338.9196486
0.250656893372 , -1.22789008039 , 0.0867538632664 , 0.000683921 , 0.000440158 , 0 , 0 , 0 , 7.253845963160786 , -9.022812286438782 , -9.578692113658205 , -0.000186771 , 3.22904e-05 , 0.000296460193925 , 1574442339.058863
0.250569749504 , -1.22688810614 , 0.0841071352345 , 0.000668059 , 0.000434622 , 0 , 0 , 0 , 35.56271348906273 , -5.201650658195457 , -17.11801362375375 , -0.000544196 , 0.000269596 , 0.00213263134145 , 1574442339.202193
0.250546279611 , -1.22660971687 , 0.0833719330035 , 0.000671101 , 0.000373857 , 0 , 0 , 0 , 76.23601039262117 , -2.9674504812379054 , -22.32654485589054 , -0.000150016 , -0.000911233 , 0.00249323020851 , 1574442339.3456004
0.248080166961 , -1.19709863288 , 0.00544049650993 , 0.000687201 , 0.000440783 , 148 , 0 , 0 , 109.0589970184007 , -1.9202493022661222 , -20.78960593027946 , 0.000459081 , 0.000245131 , 0.00180375892908 , 1574442339.4890375
0.247811745333 , -1.14776141173 , -0.124396217497 , 0.000659462 , 0.000419466 , 138 , 0 , 0 , 122.89428970336127 , -1.7760869363909346 , -15.972459694014397 , -0.000506862 , -0.000178608 , 0.00109888465763 , 1574442339.632412
0.254619727622 , -1.09331578934 , -0.26878993568 , 0.000683038 , 0.000416785 , 130 , 0 , 0 , 175.9479919130366 , -1.4270649744382056 , -15.442549513737323 , 7.91088e-05 , 0.000265965 , 0.0012771186615 , 1574442339.77569
0.270289229519 , -1.0364300725 , -0.424064646882 , 0.000669298 , 0.000457238 , 138 , 0 , 0 , 138.21281119275412 , -3.9772410417242954 , -9.979671385090672 , -0.00104418 , 0.000365083 , 0.00194405330127 , 1574442339.919252
0.294153837888 , -0.983568725874 , -0.576692630052 , 0.000701135 , 0.000399788 , 141 , 0 , 0 , 64.89635058999804 , -9.38214612297383 , -3.7467133963175794 , 0.000720738 , -0.00048051 , 0.00186942315946 , 1574442340.0623927
0.321756300316 , -0.941132882712 , -0.709911274322 , 0.000682809 , 0.000402649 , 141 , 0 , 0 , 16.142291554502545 , -15.886141352358127 , -0.8058562707451097 , 0.000343773 , -0.000325062 , 0.000878723124092 , 1574442340.2058694
0.345354965422 , -0.913672598743 , -0.805193483469 , 0.000679616 , 0.000392689 , 0 , 0 , 0 , 0.3586492783884157 , -19.96456725511097 , -0.0721308602069313 , -0.000305679 , -0.000518996 , 0.00107374864538 , 1574442340.3451433
0.358850162712 , -0.900701381053 , -0.854452032951 , 0.000689037 , 0.000395778 , 0 , 0 , 0 , -2.263483663422874 , -20.8158544271515 , -0.006115324038499432 , 0.00107438 , -0.000574456 , 0.00125325126269 , 1574442340.4883542
0.357501624137 , -0.901875446639 , -0.849746738672 , 0.000677778 , 0.000419138 , 0 , 0 , 0 , -35.743885259726824 , -14.515449198632796 , -0.0031506635653667904 , 0.000631289 , 0.000183513 , 0.00227403321163 , 1574442340.631699
0.356872093195 , -0.902428758126 , -0.847541131979 , 0.000669514 , 0.000420396 , 0 , 0 , 0 , -125.71649230354684 , -8.731348061750998 , -0.009893408400079707 , -0.000306208 , -0.000407142 , 0.00131133113146 , 1574442340.7750323
0.324409460276 , -0.931088187703 , -0.733584786163 , 0.000676239 , 0.000401549 , -141 , 0 , 0 , -242.9724390121516 , -6.775962908798451 , -0.0353150009986694 , 0.000507414 , -4e-06 , 0.000512590274118 , 1574442340.9184446
0.283145560829 , -0.976866055218 , -0.571399173988 , 0.000701768 , 0.000465271 , -133 , 0 , 0 , -289.4739113022519 , -6.434014825324059 , -0.018653527566116053 , 0.000645181 , 0.000729457 , 0.000973882436988 , 1574442341.0618646
0.248697120746 , -1.03044525038 , -0.403773065304 , 0.000708439 , 0.000392559 , -272 , 0 , 0 , -479.93541695635884 , -4.597193854916418 , -0.018568572436361706 , 0.00097611 , -0.000688202 , 0.00342399953671 , 1574442341.205054
0.223692747332 , -1.08896953013 , -0.236293997066 , 0.000639348 , 0.000453862 , -256 , 0 , 0 , -361.3387240746758 , -8.985379285835485 , 0.0014637397312714788 , -0.0017534 , 0.000531874 , 0.00187672396876 , 1574442341.348469
0.20880714717 , -1.15078878275 , -0.0689619692745 , 0.000688268 , 0.000425036 , -136 , 0 , 0 , -158.36496089268908 , -19.457978030083673 , 0.11447386513868879 , 0.000894772 , -0.000200966 , 0.00198788259946 , 1574442341.4920418
0.204656461115 , -1.21017914335 , 0.0879301868361 , 0.000673677 , 0.000448431 , -125 , 0 , 0 , -43.266579340628134 , -33.53952910901287 , 0.2892137517054685 , -0.000516968 , 0.00036502 , 0.000640187837268 , 1574442341.6351473
0.208954820521 , -1.25893686746 , 0.21673761772 , 0.000877246 , 0.000187433 , 0 , 0 , 0 , -2.885257791983895 , -42.04927357872637 , 0.33360154676458775 , 0.00189417 , -0.00276947 , 0.00349836787262 , 1574442341.7787046
0.215834615937 , -1.29040579498 , 0.301726995632 , 0.000699496 , 0.000441983 , -141 , 0 , 0 , 0.07165022250315448 , -52.1813032477825 , 0.04883223215099586 , 0.00104932 , 9.14791e-05 , 0.00129025673327 , 1574442341.921895
0.200622127148 , -1.29982188902 , 0.392450950946 , 0.000641116 , 0.000404065 , 0 , -145 , 0 , 16.153053570580845 , -46.16760965055421 , -0.010796820490453106 , -0.00159599 , -5.0164e-06 , 0.00173516570102 , 1574442342.0677688
0.16769020776 , -1.29440421625 , 0.475381762611 , 0.000725599 , 0.000440676 , 0 , -128 , 0 , 98.80959747160676 , -35.48586285894256 , -0.2475722856836305 , 0.00115642 , 0.00024174 , 0.00137315871648 , 1574442342.2128503
0.11960471916 , -1.26030343837 , 0.46141292022 , 0.000858556 , 0.000284161 , 180 , -90 , 0 , 217.38472265979934 , -43.46038313155136 , -0.9402356175273093 , 0.00413905 , -0.00195574 , 0.0049996351727 , 1574442342.3560276
0.0614534458053 , -1.20475707216 , 0.387010454436 , 0.000700901 , 0.000454637 , 185 , -93 , 0 , 356.5709876909366 , -21.018676662397247 , -2.4667885382589065 , 0.000891148 , 0.000357428 , 0.00336638150476 , 1574442342.4993815
0.0126661783659 , -1.14300389752 , 0.287758153241 , 0.000723098 , 0.000388346 , 277 , -91 , 0 , 477.24308703200006 , -2.105426250494522 , -6.6788491335619 , 0.00122671 , -0.000779244 , 0.00214586644611 , 1574442342.6427398
-0.0183326152202 , -1.07901903428 , 0.155862872987 , 0.000717134 , 0.000367424 , 193 , 0 , 0 , 405.81285436950844 , -0.11563683193583851 , -4.976415275129882 , 0.00103586 , -0.00106019 , 0.0019683618065 , 1574442342.7860732
-0.030975340247 , -1.01508382815 , -0.00382305160157 , 0.000658249 , 0.000398368 , 138 , 0 , 0 , 210.28795702530596 , 1.1853110382209343e-06 , -2.832486490493826 , -0.00044207 , -0.000999271 , 0.00183887698793 , 1574442342.9293642
-0.0310255730377 , -0.952279261759 , -0.16777314913 , 0.000712932 , 0.000411566 , 138 , 0 , 0 , 91.07154036402527 , 0.09893946011358612 , -1.2599688856759255 , 0.00104868 , -0.000364599 , 0.00195517308257 , 1574442343.0727532
-0.0216951025812 , -0.89718843453 , -0.314813595345 , 0.000671801 , 0.000418501 , 138 , 0 , 0 , 27.714793492618476 , 0.17910321945321445 , -0.4315907718323897 , 0.000606864 , -0.00057064 , 0.00150901694878 , 1574442343.216811
-0.00863269161844 , -0.857075794157 , -0.425829132236 , 0.000693945 , 0.000421531 , 0 , 0 , 0 , 3.4378388825040993 , 0.05652927806084509 , -0.12747654376129877 , 0.000699829 , -0.000469968 , 0.00368595176011 , 1574442343.355335
0.00244608028564 , -0.832650751101 , -0.496408546419 , 0.000726009 , 0.000435901 , 0 , 0 , 0 , -0.00827441728823682 , 0.004554017736642134 , -0.11230506854650336 , 0.00192138 , 0.000337295 , 0.0020270140039 , 1574442343.494658
0.00792811086684 , -0.822529735919 , -0.526698878339 , 0.000666269 , 0.000438642 , 0 , 0 , 0 , -4.741180360231878 , 0.035719961171080554 , -0.14375497469290915 , -0.00166813 , 0.000477029 , 0.00221724159201 , 1574442343.6344814
0.00714165911179 , -0.823882210046 , -0.522581745845 , 0.000895689 , 0.0001725 , 0 , 0 , 0 , -34.41878654504673 , 0.03872033231280785 , -0.355971039701895 , 0.00340973 , -0.00315209 , 0.00505044945068 , 1574442343.7731154
0.00705799374142 , -0.82402746368 , -0.522140624507 , 0.000720137 , 0.00047279 , 0 , 0 , 0 , -77.70348852489708 , 0.08986615313014527 , -0.6539988735771566 , 0.000610574 , 0.000692412 , 0.00110317679683 , 1574442343.9124427
-0.00779516838296 , -0.849840747165 , -0.443768066674 , 0.000712451 , 0.000392677 , -136 , 0 , 0 , -113.46665963610191 , 0.10873534641989188 , -0.629310962587943 , 0.000297101 , -0.000281177 , 0.00122250794318 , 1574442344.0558088
-0.029338048246 , -0.895156787577 , -0.311725745974 , 0.000706625 , 0.000394614 , -136 , 0 , 0 , -139.17476793964224 , 0.023582434762704402 , -0.5143388220434851 , 0.00177867 , -9.79055e-05 , 0.00341427129981 , 1574442344.199076
-0.0466807620733 , -0.948977472663 , -0.162920814405 , 0.000700176 , 0.000402267 , -123 , 0 , 0 , -218.6888346852665 , 0.008615639574706058 , -0.7121373506540908 , 0.0013427 , -3.89406e-05 , 0.00222702421999 , 1574442344.3429267
-0.0566319827691 , -1.00951620012 , -0.00147040446214 , 0.000715234 , 0.000430934 , -133 , 0 , 0 , -182.21678713718 , 8.182951320941323e-05 , -0.14537746896379825 , 0.00137952 , 0.000951412 , 0.0017556545629 , 1574442344.486012
-0.0567205505626 , -1.06974978339 , 0.157039196557 , 0.000690718 , 0.000388665 , -133 , 0 , 0 , -106.46072613110647 , -0.10115384117191462 , -0.001722555550376848 , 0.000251547 , -0.000607834 , 0.00137423618726 , 1574442344.629118
-0.047973209988 , -1.12499277564 , 0.304226683217 , 0.000630551 , 0.000457066 , -125 , 0 , 0 , -36.204223100350475 , -0.7557899848033026 , 0.004429450203532248 , -0.00104256 , 0.000767714 , 0.00352502431041 , 1574442344.7724175
-0.0344156146589 , -1.16817347916 , 0.423329444651 , 0.000676137 , 0.000397329 , -145 , 0 , 0 , -3.243594902273322 , -1.6192572685407287 , 0.05351222454119757 , 0.000140522 , -0.000122003 , 0.000269302932427 , 1574442344.9158792
-0.0226175131122 , -1.19435820277 , 0.498908234005 , 0.000675978 , 0.000399713 , 0 , 0 , 0 , 0.04041096157438779 , -1.8968674924945295 , 0.07517481525529515 , 5.84697e-05 , 4.88694e-05 , 0.000934314769699 , 1574442345.0552127
-0.016441837104 , -1.20569209466 , 0.53287457708 , 0.000664985 , 0.00039719 , 0 , 0 , 0 , 8.628407272265163 , -2.279908794435082 , 0.00175288636925229 , -0.000214018 , -0.000278606 , 0.00256755904229 , 1574442345.1944194
-0.0170663143148 , -1.20463327279 , 0.529639687264 , 0.00070364 , 0.000456179 , 0 , 0 , 0 , 61.897764011102176 , -0.9556513724307885 , -0.007314507540970178 , 0.00062989 , 0.000981537 , 0.00117421923153 , 1574442345.3337214
-0.0290920770021 , -1.18409162159 , 0.467000457176 , 0.000733667 , 0.000416737 , 138 , 0 , 0 , 149.49569288123996 , -0.3159426761390645 , -0.06050444213224583 , 0.00134166 , -4.62911e-05 , 0.00279661788186 , 1574442345.4777522
-0.052964786577 , -1.13674374597 , 0.327459073719 , 0.000670712 , 0.000409514 , 138 , 0 , 0 , 234.23567497555746 , -0.19180790548620336 , -0.17027323132172056 , -0.000542847 , -7.18192e-05 , 0.0017729297576 , 1574442345.6204197
-0.0727695461054 , -1.07844100233 , 0.165420501991 , 0.000713953 , 0.00040577 , 133 , 0 , 0 , 332.62409199699727 , -0.17887241585683064 , -0.29528620660014654 , 0.00127939 , -0.000374021 , 0.00174826611766 , 1574442345.7636724
-0.0832584985494 , -1.01561260863 , -0.00220560669321 , 0.000660937 , 0.000417843 , 261 , 0 , 0 , 357.1475037872356 , -0.5959522746712346 , -0.1186405824170495 , -0.000723948 , 0.000377635 , 0.00236816713988 , 1574442345.9077518
-0.0831176363848 , -0.951747216569 , -0.170272836716 , 0.000745861 , 0.000381372 , 130 , 0 , 0 , 207.62710260782586 , -2.9036254177836556 , 0.0004552523613770838 , 0.00135157 , -0.000355535 , 0.00355163200701 , 1574442346.0504673
-0.0727405428673 , -0.891393420833 , -0.331429165767 , 0.000663503 , 0.000415488 , 130 , 0 , 0 , 81.23647784985191 , -5.9148037031820335 , 0.48176562150940666 , -0.00106662 , 0.000553438 , 0.00130879951941 , 1574442346.1942897
-0.0551044376053 , -0.840143921805 , -0.474058398595 , 0.000673459 , 0.000409275 , 138 , 0 , 0 , 11.71619821894152 , -10.272900898589496 , 2.398027829264825 , 0.000501307 , 0.000400235 , 0.00346814152731 , 1574442346.3372982
-0.037019864235 , -0.804896980059 , -0.578310074961 , 0.000649859 , 0.00043255 , 136 , 0 , 0 , 0.006457886558024359 , -11.714107982237215 , 4.596011230276181 , -0.00175111 , -0.000208493 , 0.00332003852147 , 1574442346.4804547
-0.0261774495602 , -0.788286764292 , -0.630509433367 , 0.000694106 , 0.000405147 , -138 , 0 , 0 , -5.1741393876935895 , -6.462161353802536 , 6.6507381044312055 , 0.00108078 , -0.000557677 , 0.00128279938471 , 1574442346.623786
-0.0273633499367 , -0.789911518449 , -0.625215977303 , 0.000686133 , 0.000379844 , 0 , 0 , 0 , -66.97833132705415 , -3.1831969624627408 , 5.269649654539206 , 0.000494056 , -0.00125418 , 0.00286277166502 , 1574442346.7672403
-0.0432239713258 , -0.811884832469 , -0.553901360889 , 0.000622517 , 0.000390432 , -141 , 0 , 0 , -202.93165137931254 , -0.8185386056155238 , 3.035971930024491 , -0.00271784 , -0.0005239 , 0.00281418870443 , 1574442346.9106858
-0.0735554432362 , -0.860926318629 , -0.402155620396 , 0.0006758 , 0.000408039 , -138 , 0 , 0 , -411.3675192223148 , -0.47217803321397295 , 1.4039546843978512 , -9.11219e-05 , -0.00026464 , 0.00103162757748 , 1574442347.0540996
-0.0983776450605 , -0.919285294605 , -0.235264713943 , 0.000697511 , 0.000403268 , -251 , 0 , 0 , -552.0027982567393 , -0.3229235589854809 , 1.2351271509163964 , 0.000118287 , -0.000378623 , 0.00128215356062 , 1574442347.1972013
