0.0 , 0.0 , 0.0 , 6.63333e-05 , -5.15181e-05 , 0.0 , 0.0 , 0.0 , 318.3098861837907 , -131.58849832080574 , -186.72138786298495 , 0.00272048 , -0.00122438 , 0.00833398367968 , 1572879493.0368123
9.6778978972e-05 , 0.000223501478246 , -0.000147040446214 , 7.76942e-06 , -2.65141e-05 , 0.0 , 0.0 , 0.0 , 317.97566624106463 , -128.6661681269312 , -189.30949811413342 , 0.00172723 , 3.07375e-05 , 0.00564986983663 , 1572879493.184224
0.0124477365425 , 0.0793691472273 , 0.0092635481115 , 8.5392e-05 , -1.00151e-05 , 202.0 , -95.0 , -150.0 , 317.5296134253283 , -125.73097142346546 , -191.82532052565116 , 0.0061474 , -0.000120374 , 0.010033440818 , 1572879493.331733
0.0267298727402 , 0.193575915747 , 0.0979289371787 , 2.92747e-05 , -1.10886e-05 , 208.0 , -141.0 , -191.0 , 292.5081358312361 , -113.02235903709516 , -177.80502979547484 , 0.00141078 , -0.000385264 , 0.0070664361216 , 1572879493.4833133
0.0290425547701 , 0.315046885615 , 0.216002415489 , 7.68428e-05 , -1.30431e-05 , 204.0 , -152.0 , -199.0 , 261.0878767565272 , -90.46043328463031 , -152.85954662885553 , 0.00201841 , -0.000272424 , 0.0108259122721 , 1572879493.6344311
0.0176225950408 , 0.437533300649 , 0.340692713878 , 4.34464e-05 , -1.80184e-05 , 205.0 , -148.0 , -208.0 , 229.10224085637003 , -61.652270539104315 , -128.25921887217905 , 0.000457218 , -0.000717691 , 0.00772626448024 , 1572879493.7824104
-0.00477166837927 , 0.557615238565 , 0.457883949511 , -2.7054e-07 , -2.15481e-05 , 208.0 , -134.0 , -205.0 , 197.16192472219439 , -28.48503069815868 , -106.86275440642788 , -0.000668554 , 0.00118164 , 0.01119671632 , 1572879493.9341936
-0.0332555415169 , 0.672335663855 , 0.547872702594 , 2.03215e-05 , -2.62777e-05 , 208.0 , -101.0 , -201.0 , 165.5018599458922 , 6.882601831402247 , -89.30753870037138 , 0.00116562 , -0.0016943 , 0.00625507700592 , 1572879494.0854523
-0.0593847190246 , 0.78167459946 , 0.593749321813 , 6.71917e-05 , -1.28701e-05 , 210.0 , -55.0 , -194.0 , 133.87171187287368 , 41.44152352835322 , -75.90905576583341 , 0.0019986 , -0.000126079 , 0.00886457013861 , 1572879494.2330282
-0.077873275486 , 0.886561246086 , 0.590514431996 , 3.7099e-05 , -1.80256e-05 , 210.0 , -14.0 , -177.0 , 101.25521824509947 , 71.83778281342583 , -65.3651220011665 , 0.000463416 , -0.000518956 , 0.0108656980116 , 1572879494.3843796
-0.0906624269835 , 0.982554735731 , 0.550519430626 , -4.23338e-05 , -4.05525e-05 , 202.0 , 0.0 , -148.0 , 67.05430742764739 , 96.45946656365884 , -56.372822457291136 , -0.00250446 , -0.00168949 , 0.00764434581866 , 1572879494.5315726
-0.105635429969 , 1.06947783603 , 0.482733784921 , 1.35187e-05 , 5.32259e-06 , 194.0 , 0.0 , -102.0 , 33.429612155653814 , 115.88160886663314 , -49.42682795870317 , -0.000631423 , 0.000686848 , 0.00896173739973 , 1572879494.6833565
-0.096110775733 , 1.13761673334 , 0.327606114165 , 3.28729e-06 , 2.88591e-06 , 176.0 , 96.0 , -56.0 , 0.9800755773271 , 132.79129540612527 , -46.185777386298085 , -0.000578519 , -0.000500598 , 0.0103504121174 , 1572879494.8309205
-0.0681619888316 , 1.18470711667 , 0.134247927394 , 0.000151594 , -2.21797e-05 , 141.0 , 126.0 , -29.0 , -30.80383196139481 , 134.68547590236258 , -44.44189294052316 , 0.00398618 , -0.000842297 , 0.00904348913673 , 1572879494.9783843
-0.0264609821549 , 1.20096740249 , -0.0445532552029 , 4.51214e-05 , -2.39141e-05 , 74.0 , 148.0 , -21.0 , -58.23107763636522 , 125.84793213501179 , -43.2593622798827 , 0.00090761 , -0.00104302 , 0.0103190465951 , 1572879495.1216857
0.0203507957084 , 1.19818126843 , -0.211885282995 , 8.67273e-05 , -1.38226e-05 , 59.0 , 158.0 , -22.0 , -74.99548231386886 , 109.20198040107655 , -42.2900907950779 , 0.00175593 , -0.000599585 , 0.00707996105831 , 1572879495.2692175
0.0642651775141 , 1.16993114746 , -0.334222934245 , 0.000160397 , -1.425e-05 , -11.0 , 161.0 , -22.0 , -85.03457925535663 , 88.81813419904466 , -42.227307722700964 , 0.00251315 , -0.000287917 , 0.0115293244243 , 1572879495.417035
0.104474563815 , 1.13319633346 , -0.444356228459 , 9.1174e-05 , -1.66273e-06 , 0.0 , 153.0 , -22.0 , -84.27794503021867 , 67.90983242542086 , -44.27217196612263 , 0.00151945 , -0.000299453 , 0.00933477228805 , 1572879495.5682764
0.132345524953 , 1.08749876143 , -0.507142498993 , 0.000127359 , -3.40204e-05 , -71.0 , 135.0 , -26.0 , -80.11327666308338 , 47.41862725640198 , -47.92784948171347 , 0.00277236 , -0.000971521 , 0.0101401136429 , 1572879495.714993
0.147371907222 , 1.03354249459 , -0.505672094531 , 2.65919e-05 , -1.01851e-05 , -91.0 , 105.0 , -33.0 , -70.26292551599647 , 31.77344093315713 , -53.524743963181145 , 0.00119254 , -0.000884963 , 0.0073482021515 , 1572879495.858903
0.158894542738 , 0.989320389245 , -0.469500144762 , 9.7608e-05 , -7.99172e-06 , -86.0 , 68.0 , -41.0 , -53.92823528463712 , 22.248223116486425 , -60.06743113998628 , 0.00055416 , 0.000247816 , 0.0072177530595 , 1572879496.0065188
0.169639971567 , 0.957773034231 , -0.407596116906 , 6.11759e-05 , -7.61373e-06 , -75.0 , 33.0 , -45.0 , -38.62387820111582 , 17.343917860379683 , -63.90456611546665 , 0.00228872 , -0.000213634 , 0.00500474822756 , 1572879496.1538658
0.182138816195 , 0.937647883549 , -0.328782437735 , 2.57139e-05 , 3.06126e-06 , -55.0 , 18.0 , -53.0 , -25.828240121282043 , 16.23414867825378 , -64.35877649827901 , 0.00051343 , 0.000593073 , 0.00751240755975 , 1572879496.3053951
0.196485236034 , 0.928296044209 , -0.253497729273 , 0.000108395 , -3.05082e-05 , -35.0 , 0.0 , -61.0 , -15.676094738379563 , 17.488080619825567 , -61.465165072197486 , 0.00171731 , -0.000823974 , 0.00960792941594 , 1572879496.4488049
0.212176451425 , 0.925962505693 , -0.186006164461 , 2.68531e-05 , -1.50119e-05 , -20.0 , 0.0 , -58.0 , -9.196895889264416 , 19.740064235715597 , -56.53694335756726 , -0.000291032 , -0.000736511 , 0.00476277004894 , 1572879496.5925903
0.228068605113 , 0.928515366998 , -0.131307118469 , -1.13443e-05 , -1.30297e-05 , 0.0 , 0.0 , -58.0 , -5.453173929470863 , 22.272862919859737 , -50.56802158265213 , -0.00181494 , -0.00041565 , 0.0075070942932 , 1572879496.735358
0.243189118963 , 0.934718905111 , -0.0880772272823 , 4.97931e-05 , -2.36897e-05 , 0.0 , 0.0 , -50.0 , -4.068572208840991 , 24.759823478414027 , -44.51517301256995 , 0.000469729 , -0.00104181 , 0.00608945683925 , 1572879496.8869717
0.255955290598 , 0.940659272496 , -0.0510230348363 , 9.44737e-06 , -2.03493e-05 , 0.0 , 0.0 , -43.0 , -4.5696012121408724 , 27.352099931821385 , -38.762934468902415 , -0.000552353 , -0.000219193 , 0.00633192729335 , 1572879497.0343704
0.266353325424 , 0.945974857152 , -0.0202915815776 , 2.99761e-05 , -1.06261e-05 , 0.0 , 0.0 , -35.0 , -5.390188203290293 , 30.182905298403032 , -34.05016484967035 , 0.00101167 , -0.000408926 , 0.0046169900778 , 1572879497.1818314
0.27482105065 , 0.950637224701 , 0.0051464156175 , 5.66032e-05 , -9.77577e-06 , 0.0 , 0.0 , -27.0 , -6.424004278970386 , 33.189280725853386 , -30.446912729675375 , 0.000867284 , -0.000116169 , 0.00552307666031 , 1572879497.3292818
0.281286177637 , 0.954358320453 , 0.0245557545178 , 7.2778e-05 , -1.80455e-05 , 0.0 , 0.0 , -23.0 , -7.599628566351583 , 36.30794042461336 , -27.774563525669542 , 0.00262832 , -5.00881e-05 , 0.00811699465754 , 1572879497.4726849
0.289422436098 , 0.95615108085 , 0.032937059952 , 9.42314e-06 , -1.57702e-05 , 0.0 , 30.0 , -23.0 , -8.869711616351827 , 39.46818503005317 , -26.143159941046854 , 0.000649185 , -0.000470003 , 0.00560295812048 , 1572879497.6237547
0.311036354889 , 0.949651403136 , -0.00499937517128 , 2.57546e-05 , -2.10038e-05 , 0.0 , 62.0 , -15.0 , -10.22229199620476 , 41.19752758824392 , -24.999246263448704 , -0.000165551 , -0.000238731 , 0.00813203098922 , 1572879497.77163
0.328573166972 , 0.943892308418 , -0.0348485857528 , 2.14824e-05 , -7.40789e-06 , 0.0 , 46.0 , -19.0 , -11.765765904713243 , 35.09384953051879 , -24.235153434609483 , 0.000968781 , -0.000416882 , 0.00463099489504 , 1572879497.9149327
0.342076389868 , 0.939563806884 , -0.0551401673303 , 0.00010276 , -1.4674e-05 , 0.0 , 34.0 , -19.0 , -13.084950192229892 , 30.724058914914593 , -23.96191886052377 , 0.0017639 , 2.45682e-05 , 0.00678943008425 , 1572879498.0583308
0.353150194911 , 0.936490317341 , -0.0680797265972 , -1.15529e-05 , -2.26541e-05 , 0.0 , 27.0 , -19.0 , -14.31041880101322 , 28.274587823906824 , -23.96861544352502 , -0.00148978 , -0.000526113 , 0.00656444946112 , 1572879498.2016537
0.362413381172 , 0.934346568153 , -0.0760199106927 , 3.25465e-05 , -5.87281e-05 , 0.0 , 15.0 , -7.0 , -15.51953751488757 , 27.14156712124865 , -23.974186120367328 , -0.00087073 , -0.00152554 , 0.0108714442916 , 1572879498.3450058
0.370208069348 , 0.932828258556 , -0.0808722454178 , 1.34736e-06 , -8.61592e-06 , 0.0 , 19.0 , -15.0 , -16.75091413108147 , 26.960042720135018 , -24.001925387630724 , -0.00023812 , -0.000100387 , 0.00525327975369 , 1572879498.4886184
0.377305682247 , 0.931748476688 , -0.0835189734497 , 0.000100693 , 1.68083e-06 , 0.0 , 19.0 , -7.0 , -18.02315029154224 , 27.471346861904085 , -24.121384653954586 , 0.00236394 , 3.55794e-05 , 0.00765476646853 , 1572879498.6317022
0.384354522197 , 0.93068179022 , -0.0855775396967 , 8.46955e-05 , -4.59894e-05 , 0.0 , 19.0 , -15.0 , -19.329960944970644 , 28.379401199502883 , -24.202841766315284 , 0.00147702 , -0.00133175 , 0.0100424802828 , 1572879498.7750547
0.391364878567 , 0.92974390875 , -0.0873420250512 , 1.73499e-05 , -1.58593e-05 , 0.0 , 19.0 , -7.0 , -20.63359898565971 , 29.33964126671227 , -24.232943125872513 , -0.00089728 , -0.000554385 , 0.00562622744981 , 1572879498.9183977
0.39833945069 , 0.928404022423 , -0.0911650766528 , 2.00325e-05 , 2.9352e-06 , 0.0 , 11.0 , -7.0 , -21.98852973903203 , 30.34954096250183 , -24.208054353749958 , 0.000510123 , 0.000254321 , 0.00552167961752 , 1572879499.0618217
0.405998749511 , 0.927142737291 , -0.0941058855771 , 0.000154766 , -6.83108e-06 , 0.0 , 15.0 , -15.0 , -23.367921966955613 , 31.181269868475404 , -24.35403265029705 , 0.00251207 , 0.000398968 , 0.00795733372239 , 1572879499.213438
0.413929449753 , 0.924654366068 , -0.0952822091468 , 4.49919e-05 , -3.69505e-05 , -3.0 , 19.0 , -11.0 , -24.746743034907514 , 31.890236505464 , -24.217748695100756 , 0.000371722 , -0.0011149 , 0.00675896799633 , 1572879499.3644722
0.420661431195 , 0.905067114772 , -0.0546990459917 , 0.000225754 , -3.41127e-05 , -55.0 , 18.0 , -11.0 , -25.655862481087425 , 32.43561052715549 , -24.067431460919142 , 0.00267447 , -0.000838263 , 0.00613600747377 , 1572879499.5167043
0.429181693552 , 0.889855386074 , -0.0223501478246 , 8.89653e-05 , -5.88393e-05 , -35.0 , 22.0 , -11.0 , -18.624115542665976 , 33.11511029328279 , -24.41540559988318 , 0.000230816 , -0.00113064 , 0.00738837249504 , 1572879499.6679797
0.438514120212 , 0.880788311709 , -0.00499937517128 , 2.86195e-05 , -1.96077e-05 , -19.0 , 22.0 , -18.0 , -13.510417171113264 , 33.499197660942926 , -24.04391610565895 , 1.16099e-05 , -0.00114878 , 0.0030021415115 , 1572879499.8195531
0.448213050326 , 0.8752919061 , 0.00294080892428 , 0.000117882 , -2.56133e-05 , -11.0 , 19.0 , -11.0 , -11.28680170968777 , 33.72912889980675 , -23.34939699892292 , 0.00159176 , -0.000125936 , 0.00882976306193 , 1572879499.9710083
0.457751900479 , 0.873224622698 , 0.000294080892428 , 6.34156e-05 , -2.89105e-05 , 0.0 , 23.0 , -11.0 , -10.795844948468318 , 33.855702678374215 , -22.526287254138918 , 0.00350107 , -0.00153988 , 0.00557996050411 , 1572879500.1226249
0.46680112077 , 0.871914212659 , -0.00661682007964 , 7.93112e-05 , 8.8191e-06 , 0.0 , 19.0 , -11.0 , -12.06346007069223 , 33.93008928281108 , -21.813272164542184 , 0.00104171 , 0.000145243 , 0.00519527138745 , 1572879500.2699943
0.475161782328 , 0.870266407965 , -0.0149981255138 , 6.16104e-05 , -3.39534e-05 , 0.0 , 23.0 , -11.0 , -13.856475120779368 , 33.99990516939534 , -21.343963619091767 , 0.000838519 , -0.00148876 , 0.00739686383727 , 1572879500.4133725
0.483411571547 , 0.868550040157 , -0.0233794309481 , 7.19933e-05 , -9.81569e-06 , 0.0 , 19.0 , -3.0 , -15.657430570627321 , 34.11447468969831 , -21.178253545482757 , 0.000554429 , -0.000209686 , 0.00413069161016 , 1572879500.5567257
0.48983129276 , 0.865717172478 , -0.0374953137846 , 0.000107127 , -2.04572e-05 , 0.0 , 23.0 , -3.0 , -17.46278788922837 , 34.24594568094433 , -21.025043074063703 , 0.00192065 , -0.000504769 , 0.00571926238795 , 1572879500.7001388
0.495460967524 , 0.862179064205 , -0.0549931268841 , -9.32108e-06 , -4.44217e-05 , 0.0 , 23.0 , 0.0 , -19.28561477673842 , 34.35431557524374 , -21.871724364534696 , -0.00138192 , -0.000973989 , 0.00789116862977 , 1572879500.8475022
0.500981093753 , 0.858573550785 , -0.0723438995374 , 5.21666e-05 , -1.59542e-05 , 0.0 , 19.0 , 0.0 , -21.114346584369255 , 34.36030855077275 , -23.223729863246565 , 0.000322681 , -0.000577176 , 0.00664976914929 , 1572879500.9989982
0.506488116059 , 0.854897173397 , -0.0895476317445 , 6.24684e-05 , -6.97511e-06 , 0.0 , 19.0 , 0.0 , -22.938394781422488 , 34.390960457918744 , -24.578399380364672 , 0.00108762 , -0.000312695 , 0.0045061205396 , 1572879501.1465452
0.5118753883 , 0.851047453513 , -0.106751363952 , 4.54339e-05 , -1.34445e-05 , 0.0 , 15.0 , 0.0 , -24.756466156777496 , 34.418816905658474 , -25.909571735986386 , 0.00045584 , -0.000193186 , 0.00470628326443 , 1572879501.2939715
0.517337002415 , 0.847062380532 , -0.124543257943 , 6.92038e-05 , 9.42102e-06 , 0.0 , 19.0 , 0.0 , -26.544638841046535 , 34.44775648884246 , -27.27172591813833 , 0.000118265 , 0.000425926 , 0.00714091482207 , 1572879501.4414299
0.522726853858 , 0.842980770941 , -0.142335151935 , 8.36254e-05 , -5.46583e-06 , 0.0 , 23.0 , 0.0 , -28.350379290371798 , 34.3944330795953 , -28.64076343795631 , 0.000390887 , 0.000272182 , 0.00391406024338 , 1572879501.59286
0.52771464203 , 0.836169811938 , -0.153363185401 , 9.68691e-05 , -7.83238e-07 , -28.0 , 23.0 , 0.0 , -30.15027199404748 , 34.34055545869781 , -30.015094491773525 , 0.00134233 , 0.000292924 , 0.0064295992011 , 1572879501.741439
0.530245564342 , 0.813898006958 , -0.123366934374 , 5.74464e-05 , -1.49835e-05 , -56.0 , 23.0 , 0.0 , -30.69699360416268 , 34.36690553091354 , -31.495612238000334 , 0.000422095 , -0.000567377 , 0.00461734376953 , 1572879501.8920875
0.533859623062 , 0.796249224596 , -0.104251676366 , -1.71959e-05 , -2.32172e-05 , -40.0 , 19.0 , 0.0 , -23.86574611053628 , 35.08535549629405 , -33.60289084418377 , -0.0025171 , -0.000593377 , 0.0057889461675 , 1572879502.0393934
0.546303391696 , 0.788233664048 , -0.0754317489079 , 0.000105056 , -9.41396e-06 , -27.0 , 22.0 , -68.0 , -19.188389184768393 , 35.57701191897643 , -35.303696100148485 , 0.00165577 , -0.000121763 , 0.00400716536015 , 1572879502.1868167
0.576833303655 , 0.79024103436 , -0.0051464156175 , 5.31317e-05 , -1.08492e-05 , -19.0 , 22.0 , -83.0 , -17.014511337632644 , 35.74850156385662 , -32.42007292964775 , -0.00123811 , -0.000120316 , 0.00756703586882 , 1572879502.3384402
0.600310953295 , 0.791880305001 , 0.0407302036013 , 0.0001048 , -2.01132e-05 , -15.0 , 26.0 , -56.0 , -15.54709504551148 , 35.030719212704575 , -20.41737249978539 , 0.00276488 , -0.00101344 , 0.00522360994433 , 1572879502.4817157
0.616853826149 , 0.791184389578 , 0.0608747447327 , 9.02509e-05 , -2.06244e-05 , -3.0 , 22.0 , -30.0 , -15.46235101021311 , 34.715340020081044 , -11.863037920494909 , 0.00160032 , -0.000606532 , 0.00660561869732 , 1572879502.629259
0.628104574024 , 0.790330699111 , 0.0558753695614 , 6.52567e-05 , -2.32089e-05 , 0.0 , 23.0 , -7.0 , -16.213954957162983 , 34.376558199793934 , -7.1176943942539275 , 1.7196e-05 , -0.000722032 , 0.00356268485493 , 1572879502.7804728
0.635753941929 , 0.787876476356 , 0.0407302036013 , 9.21409e-05 , -1.20316e-05 , 0.0 , 19.0 , 0.0 , -18.459207832261576 , 33.943358748345105 , -5.34631187651041 , 0.00101298 , 0.000432154 , 0.00515089269239 , 1572879502.9281683
0.642088271551 , 0.78455562573 , 0.0219090264859 , 4.82568e-05 , -2.40213e-05 , 0.0 , 23.0 , 0.0 , -20.83157447170545 , 33.626800596150936 , -5.405275035072458 , -0.000959288 , -0.000328485 , 0.00471274288277 , 1572879503.0755668
0.647526152099 , 0.781572956037 , 0.00558753695614 , 0.000126743 , -1.71684e-05 , 0.0 , 28.0 , 0.0 , -23.173155131913536 , 33.30440029158392 , -6.156145115206205 , 0.000492189 , -0.00011759 , 0.00687281505101 , 1572879503.2149444
0.652866396279 , 0.778473725619 , -0.0104398716812 , 6.98564e-05 , -3.14015e-05 , 0.0 , 24.0 , 0.0 , -25.49372699970257 , 33.42570922745647 , -6.918198323796614 , 0.000821997 , -0.000818677 , 0.00493280508554 , 1572879503.3582616
0.658734593019 , 0.775059755293 , -0.0280847252269 , 7.36107e-05 , -2.98249e-05 , 0.0 , 22.0 , 0.0 , -27.78170564216435 , 33.56444792620823 , -7.676917473016791 , 0.000371871 , -0.000364716 , 0.00641802116885 , 1572879503.5056431
0.664446468621 , 0.771601349297 , -0.0454354978802 , 4.23274e-05 , -2.13733e-05 , 0.0 , 19.0 , 0.0 , -30.089385087497387 , 33.400708288288016 , -8.406921244365583 , -0.000998348 , -0.00037692 , 0.00286525506542 , 1572879503.6531491
0.669525316237 , 0.754394736576 , -0.0274965634421 , 0.000100078 , -2.46594e-05 , -64.0 , 19.0 , 0.0 , -32.386966188333695 , 33.281440998491526 , -9.13813866075814 , 0.000650924 , -4.67511e-05 , 0.0067897353858 , 1572879503.8050647
0.674683162629 , 0.734241931198 , -0.000882242677285 , 0.000120238 , -2.9888e-05 , -48.0 , 19.0 , 0.0 , -28.195672014257784 , 33.2732250005269 , -10.066436934690666 , 0.00292182 , -0.000965776 , 0.00611541805252 , 1572879503.9521852
0.67975230004 , 0.72091117816 , 0.0110280334661 , 6.24203e-05 , -3.26693e-05 , -28.0 , 15.0 , 0.0 , -22.563257637437804 , 33.289064955059644 , -10.885878460351972 , -0.00121181 , -0.000108172 , 0.00476119632599 , 1572879504.095377
0.685086495317 , 0.711135343159 , 0.0130865997131 , 6.31772e-05 , -1.90885e-05 , -24.0 , 23.0 , 0.0 , -20.01277457158627 , 33.515591097936976 , -11.501927242224461 , 2.51897e-05 , -0.000287534 , 0.00770716662722 , 1572879504.2387307
0.690461037716 , 0.703522160418 , 0.0092635481115 , 0.000101489 , -2.27569e-05 , -16.0 , 19.0 , 0.0 , -19.210556593410058 , 33.62846315218539 , -12.04351794161218 , 0.00148055 , -0.000368154 , 0.00414129166699 , 1572879504.3821294
0.69578521385 , 0.698179278068 , -0.000588161784857 , 6.45452e-05 , -8.30748e-06 , -4.0 , 19.0 , 0.0 , -19.47308162765081 , 33.70784514836168 , -12.554016522044826 , -0.000853495 , 0.00047284 , 0.00250530267248 , 1572879504.52555
0.701493233661 , 0.694879273454 , -0.0179389344381 , 8.36683e-05 , -1.5619e-05 , 0.0 , 19.0 , 0.0 , -20.84326251575946 , 33.786683050780596 , -13.050134630174572 , 5.7283e-05 , 2.80079e-05 , 0.00547165154436 , 1572879504.672929
0.707095258979 , 0.691509533174 , -0.0351426666452 , 0.000107301 , -2.31741e-05 , 0.0 , 19.0 , 0.0 , -23.337389287602527 , 33.61985749748483 , -13.537248112061084 , 0.00175331 , -0.000462459 , 0.00461283931357 , 1572879504.8243656
0.712733242076 , 0.687984679319 , -0.0526404797447 , 0.000144855 , -4.031e-05 , 0.0 , 19.0 , 0.0 , -25.820318948386994 , 33.468296214518226 , -14.024144451547008 , 0.00194694 , -0.000676985 , 0.00676844077161 , 1572879504.9720225
0.718305748059 , 0.684305919747 , -0.069991252398 , 9.30078e-05 , -1.44996e-05 , 0.0 , 19.0 , 0.0 , -28.29130188280546 , 33.25230422138981 , -14.51191385481381 , 0.000771432 , -0.000302979 , 0.00309523506202 , 1572879505.1193168
0.723771179525 , 0.680618023395 , -0.0873420250512 , 0.000111845 , -2.82242e-05 , 0.0 , 23.0 , 0.0 , -30.723790569028964 , 33.02641852945349 , -15.001605283679337 , 0.000807864 , -0.00031106 , 0.00637297905647 , 1572879505.266842
0.729171803689 , 0.676835857449 , -0.104692797705 , 0.000135233 , -2.35088e-05 , 0.0 , 23.0 , 0.0 , -33.17250382278996 , 32.81595940721039 , -15.490498714700596 , 0.000699756 , -0.000562452 , 0.0061181489356 , 1572879505.4142363
0.733536900452 , 0.665590052652 , -0.101604948334 , 0.000134737 , -1.43187e-05 , -56.0 , 22.0 , 0.0 , -35.610085704008526 , 32.59543273309758 , -15.980455966394564 , 0.00173638 , -0.00015318 , 0.00536309152121 , 1572879505.5577154
0.736724000827 , 0.644371716641 , -0.0711675759677 , 0.000143234 , -2.78232e-05 , -56.0 , 23.0 , 0.0 , -34.45442897816199 , 32.69537296653968 , -16.675803926127834 , 0.00279394 , -0.000356167 , 0.00342714020809 , 1572879505.7010043
0.740762179228 , 0.628202975902 , -0.0526404797447 , 0.000198614 , -1.51183e-05 , -40.0 , 19.0 , 0.0 , -28.488703790123783 , 33.173424030825934 , -17.597125754263775 , 0.00294685 , 0.00044268 , 0.008065597697 , 1572879505.8443968
0.745220118501 , 0.616245963545 , -0.0449943765415 , 0.000117579 , -7.8499e-06 , -28.0 , 19.0 , 0.0 , -24.868727222088065 , 33.48641003935368 , -18.168594333495093 , 0.00100731 , 0.000153793 , 0.00413335204542 , 1572879505.987722
0.750021184911 , 0.606689156503 , -0.0442591743105 , 0.000422398 , -3.8014e-05 , -20.0 , 19.0 , 0.0 , -23.265283353369654 , 33.681841129994496 , -18.580186055860096 , 0.00550377 , -0.00065569 , 0.00603718670338 , 1572879506.1309876
0.754997653936 , 0.598750398749 , -0.0482292663583 , 8.47343e-05 , -1.56579e-05 , -16.0 , 19.0 , 0.0 , -22.861373269290816 , 33.732349873638775 , -18.901212264641465 , -0.000639624 , -0.000279243 , 0.00506955109974 , 1572879506.274338
0.759974891628 , 0.591461671339 , -0.0539638437606 , 0.000137094 , -5.28962e-06 , -20.0 , 23.0 , 0.0 , -23.274368099058307 , 33.692795527061485 , -19.16898323058214 , 0.00183428 , 0.000356817 , 0.00632055901404 , 1572879506.4177034
0.765077810485 , 0.58455514677 , -0.0614629065175 , 0.000165983 , -1.17107e-05 , -8.0 , 23.0 , 0.0 , -24.018011032445568 , 33.634826700811416 , -19.407833898690473 , 0.00204567 , 0.0002572 , 0.00572372877144 , 1572879506.5610797
0.770208229615 , 0.57732575576 , -0.068667888382 , 0.000197644 , 6.86362e-06 , -12.0 , 19.0 , 0.0 , -25.00677824016365 , 33.481101297923246 , -19.625946001290096 , 0.00375325 , 0.000430504 , 0.00497661622862 , 1572879506.7057838
0.7753829793 , 0.570052947751 , -0.0763139915852 , 0.000122717 , -2.39732e-05 , -16.0 , 23.0 , 0.0 , -25.89146605913629 , 33.27068824706014 , -19.83809279708351 , 0.0010162 , -0.000592987 , 0.00401776269571 , 1572879506.856338
0.780954079654 , 0.565480120836 , -0.0923414002225 , 0.000144184 , -3.72824e-05 , 0.0 , 19.0 , 0.0 , -26.805215205416456 , 32.99868057380086 , -20.039619214538288 , 0.000569448 , -0.000485755 , 0.00434436339464 , 1572879507.0034614
0.786432094597 , 0.561662078509 , -0.109692172876 , 4.2205e-05 , -1.54631e-05 , 0.0 , 19.0 , 0.0 , -29.101213211431936 , 32.52417334718435 , -20.177073074836493 , -0.00193374 , -9.77986e-05 , 0.00638982230597 , 1572879507.1500351
0.791335365875 , 0.55800222669 , -0.125572541067 , 0.000122252 , -2.94395e-05 , 0.0 , 23.0 , 0.0 , -31.733150195234096 , 32.09907960236128 , -20.268108153236604 , 0.000406126 , -0.000370651 , 0.00431968623793 , 1572879507.2942588
0.811384124777 , 0.560342914003 , -0.100134543872 , 1.00499e-05 , 8.38412e-06 , 0.0 , 19.0 , -84.0 , -34.34188059106623 , 31.929914283450543 , -20.37149300763557 , -0.00204842 , 0.000401134 , 0.0067282106923 , 1572879507.445491
0.839319747484 , 0.566352803793 , -0.0517582370674 , 0.000140465 , -1.84004e-05 , 0.0 , 19.0 , -68.0 , -36.376840417692044 , 31.022694621929066 , -12.813928904103676 , 0.000648507 , -0.000177597 , 0.00357377266008 , 1572879507.592837
0.856579633078 , 0.551582990581 , 0.0133806806055 , 8.70891e-05 , -2.85662e-05 , -63.0 , 18.0 , -34.0 , -38.2072644942672 , 29.89544538345205 , -1.079021262684219 , -0.000288294 , -0.00066775 , 0.00529668487575 , 1572879507.740589
0.86644714665 , 0.533861253664 , 0.0557283291152 , 0.000181862 , 1.31344e-07 , -48.0 , 19.0 , -3.0 , -32.42403951928039 , 29.400283071564147 , 5.451502112456089 , 0.00152053 , -0.000194837 , 0.00793737881048 , 1572879507.8798976
0.873281692171 , 0.520811587074 , 0.07690215337 , 0.000124539 , -2.93413e-05 , -29.0 , 16.0 , -5.0 , -27.093812426171567 , 29.077038169863883 , 8.127934772092434 , 0.00104847 , -0.000953624 , 0.00617079266085 , 1572879508.023479
0.878964879978 , 0.510041300159 , 0.0846952970194 , 0.000132074 , -3.62811e-05 , -24.0 , 22.0 , 0.0 , -24.54526744408355 , 29.0349299591144 , 9.463205426276353 , 0.0007285 , -0.000518302 , 0.00592795978695 , 1572879508.1748338
0.884547486465 , 0.501486958031 , 0.0863127419277 , 0.000130463 , -3.21499e-05 , -20.0 , 15.0 , 0.0 , -23.54517831351275 , 28.845513581108893 , 10.06649443449363 , 0.00118337 , -0.00154051 , 0.00316689704863 , 1572879508.322435
0.889673995162 , 0.494443309095 , 0.0854304992505 , 0.000108892 , -3.64395e-05 , -12.0 , 19.0 , 0.0 , -23.63731391057372 , 28.644518583203347 , 10.653088791132005 , -0.00149244 , 1.46892e-05 , 0.00578414682724 , 1572879508.46581
0.894635882094 , 0.488110612974 , 0.083077852111 , 0.000133894 , -5.13026e-05 , -20.0 , 15.0 , 0.0 , -24.374573362781657 , 28.63976481584672 , 11.235030867966463 , 0.000556279 , -0.00157418 , 0.00544522356756 , 1572879508.6092036
0.899472501515 , 0.481925277846 , 0.0807252049716 , 0.000112197 , -2.17567e-05 , -16.0 , 15.0 , 0.0 , -25.439848918821664 , 28.685611675216066 , 11.827603184023515 , -0.00103853 , -0.000178115 , 0.00429968937605 , 1572879508.7523053
0.904418053391 , 0.475402224543 , 0.0788136791708 , 0.000129695 , -1.45515e-05 , -8.0 , 23.0 , 0.0 , -26.56452144452301 , 28.770184200113423 , 12.440846804213905 , -0.00021941 , -0.000734228 , 0.00449198695498 , 1572879508.89555
0.909456404185 , 0.468765945383 , 0.0767551129238 , 0.000210745 , -1.63429e-05 , -8.0 , 15.0 , 0.0 , -27.567211799838898 , 28.778143108058757 , 13.088757442335899 , 0.00351637 , -0.000736573 , 0.00530245903239 , 1572879509.0389833
0.91464938896 , 0.461824030269 , 0.074843587123 , 0.000190523 , 3.80058e-06 , -16.0 , 11.0 , 0.0 , -28.554653132920524 , 28.713841035277255 , 13.76700151516212 , 0.00282157 , 0.00067411 , 0.00536094479783 , 1572879509.191469
0.919925395744 , 0.454235051681 , 0.0744024657844 , 0.000168891 , 3.83806e-06 , -16.0 , 19.0 , 0.0 , -29.44751619413068 , 28.547144390932516 , 14.47974041146846 , 0.00227896 , -0.000640721 , 0.00270460033394 , 1572879509.3416514
0.925164335747 , 0.446445126746 , 0.0746965466768 , 0.000142069 , -1.56988e-05 , -16.0 , 19.0 , 0.0 , -30.05678696600418 , 28.323241218261106 , 15.232878784648321 , 0.000297789 , -0.000224382 , 0.00399186177348 , 1572879509.4898853
0.930594113138 , 0.438082520926 , 0.0758728702465 , 0.000166534 , -3.3824e-05 , -19.0 , 19.0 , 0.0 , -30.568633325474735 , 28.1015267688169 , 16.019796641139784 , 0.00126306 , -0.000716468 , 0.00545770625071 , 1572879509.6411877
0.935991826663 , 0.42963906821 , 0.0774903151549 , 0.000132744 , -2.32225e-05 , -16.0 , 15.0 , 0.0 , -30.85553473063402 , 27.768660970037807 , 16.852992035384965 , 0.000641426 , -0.000981284 , 0.00305789693493 , 1572879509.7885766
0.94091492308 , 0.421866989536 , 0.0792548005095 , 0.000154784 , -3.73624e-05 , -24.0 , 11.0 , 0.0 , -31.10042333488992 , 27.43744668798016 , 17.722558683370366 , 0.00118949 , -0.0009045 , 0.00538270273789 , 1572879509.931908
0.945858784911 , 0.413403528905 , 0.083077852111 , 0.000166459 , -2.11182e-05 , -24.0 , 15.0 , 0.0 , -31.560221149786614 , 27.331573843482474 , 18.60837162822496 , 0.00098669 , -0.000464382 , 0.00567267568216 , 1572879510.0752614
0.950844240116 , 0.404847665403 , 0.087194984605 , 0.000160892 , -2.74835e-05 , -20.0 , 11.0 , 0.0 , -31.68523849046643 , 27.212962522755298 , 19.54564190812905 , 0.00254767 , -0.00115523 , 0.00544127447427 , 1572879510.2185142
0.95562628326 , 0.396263498709 , 0.0920473193301 , 0.000137396 , -2.93969e-05 , -24.0 , 19.0 , 0.0 , -31.77254539602188 , 27.064251584175953 , 20.528658418337663 , 0.0010237 , -0.000889223 , 0.00409952898784 , 1572879510.3618824
0.960688278431 , 0.387752695647 , 0.0961644518241 , 0.000153509 , -4.36153e-06 , -20.0 , 19.0 , 0.0 , -31.815560934025708 , 26.989626790775407 , 21.526690034757593 , -0.000444119 , -6.80053e-05 , 0.0056153035267 , 1572879510.505228
0.96573978726 , 0.379230350779 , 0.100575665211 , 9.37443e-05 , -2.16424e-05 , -24.0 , 19.0 , 0.0 , -31.935268185151507 , 26.782862579514813 , 22.600160163217797 , 0.000657436 , -0.000636905 , 0.00536357459025 , 1572879510.648625
0.970794721328 , 0.370586530921 , 0.105575040382 , 0.000151142 , -1.70691e-05 , -20.0 , 19.0 , 0.0 , -32.042083243833765 , 26.572529834632324 , 23.717663680433066 , 0.00182766 , 0.00022556 , 0.0045743889936 , 1572879510.7919962
0.975932093668 , 0.362056536122 , 0.110133294214 , 0.00016166 , -4.13646e-05 , -24.0 , 11.0 , 0.0 , -32.08291897716602 , 26.35485572512796 , 24.88324333207359 , 0.00259606 , -0.0015672 , 0.00441728362736 , 1572879510.935267
0.977493958438 , 0.351014164995 , 0.104839838151 , 0.00012454 , -1.02715e-05 , -27.0 , 18.0 , 38.0 , -32.19461414720089 , 26.08303353129162 , 26.093794933383663 , 0.00146876 , -0.000315584 , 0.00239195229765 , 1572879511.08256
0.967936577562 , 0.331327351217 , 0.0613158660713 , 0.000396973 , -4.80094e-05 , -19.0 , 18.0 , 53.0 , -32.11005447738538 , 25.778091474643993 , 25.35375046383518 , 0.00386478 , -0.000675233 , 0.00680474969926 , 1572879511.2342672
0.961779974574 , 0.315526732979 , 0.0314666554898 , 9.29068e-05 , -1.09932e-05 , -19.0 , 19.0 , 34.0 , -31.593349981497457 , 24.827082596606832 , 17.891211804632697 , -0.000717062 , -0.000245505 , 0.00333111089645 , 1572879511.3860056
0.95985747693 , 0.302776227562 , 0.0167626108684 , 0.000223058 , -4.72834e-05 , -23.0 , 15.0 , 22.0 , -31.493641960182895 , 24.360620615398656 , 12.84222543549118 , 0.00106822 , -0.00100919 , 0.00422693603596 , 1572879511.5374136
0.960325721989 , 0.292166265402 , 0.010292831235 , 0.000137476 , -1.93572e-05 , -19.0 , 15.0 , 11.0 , -31.45555615472899 , 24.104632857341798 , 10.392275009259103 , 0.000576438 , 3.486e-05 , 0.00337997941796 , 1572879511.6889472
0.962938459894 , 0.28280559947 , 0.0111750739123 , 0.000134239 , -4.82249e-06 , -19.0 , 15.0 , 0.0 , -31.607217998359467 , 24.00432957342496 , 9.470385090118993 , -0.00026249 , -0.000101712 , 0.0044942450876 , 1572879511.8404872
0.966564019619 , 0.274492227684 , 0.0170566917608 , 0.000137818 , -1.54543e-05 , -16.0 , 19.0 , 0.0 , -31.717978037842993 , 23.93217880937248 , 9.8133670363851 , 0.000392837 , 0.000273508 , 0.00468922525664 , 1572879511.987956
0.97018764747 , 0.266339166506 , 0.0227912691632 , 0.000152137 , -1.02697e-05 , -20.0 , 19.0 , 0.0 , -31.86550810528018 , 24.025498492858503 , 10.934718371870288 , 0.00236331 , -9.54633e-05 , 0.00487024550442 , 1572879512.1313505
0.973812776322 , 0.258066264338 , 0.0291140083504 , 9.35901e-05 , -6.38189e-05 , -16.0 , 7.0 , 0.0 , -32.078407070992974 , 24.11139686729319 , 12.102181390894055 , -0.00075589 , -0.00130803 , 0.00443492316454 , 1572879512.2747905
0.9774458371 , 0.249675410284 , 0.0360249093225 , 0.000129895 , -2.00085e-05 , -20.0 , 7.0 , 0.0 , -32.22272021639464 , 24.188600749518535 , 13.316467176969443 , 0.00104479 , -0.000177795 , 0.00191652374236 , 1572879512.4180262
0.981237540145 , 0.241201671597 , 0.0427887698483 , 0.00010434 , -1.3503e-05 , -20.0 , 3.0 , 0.0 , -32.29873285946297 , 24.255436943568505 , 14.579534244040271 , -0.00076297 , 0.000293554 , 0.00266818027716 , 1572879512.5614414
0.98487396954 , 0.233192087335 , 0.0492585494818 , 0.000181232 , -4.52517e-05 , -20.0 , 15.0 , 0.0 , -32.361754975175984 , 24.23127830577488 , 15.893927091811031 , 0.0014212 , -0.000767479 , 0.00532731591789 , 1572879512.7046459
0.988769222026 , 0.224936689992 , 0.055581288669 , 0.000175916 , -7.01524e-05 , -24.0 , 15.0 , 0.0 , -32.59449041127907 , 24.280635360234186 , 17.25116052014222 , -0.000595431 , -0.00110286 , 0.00760581630339 , 1572879512.8481898
0.992744529266 , 0.216203984402 , 0.0632273918721 , 0.000131913 , -4.2657e-05 , -24.0 , 19.0 , 0.0 , -32.7617392978052 , 24.185060835083753 , 18.661160454717848 , 0.000565987 , -0.000767511 , 0.00524803068349 , 1572879512.9915495
0.996933134464 , 0.207483220043 , 0.0698442119518 , 0.000117163 , -3.373e-05 , -20.0 , 7.0 , 0.0 , -32.70056828380715 , 24.045728649754132 , 20.126604863043642 , -1.86607e-05 , -0.000560717 , 0.00371006395306 , 1572879513.1343307
1.00112523067 , 0.198870593366 , 0.07690215337 , 0.00018417 , -3.02464e-05 , -24.0 , 15.0 , 0.0 , -32.708677681124215 , 23.761301008934915 , 21.619675471655697 , 0.000694768 , 0.000155828 , 0.00491284177237 , 1572879513.27852
1.00535766546 , 0.189921934449 , 0.085136418358 , 0.000209863 , -2.59262e-05 , -23.0 , 19.0 , 0.0 , -32.727440941764726 , 23.49366698572082 , 23.186641897351112 , 0.0029559 , -0.000468185 , 0.00531900572479 , 1572879513.4297855
1.00937910749 , 0.18092806811 , 0.091312117099 , 0.000198949 , -3.73711e-05 , -20.0 , 11.0 , 0.0 , -32.570691474946535 , 23.20625819505192 , 24.811298553349452 , 0.00142173 , -2.35785e-05 , 0.00590909244725 , 1572879513.5810256
1.00010397618 , 0.161759145727 , 0.0548460864379 , 0.000103799 , -4.43205e-05 , -23.0 , 15.0 , 56.0 , -32.52632523536805 , 22.81882090146761 , 26.274867606465985 , 0.000354859 , -0.000122686 , 0.00365375325009 , 1572879513.7327223
0.992014526518 , 0.144918888009 , 0.024702794964 , 0.000120287 , -1.25908e-05 , -15.0 , 7.0 , 42.0 , -31.824016255831754 , 21.871766872203168 , 19.903338756683237 , 0.000183452 , 0.00069641 , 0.00297535168657 , 1572879513.8842454
0.988300984292 , 0.132614640209 , 0.00852834588042 , 0.000123412 , -6.90067e-06 , -15.0 , 15.0 , 22.0 , -31.482186921753932 , 21.32402314905687 , 14.640155769139895 , 0.000928979 , 0.00056885 , 0.00453062175682 , 1572879514.0269077
0.987227834738 , 0.122268168499 , 0.00132336401593 , 0.000105627 , -3.42229e-05 , -19.0 , 15.0 , 15.0 , -31.740709750735256 , 21.10972300452064 , 12.178341125938907 , -0.00108911 , -0.000466228 , 0.00529867932146 , 1572879514.1749928
0.988692014592 , 0.112827160419 , 0.00367601115536 , 0.000114931 , -1.33123e-05 , -16.0 , 3.0 , 3.0 , -32.080944344440894 , 20.994421047677026 , 11.326630010858985 , -0.000292309 , -8.01541e-05 , 0.00477930084151 , 1572879514.3263319
0.991141460829 , 0.104678305576 , 0.0141158828366 , 0.000135205 , -2.72918e-05 , -20.0 , 7.0 , 0.0 , -32.132038093827845 , 20.874451661666317 , 11.924549526870255 , 0.000303511 , -0.000486743 , 0.00414364594743 , 1572879514.4744225
0.991430432685 , 0.0979207915832 , 0.0310255341512 , 9.55389e-05 , -1.8792e-06 , -16.0 , 0.0 , 0.0 , -32.105686685071994 , 21.150114198968836 , 13.516710769784755 , -0.000993716 , 0.00109133 , 0.00325466176738 , 1572879514.6216693
0.991638426895 , 0.0912189740604 , 0.0486703876969 , 0.000142966 , -4.96838e-05 , -20.0 , 0.0 , 0.0 , -32.130963881825835 , 22.60638085414145 , 15.153751547026282 , 0.000241674 , -0.000814621 , 0.0055859163012 , 1572879514.7729652
0.991978227192 , 0.084242823604 , 0.0670504434737 , 0.00014931 , -3.05888e-05 , -24.0 , 0.0 , 0.0 , -32.1292217920584 , 24.110454220566535 , 16.849358945435807 , 0.00157017 , -0.00107462 , 0.00434636725855 , 1572879514.92053
0.992442441247 , 0.0773298464907 , 0.0852834588042 , 0.000135619 , -2.21735e-05 , -20.0 , 0.0 , 0.0 , -31.995088931043657 , 25.550995488850056 , 18.609500289681343 , -0.000289285 , -4.53366e-05 , 0.00449343087995 , 1572879515.0680027
0.993042134517 , 0.0703151373947 , 0.103810555027 , 0.000164678 , -4.35568e-05 , -24.0 , 0.0 , 0.0 , -31.889034128541265 , 26.930247917529886 , 20.43233000825456 , 0.000284569 , -0.000751802 , 0.00415690492994 , 1572879515.2154613
0.993777469662 , 0.0632571675489 , 0.122043570358 , 0.000150812 , -6.41473e-06 , -24.0 , 0.0 , 0.0 , -31.731568155284837 , 28.245443706789516 , 22.321162243070656 , 0.000651133 , 0.000289144 , 0.00450287876608 , 1572879515.3666728
0.994583957224 , 0.0570792948128 , 0.138218019441 , 0.000116324 , -3.07892e-05 , -20.0 , 3.0 , 0.0 , -31.57655476214585 , 29.47012499494269 , 24.24960451153394 , 0.000433222 , -0.000424 , 0.00231779274218 , 1572879515.5144181
1.00771390387 , 0.0452254913654 , 0.122043570358 , 7.85334e-05 , 1.89445e-06 , -28.0 , 61.0 , 0.0 , -31.824302550089286 , 30.662167308142564 , 26.23994760299604 , -0.00194412 , 0.000265881 , 0.00363591719391 , 1572879515.66179
1.02344807861 , 0.0318151978542 , 0.0961644518241 , 0.000178068 , -2.2262e-05 , -20.0 , 49.0 , 0.0 , -32.21956910856212 , 25.568553822471277 , 28.79419003042163 , 0.00192776 , -0.000212082 , 0.00384008930745 , 1572879515.808902
1.02105292992 , 0.00977581624729 , 0.0379364351233 , 0.000123456 , -3.6478e-05 , -19.0 , 34.0 , 60.0 , -32.70379654567566 , 18.893518816086694 , 31.258032287170078 , 0.000146595 , -0.000375444 , 0.00460260140546 , 1572879515.9608824
1.01506448788 , -0.00851221201693 , -0.00455825383264 , 0.000105871 , -4.31046e-05 , -19.0 , 22.0 , 41.0 , -32.39488577235655 , 13.857292647764396 , 25.420652261986525 , -0.000789095 , -0.000887824 , 0.00523900018886 , 1572879516.1125176
1.01031026652 , -0.0217610790552 , -0.0245557545178 , 0.000154994 , -3.33171e-05 , -19.0 , 7.0 , 26.0 , -32.32537611580892 , 11.331042885263534 , 20.167298993106503 , 5.75415e-05 , -0.000390179 , 0.00342568929478 , 1572879516.2638698
1.00570409141 , -0.0319321166537 , -0.0283788061193 , 0.000137415 , -1.12185e-05 , -23.0 , 0.0 , 19.0 , -32.49580068939432 , 10.597896869684542 , 17.442590347055237 , 0.000124624 , -0.000410766 , 0.00440798049781 , 1572879516.4154916
1.00217235513 , -0.0403842384478 , -0.0208797433624 , 0.00015956 , -2.60643e-05 , -20.0 , 0.0 , 3.0 , -32.66392254805686 , 11.262599020078584 , 16.252368436826618 , 0.00104681 , -0.000434573 , 0.00398657842166 , 1572879516.5628273
0.999048002757 , -0.0486182947014 , -0.0124984379282 , 0.000234673 , -2.14489e-05 , -20.0 , 0.0 , 11.0 , -32.69033236654158 , 12.559909757934504 , 16.342072230661294 , 0.00391891 , -2.42214e-05 , 0.00511804547697 , 1572879516.7062216
0.997895526717 , -0.0556447362874 , 0.00117632356971 , 0.000141181 , -3.18906e-05 , -24.0 , 0.0 , 0.0 , -32.728369366617855 , 13.803331408286457 , 16.65736343632159 , 0.000941996 , -0.00142307 , 0.0037885593696 , 1572879516.8496926
0.997903479745 , -0.0624056513266 , 0.0189682175616 , 0.000121089 , -1.93423e-05 , -24.0 , 0.0 , 0.0 , -32.82591499202462 , 14.985747326796067 , 18.053595855535328 , -0.000582684 , 5.59832e-06 , 0.00335378020418 , 1572879516.997142
0.998038073406 , -0.0695005467217 , 0.0376423542308 , 0.000163464 , -2.34022e-05 , -28.0 , 0.0 , 0.0 , -32.75391989635216 , 16.10964836833679 , 20.08580109671254 , 0.00114226 , -0.000277554 , 0.00590597483288 , 1572879517.147954
0.998307229731 , -0.0766475275885 , 0.0564635313463 , 0.00012234 , -3.41433e-05 , -24.0 , 0.0 , 0.0 , -32.516882005636 , 17.168843647237104 , 22.17774044821656 , -0.00116059 , -0.000627855 , 0.0027197175585 , 1572879517.2961962
0.998713998279 , -0.0838439634156 , 0.0754317489079 , 0.000162623 , -1.45999e-05 , -24.0 , 0.0 , 0.0 , -32.24868038448177 , 18.16144049138371 , 24.331793027824578 , 0.000717788 , -0.000147048 , 0.00460913939995 , 1572879517.4435997
0.999206831751 , -0.0910071778581 , 0.0941058855771 , 0.000146954 , -2.47653e-05 , -24.0 , 0.0 , 0.0 , -31.949837849593973 , 19.086910305923933 , 26.549010247093754 , 0.000765369 , -0.000291566 , 0.00323996841128 , 1572879517.5909042
0.999868387637 , -0.0980163232788 , 0.1126329818 , 0.000147325 , -3.17665e-05 , -20.0 , 0.0 , 0.0 , -31.673035722265112 , 19.94583909814215 , 28.801451848667178 , 0.000144408 , -0.000153578 , 0.00453839862975 , 1572879517.7382495
1.00067224189 , -0.105123052412 , 0.131013037577 , 0.000154051 , -3.59165e-05 , -20.0 , 0.0 , 0.0 , -31.44753489039169 , 20.743466931583367 , 31.139817180684684 , 0.00136138 , -0.00068902 , 0.00440118018237 , 1572879517.8898048
0.990658286397 , -0.120616696224 , 0.113515224477 , 0.000132851 , -4.02193e-05 , -24.0 , 0.0 , 61.0 , -31.192919195605878 , 21.446928696825367 , 33.51655519420066 , -0.000253255 , -0.00109036 , 0.00418006863396 , 1572879518.0375123
0.978125207608 , -0.135851793401 , 0.0849893779118 , 0.000192695 , -2.91232e-05 , -16.0 , 0.0 , 50.0 , -30.431261158049956 , 21.597193668075292 , 29.42988785458113 , 0.00266576 , -0.000236762 , 0.00514794195134 , 1572879518.1806538
0.969396071568 , -0.146829663166 , 0.0657270794578 , 0.000119202 , -2.17019e-05 , -12.0 , 0.0 , 30.0 , -30.41129522570029 , 21.785375713660404 , 24.046106261706377 , -0.000393557 , -0.000740193 , 0.00109178958179 , 1572879518.3240035
0.977940371689 , -0.165389990573 , 0.0186741366692 , 0.000221664 , -4.0384e-05 , -19.0 , 60.0 , 18.0 , -31.17831850009734 , 22.131963911041314 , 20.971654722448623 , 0.00172708 , -0.000335291 , 0.00343897385792 , 1572879518.4716077
0.986104675008 , -0.182729552058 , -0.0177918939919 , 0.000155832 , 3.06994e-06 , -19.0 , 38.0 , 15.0 , -31.204328537235007 , 14.79847215668218 , 19.794028901673293 , 0.00148629 , 0.000786764 , 0.00448879724316 , 1572879518.623144
0.989756524707 , -0.195089059415 , -0.0330841003982 , 0.000154451 , -3.4579e-05 , -19.0 , 19.0 , 15.0 , -30.970138036949376 , 8.37335025974628 , 19.36868639881267 , -0.000240906 , -0.000122991 , 0.00267613452424 , 1572879518.7663765
0.98973804516 , -0.20442474362 , -0.0354367475376 , 9.20921e-05 , -1.97172e-07 , -19.0 , 3.0 , 19.0 , -31.031773058184076 , 5.2342844598088165 , 19.794820745996393 , -0.000920024 , 0.000352926 , 0.00387654182825 , 1572879518.9138875
0.987133721231 , -0.212327613559 , -0.0285258465656 , 0.00013618 , -2.53758e-05 , -20.0 , 0.0 , 7.0 , -31.264237961409357 , 4.3397121119216004 , 20.495001616495284 , 0.000136903 , -0.000860465 , 0.00236771977735 , 1572879519.0614614
0.986615844053 , -0.218601374135 , -0.0135277210517 , 0.000192701 , -4.51156e-05 , -20.0 , 0.0 , 0.0 , -31.383113741720194 , 4.915068490988788 , 21.2924116357914 , 0.00180974 , -0.000475323 , 0.00471905508385 , 1572879519.2127478
0.986528166223 , -0.225082323954 , 0.00352897070914 , 0.000133436 , -3.00563e-05 , -24.0 , 0.0 , 0.0 , -31.521720561508324 , 5.632397922692423 , 23.434898450287637 , 0.000227603 , -0.000645853 , 0.00287277945971 , 1572879519.3603826
0.986551828079 , -0.231787326551 , 0.0211738242548 , 0.000121537 , -2.1938e-05 , -24.0 , 0.0 , 0.0 , -31.459848646791215 , 6.291339841002796 , 25.808793376708795 , -0.000281471 , -0.000239572 , 0.00484302548796 , 1572879519.507882
0.986690239881 , -0.238323279381 , 0.0383775564619 , 0.000174857 , -2.75156e-05 , -20.0 , 0.0 , 0.0 , -31.28075531864505 , 6.888116724171129 , 28.23434601999634 , 0.00209408 , -0.000684191 , 0.00325948424897 , 1572879519.655131
0.986889498827 , -0.244773989209 , 0.0551401673303 , 0.00016544 , -2.40175e-05 , -20.0 , 0.0 , 0.0 , -31.17151666247294 , 7.4220424798862465 , 30.712568891346116 , 0.000509226 , -0.000468906 , 0.0038179288336 , 1572879519.7985396
0.98727750527 , -0.251803585693 , 0.0736672635533 , 0.000170761 , -2.65063e-05 , -20.0 , 0.0 , 0.0 , -31.10515499103909 , 7.894580749273304 , 33.215020662397144 , 0.00242164 , -0.000316075 , 0.00493893332508 , 1572879519.9459062
0.982625162417 , -0.262399933263 , 0.0758728702465 , 0.000161515 , -5.29213e-05 , -23.0 , 0.0 , 54.0 , -30.736578577700328 , 8.298113019245712 , 35.80440597641812 , 0.00150166 , -0.00129899 , 0.00361044269837 , 1572879520.0974922
0.966785525203 , -0.280022762827 , 0.0408772440476 , 0.000179739 , -3.62214e-05 , -16.0 , 0.0 , 57.0 , -30.208241161796767 , 8.504711621551248 , 35.469647815034286 , 0.00153247 , -0.0013103 , 0.00309000212489 , 1572879520.2484941
0.954472688221 , -0.293947658483 , 0.0174978130995 , 0.000165039 , -3.87386e-05 , -16.0 , 0.0 , 42.0 , -29.681361856393984 , 8.395406320530089 , 28.70258514902527 , 0.00106679 , -0.000114862 , 0.00279520241271 , 1572879520.3964775
0.946283941551 , -0.304457426249 , 0.00661682007964 , 0.000136224 , -6.39331e-05 , -20.0 , 0.0 , 27.0 , -29.616908355181113 , 8.573266905805944 , 24.218385780188836 , -0.000167992 , -0.00117578 , 0.00808322585733 , 1572879520.5397289
0.940535375116 , -0.313268089097 , 0.00323488981671 , 0.000140078 , -2.03588e-05 , -16.0 , 0.0 , 19.0 , -29.871208259894036 , 8.881947426773989 , 22.18979440359578 , 0.000103065 , 0.000111254 , 0.00184788380837 , 1572879520.68319
0.936351087733 , -0.321188031014 , 0.00485233472507 , 0.000156194 , -3.32576e-05 , -16.0 , 0.0 , 11.0 , -30.20009693960756 , 9.210133675421165 , 21.576890787530072 , 0.000377809 , -0.000959234 , 0.00103883065807 , 1572879520.8264654
0.932953296353 , -0.328999224182 , 0.00970466945014 , 0.000216136 , -6.86091e-05 , -16.0 , 0.0 , 11.0 , -30.497143196110265 , 9.51940882837863 , 21.85812565274717 , 0.00159672 , -0.00108799 , 0.00455432214726 , 1572879520.9698844
0.929829147604 , -0.336181928074 , 0.0139688423904 , 0.000186505 , -4.05119e-05 , -20.0 , 0.0 , 3.0 , -30.619860064415303 , 9.79297933740297 , 22.587663297043424 , 0.00217673 , -0.000920427 , 0.00399222227038 , 1572879521.113182
0.926777406071 , -0.342902318306 , 0.0172037322071 , 0.000145823 , -3.61813e-05 , -16.0 , 0.0 , 11.0 , -30.964609711626824 , 10.023697381525869 , 23.47537208999421 , 0.00051813 , -0.000706995 , 0.0030209857808 , 1572879521.259926
0.923510795241 , -0.349943976656 , 0.0201445411313 , 0.000149444 , -1.27495e-05 , -20.0 , 0.0 , 15.0 , -31.504886425714506 , 10.213884738657605 , 24.412388970293865 , 0.00022195 , 0.000630023 , 0.00233460056177 , 1572879521.4081106
0.920176605795 , -0.359819268829 , 0.0298492105815 , 0.000184724 , -4.23308e-05 , -24.0 , 0.0 , 11.0 , -31.94651666784272 , 10.362464335929008 , 25.23901009091768 , 0.00228814 , -0.00110885 , 0.00374410014184 , 1572879521.5557337
0.916821661373 , -0.369059135266 , 0.0373482733384 , 0.000103288 , -2.84651e-05 , -20.0 , 0.0 , 15.0 , -31.0626471260361 , 10.455815234077972 , 26.022572220993222 , -0.000810045 , -0.000533456 , 0.00235197426322 , 1572879521.6988409
0.913093597003 , -0.37814473478 , 0.0423476485097 , 0.000147706 , -5.6959e-05 , -20.0 , 0.0 , 15.0 , -30.499692427455525 , 10.490668579534857 , 26.785368890161635 , -0.000193377 , -0.00147755 , 0.00732600339811 , 1572879521.8423085
0.909443971819 , -0.386883945807 , 0.0466118214499 , 0.00016224 , -3.20668e-05 , -20.0 , 0.0 , 15.0 , -30.12199747748149 , 10.46978167671767 , 27.3356306518087 , 0.00134695 , -0.000646065 , 0.00210233804711 , 1572879521.985719
0.905784610033 , -0.395668802013 , 0.0507289539439 , 0.000173255 , -3.51416e-05 , -20.0 , 0.0 , 19.0 , -29.88372070709773 , 10.40595741039126 , 27.934855337613513 , 0.00125192 , -0.00068361 , 0.00245562773958 , 1572879522.1289024
0.902150114442 , -0.404245435841 , 0.054257924653 , 0.000128557 , -2.66173e-05 , -20.0 , 0.0 , 15.0 , -29.624222422533098 , 10.296673669595739 , 28.53163945991821 , 0.000420034 , -0.000662155 , 0.00578758644113 , 1572879522.272242
0.898209195249 , -0.412881108414 , 0.0563164909 , 0.000135613 , -2.60769e-05 , -24.0 , 0.0 , 23.0 , -29.450711122193816 , 10.146114334675243 , 29.148972065419834 , 6.17412e-06 , -0.000839589 , 0.00354144750619 , 1572879522.4167707
0.893965169803 , -0.42185076846 , 0.0571987335773 , 0.000159813 , -5.18752e-05 , -20.0 , 0.0 , 19.0 , -29.33119500390408 , 9.949711335573195 , 29.599358279269055 , 0.000622403 , -0.00116218 , 0.00310338540314 , 1572879522.5671659
0.88966637491 , -0.430575907623 , 0.057639854916 , 0.000803569 , -0.00105248 , -16.0 , 0.0 , 15.0 , -29.160094109163694 , 9.680579717505495 , 29.85746014532646 , 0.00410618 , -0.00527702 , 0.00773882622736 , 1572879522.718682
0.885089700128 , -0.436940545588 , 0.0511700752825 , 0.000107524 , 0.000105628 , -12.0 , 0.0 , 15.0 , -29.076815423270528 , 9.40680500687371 , 30.127991741430137 , -0.00180773 , 0.00316355 , 0.00505078916997 , 1572879522.8663425
0.88038203965 , -0.447196446947 , 0.0536697628682 , 0.000147448 , -1.81032e-05 , -23.0 , 0.0 , 19.0 , -30.14590934841711 , 9.135384215195586 , 30.294651411567425 , 0.000580614 , -0.000305264 , 0.00242743251628 , 1572879523.0178885
0.875692175196 , -0.458219911103 , 0.0579339358084 , 0.000168367 , -2.92668e-05 , -20.0 , 0.0 , 19.0 , -29.416680180613238 , 8.791264333456265 , 30.363077029904826 , 0.00114078 , -0.000505212 , 0.00393992170467 , 1572879523.1652415
0.871258327294 , -0.467851921733 , 0.0598454616092 , 0.000303902 , -5.9276e-05 , -20.0 , 0.0 , 19.0 , -28.318913274967727 , 8.394850775419073 , 30.43540087215867 , 0.00475332 , -0.00139368 , 0.00572686809886 , 1572879523.308537
0.866762848486 , -0.476965418597 , 0.0601395425016 , 0.000141438 , -3.72214e-05 , -20.0 , 0.0 , 19.0 , -27.788577529284094 , 7.975112445147008 , 30.67162426599566 , 0.000630356 , -0.000689272 , 0.00292846381859 , 1572879523.455348
0.862143614566 , -0.486395721163 , 0.0601395425016 , 0.000199614 , -4.91559e-05 , -16.0 , 0.0 , 15.0 , -27.503078260025152 , 7.525167443843154 , 30.889427045617275 , 0.00277996 , -0.000730807 , 0.00436148586573 , 1572879523.6036398
0.857407626864 , -0.495497194328 , 0.0592572998243 , 0.000156532 , -3.1955e-05 , -11.0 , 0.0 , 19.0 , -27.116226133019687 , 7.009257206402225 , 31.018485156052737 , -0.000108735 , -0.000372797 , 0.000431827128674 , 1572879523.7548864
0.864670340565 , -0.510878867164 , 0.0220560669321 , 0.000121499 , -2.76934e-05 , -15.0 , 56.0 , 22.0 , -26.868843060690885 , 6.4926652068805435 , 31.12762294051552 , -0.000914738 , 6.47503e-05 , 0.00295274916605 , 1572879523.9064188
0.870995734946 , -0.525549906453 , -0.014409963729 , 0.000151509 , -2.98769e-05 , -11.0 , 37.0 , 19.0 , -26.80012486359561 , -0.5594111836046045 , 31.361314615452738 , 0.000995067 , -8.25967e-05 , 0.00155589274918 , 1572879524.0499027
0.870945164321 , -0.535775432019 , -0.0320548172747 , 0.000105646 , -1.47368e-05 , -15.0 , 11.0 , 19.0 , -26.89406911777292 , -7.227314091963696 , 31.50688787847825 , -0.000880401 , 0.00011473 , 0.0027542543758 , 1572879524.1931431
0.866969484804 , -0.543502473056 , -0.0416124462786 , 0.000150963 , -2.32474e-05 , -11.0 , 5.0 , 22.0 , -27.245449788617112 , -10.323519759489464 , 31.753051362246165 , -0.000463082 , -3.81865e-05 , 0.00201665983932 , 1572879524.332725
0.861351396062 , -0.550482723391 , -0.0482292663583 , 0.00012828 , -2.15095e-05 , -7.0 , 0.0 , 19.0 , -27.88343173644244 , -11.482657259988484 , 31.81606676432774 , 0.00016571 , -0.000447932 , 0.00257300470361 , 1572879524.4843192
0.855220956314 , -0.56006031099 , -0.048082225912 , 0.000172107 , -3.54674e-05 , -20.0 , 0.0 , 19.0 , -28.561430991034232 , -11.923981186372746 , 31.734856374828027 , 0.00031679 , -0.000562359 , 0.00268496524407 , 1572879524.635021
0.84905299088 , -0.569441136354 , -0.0486703876969 , 0.000145169 , -2.07094e-05 , -16.0 , 0.0 , 23.0 , -27.983514718802102 , -12.259981145996068 , 31.519618586007564 , 0.00059015 , 6.41966e-05 , 0.00308939984056 , 1572879524.7828841
0.843155150041 , -0.578132488317 , -0.0499937517128 , 0.000167891 , -3.99596e-05 , -12.0 , 0.0 , 15.0 , -27.49235935767433 , -12.630338705175939 , 31.292106688906262 , 0.00049662 , -0.000222255 , 0.00282486218962 , 1572879524.934553
0.837060873193 , -0.586638938352 , -0.0526404797447 , 0.000143951 , -1.86991e-05 , -20.0 , 0.0 , 19.0 , -27.24455381726076 , -13.041390483992403 , 31.215246213213998 , -0.000334636 , 0.000141743 , 0.00108080140056 , 1572879525.082086
0.831409875059 , -0.594566264643 , -0.0548460864379 , 0.000167899 , -3.92397e-05 , -12.0 , 0.0 , 19.0 , -27.114815506195143 , -13.480341364207836 , 31.044245354173512 , 0.000188075 , -0.000892998 , 0.00199953914021 , 1572879525.2253418
0.825806569399 , -0.602176907993 , -0.057639854916 , 0.000113307 , -4.75578e-05 , -16.0 , 0.0 , 23.0 , -27.121673244450673 , -13.954021005293022 , 31.124604876688974 , 0.000187871 , -0.000964059 , 0.00168728321029 , 1572879525.3688097
0.820185242124 , -0.609716084748 , -0.0601395425016 , 0.000112923 , -7.68559e-05 , -12.0 , 0.0 , 19.0 , -27.24359973971827 , -14.457335345740633 , 31.242953760425518 , -0.00110425 , -0.00139575 , 0.00648368892334 , 1572879525.5113225
0.814595068 , -0.617216207591 , -0.0629333109797 , 0.000117968 , -2.48031e-05 , -12.0 , 0.0 , 19.0 , -27.348945609073194 , -14.957772922766672 , 31.39520230240453 , -0.00129973 , -0.000424127 , 0.00228308657872 , 1572879525.6554346
0.808930397266 , -0.624781287366 , -0.0657270794578 , 0.000197385 , -3.98945e-05 , -16.0 , 0.0 , 19.0 , -27.462729545468118 , -15.509549579674415 , 31.55387094372854 , 0.00200142 , -0.000884185 , 0.00318739337833 , 1572879525.7985823
0.803148043575 , -0.632324155439 , -0.0689619692745 , 0.000146838 , -4.54535e-05 , -12.0 , 0.0 , 19.0 , -27.533824970431127 , -16.08223657664323 , 31.690761413681702 , -0.000311752 , -0.000641195 , 0.00338690235431 , 1572879525.941908
0.797229370004 , -0.64006458025 , -0.072049818645 , 0.000153476 , -2.97083e-05 , -16.0 , 0.0 , 19.0 , -27.616426030290924 , -16.676658053962967 , 31.78085642751753 , -0.000175308 , -0.000614859 , 0.00317357160542 , 1572879526.0855114
0.791131975768 , -0.647915567909 , -0.0754317489079 , 0.000164947 , -1.89799e-05 , -23.0 , 0.0 , 15.0 , -27.604778101682232 , -17.28700311543138 , 31.819304560821895 , -1.94752e-05 , -3.60196e-06 , 0.0035776748206 , 1572879526.2368991
0.785121239765 , -0.656174703285 , -0.0770491938162 , 0.000166543 , -3.22847e-05 , -16.0 , 0.0 , 15.0 , -27.55302418049251 , -17.914334064861748 , 31.781275541930476 , 0.000802965 , -0.000411015 , 0.00261237803762 , 1572879526.3843002
0.779228051938 , -0.663985878415 , -0.0794018409557 , 0.000183681 , -1.70967e-05 , -24.0 , 0.0 , 23.0 , -27.241716009248453 , -18.554583345009988 , 31.816752889162817 , 0.00189017 , -0.00013291 , 0.0026421818312 , 1572879526.5276747
0.773536043299 , -0.671464324114 , -0.0817544880951 , 0.000193676 , -5.48061e-05 , -20.0 , 0.0 , 23.0 , -27.094317535800847 , -19.23110221365067 , 31.919016903742282 , 0.000760327 , -0.000932172 , 0.00438794842838 , 1572879526.6716046
0.767780509907 , -0.678897561818 , -0.084401216127 , 0.000151634 , -1.31813e-05 , -16.0 , 0.0 , 15.0 , -27.02946577878661 , -19.940728557453447 , 32.13693510991721 , -0.000310159 , 0.00060413 , 0.0015984216347 , 1572879526.8143363
0.761853605692 , -0.686386817026 , -0.0874890654975 , 0.000157791 , -3.62441e-05 , -20.0 , 0.0 , 23.0 , -26.97320817509466 , -20.67394443150081 , 32.33367995208232 , 0.000743842 , -0.00122232 , 0.00356395583523 , 1572879526.9576511
0.756009777404 , -0.693754868154 , -0.0904298744217 , 0.000161239 , -2.12261e-05 , -20.0 , 0.0 , 19.0 , -26.902001515677053 , -21.425926219800605 , 32.454206081409154 , 0.000519265 , 0.000249707 , 0.00405847895682 , 1572879527.1010208
0.750063060603 , -0.700930020886 , -0.0938118046847 , 0.000207164 , -2.41433e-05 , -12.0 , 0.0 , 19.0 , -26.836473225165598 , -22.20293807724741 , 32.6321191725775 , 0.00244171 , 0.000149855 , 0.00520400871997 , 1572879527.2444496
0.743924028463 , -0.708321756252 , -0.0976348562862 , 0.000195945 , -3.3327e-05 , -16.0 , 0.0 , 19.0 , -26.834805485648044 , -22.977773337737133 , 32.79168064641761 , 0.00176355 , -0.000830266 , 0.002542051467 , 1572879527.3877034
0.738062076638 , -0.715551442021 , -0.100575665211 , 0.000157107 , -2.56461e-05 , -16.0 , 0.0 , 23.0 , -26.766448667034652 , -23.79084437193145 , 32.84275324350142 , 0.000328372 , -0.000109298 , 0.00185564850424 , 1572879527.5310469
0.722397620437 , -0.716553966895 , -0.0739613444457 , 0.000134394 , -4.70051e-05 , -15.0 , -56.0 , 19.0 , -26.671684252923832 , -24.631140338186537 , 33.05471431987868 , -0.000227807 , -0.00133299 , 0.00786793709252 , 1572879527.6785536
0.702805973558 , -0.715746622643 , -0.0385245969081 , 0.000129283 , -2.13594e-05 , -11.0 , -45.0 , 22.0 , -26.74679021990657 , -20.020568827386843 , 33.34806158175314 , -0.00189862 , 0.000316783 , 0.00359070488427 , 1572879527.8300476
0.687908630364 , -0.717800516771 , -0.0214679051473 , 0.000222113 , -2.78524e-05 , 0.0 , -23.0 , 22.0 , -26.83938916519272 , -13.535553623060315 , 33.38516955570521 , 0.000266046 , 5.90209e-05 , 0.00342988315579 , 1572879527.9816694
0.676851981443 , -0.718792658659 , -0.0257320780875 , 0.000167572 , -2.39178e-05 , 0.0 , -7.0 , 19.0 , -27.107599146031788 , -9.941220954743189 , 33.15375562767579 , 0.00136633 , -0.000267719 , 0.00295961130682 , 1572879528.133071
0.6691804334 , -0.721585532427 , -0.0410242844938 , 0.000175972 , -5.69673e-05 , 0.0 , 0.0 , 23.0 , -28.977808332299134 , -8.555632830199704 , 32.864699499537494 , -0.000848888 , -0.00106955 , 0.00419411620144 , 1572879528.280707
0.662746138298 , -0.724956379287 , -0.0601395425016 , 0.000188553 , -2.41992e-05 , 0.0 , 0.0 , 23.0 , -30.91616802994551 , -9.086153303897289 , 32.55901319689302 , 0.00197666 , -0.000616714 , 0.00339288700693 , 1572879528.428096
0.656348550313 , -0.728153666982 , -0.078960719617 , 0.000164376 , -2.26837e-05 , 0.0 , 0.0 , 23.0 , -32.87595497904116 , -10.310212140643602 , 32.27465089024943 , 0.00051736 , -0.000102517 , 0.00263120199622 , 1572879528.5793178
0.648988410136 , -0.742648746599 , -0.0676386052585 , 0.000156512 , -4.08637e-05 , -60.0 , 0.0 , 23.0 , -34.84720210363347 , -11.528121390001461 , 32.04895621929075 , 0.00026861 , -0.000717849 , 0.00377154156606 , 1572879528.7270865
0.642237836573 , -0.762828712862 , -0.0379364351233 , 0.00013598 , -3.43584e-05 , -52.0 , 0.0 , 19.0 , -31.373033101017832 , -12.4847628060761 , 31.585674964452735 , -0.000292219 , -0.000575736 , 0.0032116578544 , 1572879528.8703403
0.63672711723 , -0.7778845145 , -0.0202915815776 , 0.000196914 , -3.46613e-05 , -36.0 , 0.0 , 19.0 , -24.951336062762383 , -13.431482997457449 , 31.499759922825408 , 0.000889899 , -0.000482294 , 0.00386698150994 , 1572879529.0137656
0.631755777989 , -0.789128659907 , -0.0120573165896 , 0.000160344 , -3.58509e-05 , -28.0 , 0.0 , 15.0 , -20.863377197456025 , -14.662394829512996 , 31.844135744176647 , 0.00123903 , -0.000350556 , 0.00240985748752 , 1572879529.1570613
0.62695825348 , -0.797704183977 , -0.0107339525736 , 0.000181974 , -3.17564e-05 , -20.0 , 0.0 , 15.0 , -18.53112380704446 , -16.0330814526711 , 32.37656630907081 , 0.00145151 , -0.000382498 , 0.00423814630428 , 1572879529.3004584
0.622000725727 , -0.804216702229 , -0.0157333277449 , 0.000195741 , -6.21706e-05 , 0.0 , 0.0 , 19.0 , -17.439383797891757 , -17.473365889932854 , 32.965217451275 , 0.000492297 , -0.00124556 , 0.00265002561095 , 1572879529.4437628
0.616572578137 , -0.807791582083 , -0.0305844128126 , 0.000162482 , -2.19859e-05 , 0.0 , 0.0 , 23.0 , -17.35964060190223 , -18.951893934076057 , 33.456932490624766 , -0.000382775 , -0.00015819 , 0.00358853138195 , 1572879529.5953424
0.610813699631 , -0.810885633728 , -0.0477881450196 , 0.000180788 , -4.65928e-05 , 0.0 , 0.0 , 23.0 , -18.78355751851587 , -20.457115097446213 , 33.691539667985175 , 0.00132914 , -0.000585766 , 0.00367172101751 , 1572879529.7427473
0.604754102575 , -0.814008129327 , -0.0657270794578 , 0.000136026 , -2.70253e-05 , 0.0 , 0.0 , 23.0 , -20.47540630703508 , -21.964916922047635 , 33.769802997868815 , -0.000372349 , -0.000524097 , 0.00234871190726 , 1572879529.8901954
0.598539229368 , -0.817070823939 , -0.0839600947883 , 0.000200668 , -2.54084e-05 , 0.0 , 0.0 , 23.0 , -22.175095724837764 , -23.466648437531774 , 33.716444028976895 , 0.00132286 , -0.000103768 , 0.00343575730368 , 1572879530.0376582
0.592218988184 , -0.820043481136 , -0.101899029226 , 0.000177084 , -2.41053e-05 , 0.0 , 0.0 , 23.0 , -23.88387561902558 , -24.96152077511775 , 33.611959310995246 , 0.000742175 , -0.000291576 , 0.00125821249413 , 1572879530.1888723
0.585897420857 , -0.822879417274 , -0.120132044557 , 0.000238469 , -2.62281e-05 , 0.0 , 0.0 , 23.0 , -25.57564108361898 , -26.422746410094103 , 33.510170508386246 , 0.00250407 , -0.000230092 , 0.00402386027876 , 1572879530.336707
0.579473810595 , -0.82562156436 , -0.138512100334 , 0.000141674 , -1.02249e-05 , 0.0 , 0.0 , 23.0 , -27.30066804449162 , -27.90698286498868 , 33.41129697439801 , -4.96402e-05 , 0.000493196 , 0.00337044935934 , 1572879530.48409
0.56417943368 , -0.821430282692 , -0.127337026422 , 0.000132647 , -3.06719e-05 , 0.0 , -61.0 , 22.0 , -29.03624547683815 , -29.384238823014023 , 33.2893148912261 , -2.5831e-05 , -0.000699059 , 0.00180583580418 , 1572879530.63571
0.540657762726 , -0.827966989832 , -0.0585220975933 , 0.000157135 , -2.98827e-05 , -63.0 , -49.0 , 22.0 , -31.162994699645953 , -25.55220250268368 , 33.61159560161818 , 0.000790482 , -0.000382833 , 0.00237813433141 , 1572879530.7871356
0.523569572424 , -0.84081867897 , -0.00117632356971 , 0.000111592 , -1.85878e-05 , -47.0 , -30.0 , 18.0 , -26.360432371108164 , -17.700452954803072 , 33.44283285814776 , -0.00117071 , 0.000227078 , 0.00222139641392 , 1572879530.9306147
0.511411560788 , -0.85122514084 , 0.0299962510277 , 0.000183625 , -4.68234e-05 , -31.0 , -22.0 , 22.0 , -20.21275358261242 , -13.347552700409642 , 33.34687809271524 , 0.000601414 , -0.000523701 , 0.00467630007343 , 1572879531.077925
0.502568123427 , -0.859819667374 , 0.0417594867248 , 0.000157007 , -2.8642e-05 , -19.0 , -11.0 , 18.0 , -16.397562540970995 , -11.57397029808346 , 33.413951691877905 , 0.000899201 , -0.000558268 , 0.00234776839442 , 1572879531.221382
0.495805663495 , -0.867204592277 , 0.0414654058324 , 0.000164495 , -1.41742e-05 , -19.0 , -3.0 , 19.0 , -14.30406721001066 , -11.625881201125038 , 33.50664916702718 , 0.000134142 , 5.79768e-05 , 0.00472482045575 , 1572879531.3686638
0.490459906881 , -0.872599301526 , 0.0297021701353 , 0.000192687 , -1.73805e-05 , -4.0 , 0.0 , 15.0 , -13.29576138849185 , -12.81426561166852 , 33.633370708475155 , 0.0018691 , 0.000130054 , 0.00242125377229 , 1572879531.5163648
0.484850368821 , -0.876064067515 , 0.012351397482 , 0.000196796 , -3.15968e-05 , 0.0 , 0.0 , 19.0 , -13.585418413117809 , -14.796010887686235 , 33.77049110605079 , 0.00165229 , -0.00121952 , 0.00325144201292 , 1572879531.6636057
0.478941358074 , -0.879573653131 , -0.00573457740235 , 0.000177757 , -3.16962e-05 , 0.0 , 0.0 , 19.0 , -14.798009793853376 , -16.761557589498555 , 33.80056338157333 , 0.00083239 , -0.000319976 , 0.00290793488666 , 1572879531.8110971
0.473309685236 , -0.882782182235 , -0.0227912691632 , 0.000204586 , -2.1891e-05 , 0.0 , 0.0 , 23.0 , -16.011358609925487 , -18.721705314806023 , 33.69260149698582 , 0.00158387 , -7.77515e-05 , 0.00215214859449 , 1572879531.954434
0.467379039342 , -0.886028329905 , -0.0405831631551 , 0.000173006 , -2.7811e-05 , 0.0 , 0.0 , 23.0 , -17.228722894510835 , -20.67350458114001 , 33.76705628845651 , 0.00169463 , -0.0005487 , 0.00337850229406 , 1572879532.1020014
0.461141897381 , -0.889354038417 , -0.0589632189319 , 0.000359105 , -2.84973e-05 , 0.0 , 0.0 , 23.0 , -18.448892408849517 , -22.618506650628593 , 33.70412649389338 , 0.00183611 , 6.02237e-05 , 0.0036771257845 , 1572879532.2493672
0.455147688773 , -0.892358548837 , -0.0766080724776 , 0.00017185 , -1.55195e-05 , 0.0 , 0.0 , 23.0 , -19.649505929298776 , -24.55222145870059 , 33.503639348870834 , 0.000270494 , 0.000105433 , 0.00262467532591 , 1572879532.392801
0.449000630418 , -0.895305134799 , -0.0945470069157 , 0.000219221 , -5.40953e-05 , 0.0 , 0.0 , 23.0 , -20.87797865483686 , -26.482087611244836 , 33.46055537235112 , 0.00107034 , -0.000904867 , 0.00187249322917 , 1572879532.5401993
0.442700083615 , -0.898187470178 , -0.112780022246 , 0.000178692 , -1.06016e-05 , 0.0 , 0.0 , 23.0 , -22.11264610519829 , -28.402949275943357 , 33.361304585232325 , 0.00123266 , 0.000262755 , 0.00171141619544 , 1572879532.687764
0.436661678862 , -0.90076504811 , -0.129836714007 , 0.000168789 , -3.53597e-05 , 0.0 , 0.0 , 23.0 , -23.355413182569578 , -30.3134174035529 , 33.20640284045771 , 0.000478217 , -0.000489201 , 0.0029868697525 , 1572879532.8308945
0.43030772427 , -0.903457258223 , -0.147775648445 , 0.000203622 , -1.67891e-05 , 0.0 , 0.0 , 19.0 , -24.593801434653695 , -32.20065169359211 , 33.237316623132386 , 0.00185949 , -0.000165029 , 0.00387178735358 , 1572879532.9783688
