-0.000629063363318 , -0.00516847168443 , -0.0113221143585 , -3.58216e-05 , 5.32283e-05 , -158 , 0 , 74 , -7223.063348876653 , 624.3101237667048 , 1119.4129414878878 , -0.00125878 , 0.000291246 , 0.00418200210772 , 1574442411.7961133
-0.000400288509518 , -0.100360855196 , -0.130277835346 , -4.37116e-05 , 9.39438e-05 , 191 , -134 , -72 , -321176.5711569677 , 36324.00011516853 , 41540.50281829138 , -0.0011225 , 0.00234362 , 0.00572092770261 , 1574442411.9397645
0.00218584280371 , 0.00318690568135 , -0.00588161784857 , 7.06551e-06 , 2.37603e-05 , 220 , -192 , 68 , 932628.8127264093 , -84498.18975626906 , -123936.22804608154 , 0.00230467 , -0.00434674 , 0.00875706083524 , 1574442412.0830271
-0.0804738680698 , 0.0592421003058 , -0.121896529912 , 0.000110193 , -8.57053e-05 , -180 , 73 , -74 , 888756.7279556518 , -61045.464566379036 , -134590.735103019 , 0.00034138 , 0.000406319 , 0.00249579459743 , 1574442412.2264297
0.00968891584054 , 0.00569553768134 , -0.00161744490836 , -8.80827e-06 , 3.22861e-05 , 169 , 206 , -206 , 1458424.2611335905 , -509010.59199141344 , -75074.68174829823 , 0.00109904 , -0.00131037 , 0.00883447307319 , 1574442412.3698106
0.107340779233 , 0.0666094498509 , -0.115573790724 , -5.60966e-05 , 1.43323e-05 , 223 , -125 , -238 , 1077130.3836240428 , -92110.88964568482 , -137401.01366612964 , -0.00197066 , -0.000439186 , 0.00959549594553 , 1574442412.5131433
0.124047062719 , 0.176946255596 , 0.0651389176729 , -1.23884e-05 , 2.28428e-05 , -161 , -181 , -204 , 698058.5545235296 , -96667.44623864992 , -133988.42315131513 , 0.000796003 , -0.000280357 , 0.00490452412578 , 1574442412.6566174
0.132154323026 , 0.188701923267 , 0.485821634292 , -3.6338e-05 , 4.47045e-05 , 181 , 70 , -173 , 1183950.5960016875 , -53582.91850100288 , -274110.7760761891 , 0.000920207 , 0.00221333 , 0.00934467740974 , 1574442412.7999225
0.194999911191 , 0.287000242929 , 0.35966093144 , -6.4282e-05 , 6.57872e-05 , 188 , 171 , -238 , 799917.4903007498 , -585159.6009604626 , -21941.515052686576 , -0.000624506 , 0.00038404 , 0.0053912811006 , 1574442412.9431908
0.267304775856 , 0.377106410676 , 0.252321405704 , -6.35306e-05 , 5.67742e-06 , -194 , -134 , -222 , 581594.9930496037 , -264799.53924496303 , -28723.15954050062 , -0.000917279 , 0.00103914 , 0.00424512993963 , 1574442413.0871413
0.280616169124 , 0.380134385437 , 0.675062688569 , -3.96083e-06 , -7.62522e-06 , -194 , 60 , -200 , 644741.2359868534 , 2314.053873740965 , -339160.1624428676 , 0.00171313 , -0.000164761 , 0.00353034492492 , 1574442413.2300277
0.375829125812 , 0.392904818757 , 0.821956094337 , -7.09197e-05 , 2.51449e-06 , 158 , -69 , 75 , 488773.4037086897 , -1724.4543824529796 , -121210.69122592003 , -0.00142816 , -0.00139045 , 0.00254228291693 , 1574442413.373253
0.293027598767 , 0.368655288001 , 0.709323112537 , -0.000196499 , 2.35227e-05 , -165 , 140 , -78 , 250330.1031994989 , -131021.04957855202 , -6988.626913548787 , -0.0037087 , 0.00220026 , 0.00998454846018 , 1574442413.5165403
0.354091835489 , 0.379980917221 , 0.898123045476 , -4.71908e-05 , -3.47047e-05 , 175 , 68 , 91 , 283631.3295713137 , 1.4309242577571455 , -54305.77006800906 , 0.000375264 , -0.00254251 , 0.0058451869251 , 1574442413.6599517
0.319718928924 , 0.3651698702 , 0.557430331598 , -0.000103098 , 2.26638e-05 , 192 , 62 , 206 , 408718.5826251557 , 132.2111005094858 , -40642.55499415014 , -0.00140597 , 0.00198813 , 0.00988195983094 , 1574442413.8033302
0.309905991021 , 0.356945753676 , 0.132924563378 , -1.293e-05 , -1.23535e-05 , -165 , 133 , 202 , 315050.9525897421 , 134.14588830828762 , -59164.41932655142 , 0.00103999 , -0.000995597 , 0.00644776244037 , 1574442413.9467204
0.32803017326 , 0.261562628923 , -0.0177918939919 , 0.000132789 , -9.40446e-05 , 200 , 198 , 0 , 339880.1178812869 , 65854.21116137815 , -79504.9071089413 , 0.00269887 , -0.00103871 , 0.00616409232496 , 1574442414.0900335
0.430772899897 , 0.312992104678 , -0.168508351361 , 6.35386e-06 , 5.59116e-05 , 191 , 230 , -181 , 395256.23875044554 , 8167.308637977968 , -85688.056568213 , 0.000467985 , 0.00106338 , 0.00245833735989 , 1574442414.2334123
0.540492978401 , 0.364153837704 , -0.300697712508 , 7.30549e-05 , 0.000112072 , 169 , -63 , -206 , 271171.22979396593 , -6386.124406313522 , -23457.22337360937 , 0.000809362 , 0.00196855 , 0.00536896543591 , 1574442414.3767614
0.572495783163 , 0.45967648116 , -0.181300870182 , 5.64474e-05 , 0.00014402 , -164 , 129 , 133 , 573484.5147375194 , -46100.90528232384 , -53956.44170479683 , 0.000671131 , 0.000823023 , 0.00141667346238 , 1574442414.520096
0.564243215709 , 0.358568476887 , -0.297021701353 , 8.77007e-05 , 9.61459e-05 , -220 , 181 , -63 , 326531.9324143678 , -183120.82650462474 , -3486.250542832162 , 0.00335843 , 0.00229843 , 0.00827950835616 , 1574442414.663375
0.634028002625 , 0.27474302491 , -0.203356937114 , -7.98755e-05 , 1.00234e-05 , 170 , 196 , 69 , 76742.6430042265 , -453661.9596346832 , 1888.775686225323 , -0.00200381 , -0.00201341 , 0.00434428198373 , 1574442414.8068225
0.627148123795 , 0.267974894334 , -0.594925645383 , -9.86417e-05 , 1.27e-05 , -201 , -127 , 90 , 45338.310355326605 , -152869.70220723952 , 1685.7894567960038 , -0.00174602 , 0.0023119 , 0.00880572776041 , 1574442414.950636
0.511151113888 , 0.279173427987 , -0.458619151742 , -5.64515e-05 , -2.28988e-05 , -226 , -177 , 169 , 61170.83790957141 , -272285.70307967404 , 907.1786319688425 , -0.00130427 , -0.000743679 , 0.00383952095032 , 1574442415.0935116
0.396464326896 , 0.271613633556 , -0.340692713878 , -0.000108843 , 5.27101e-05 , 207 , 127 , 208 , 404509.2584887686 , -375780.2232773491 , 5.328978678572671 , -0.0022945 , 0.00177863 , 0.00402312543466 , 1574442415.2369266
0.413064142007 , 0.273109426725 , -0.729761734561 , 1.57035e-05 , 3.13906e-05 , 200 , 194 , 0 , 1227.054781350044 , -982610.027190887 , 112373.74437485263 , 0.00228053 , 3.01591e-05 , 0.00631575501719 , 1574442415.3803468
0.511561101173 , 0.244303891366 , -0.906063229572 , -6.18468e-05 , -1.49743e-05 , -171 , 190 , 74 , 52966.914452150784 , -581391.9522899014 , 9102.776594724359 , -0.000795602 , -0.000413742 , 0.00359278346827 , 1574442415.523488
0.443995182167 , 0.184588573796 , -1.03266505376 , -7.42186e-06 , 8.00173e-06 , 165 , -69 , -76 , 459216.27663117077 , -138429.18861601403 , -9157.427933204408 , -0.00128256 , -0.000974854 , 0.00487519622619 , 1574442415.6669416
0.525244065341 , 0.248244666349 , -0.914591575452 , -0.000182554 , -4.68396e-05 , 204 , -174 , 118 , 72400.3245708957 , -401682.490696252 , 10.721071390066347 , -0.00150538 , -0.00193522 , 0.00274476858821 , 1574442415.810348
0.560811260904 , 0.35344073464 , -0.927384094273 , -8.44503e-05 , -4.87584e-05 , 217 , -196 , 61 , 978.3570606925404 , -613919.3894705394 , 26089.002578448708 , -0.00209527 , -0.00212845 , 0.00521556821252 , 1574442415.9534702
0.549832029131 , 0.465689633701 , -1.1088320049 , -7.36475e-05 , -1.65089e-05 , 191 , 63 , 180 , 544.4731604041015 , -1018318.1417196001 , 31440.926390088425 , -0.000927971 , -0.000516027 , 0.00274256022431 , 1574442416.0969906
0.550517835096 , 0.470517715905 , -1.58039071591 , -0.000320732 , -0.000115735 , 189 , 224 , 187 , 6734.635654330406 , -892835.2699779938 , 32617.4326541759 , -0.00260277 , -0.00124411 , 0.00586550774166 , 1574442416.2429142
0.557475714293 , 0.458982120386 , -2.05268462915 , -0.000133823 , -7.78016e-05 , 217 , 185 , -68 , 6823.996370663075 , -623772.732419297 , 35594.17911935138 , -0.00300298 , -0.00114888 , 0.00533665406011 , 1574442416.3878713
0.571305834108 , 0.358532592315 , -2.22795684104 , -3.56987e-05 , -3.24885e-06 , 195 , -129 , 69 , 1095.1901854007372 , -354827.2827533555 , 27413.25781759044 , -0.000192577 , 0.00101434 , 0.0138681856646 , 1574442416.5310745
0.660722145233 , 0.399372352167 , -2.38543715893 , -2.92552e-05 , 1.90625e-05 , -191 , 133 , 140 , -15956.615366705522 , -253969.54530863528 , 32726.510539723375 , 0.00209728 , 0.00178018 , 0.00532246921792 , 1574442416.6745298
0.604410621653 , 0.478330880477 , -2.5421822746 , -0.000100579 , -0.000149244 , 193 , -128 , 210 , -257404.95738153099 , -89508.27986565104 , 2879.6899160639578 , -0.00435027 , -0.00176925 , 0.00766932723643 , 1574442416.8180163
0.700120116657 , 0.498994674534 , -2.69495729821 , -6.49797e-05 , -6.87716e-05 , -164 , 67 , 90 , -615948.5294186324 , -110081.19764868634 , 21921.906275056717 , 0.000376379 , -0.000958492 , 0.00442617016665 , 1574442416.96222
0.666460519245 , 0.600646535716 , -2.8256762549 , -0.00010621 , -6.3095e-05 , -204 , -61 , 127 , -1125237.777134479 , -14016.658848838424 , 3044.185922368947 , -0.00115673 , 0.00057119 , 0.00699173839364 , 1574442417.10471
0.745101007809 , 0.692425006727 , -2.6701074628 , -6.65672e-05 , 6.94117e-05 , -209 , -172 , 175 , -810699.5028660148 , -25898.522304228638 , 0.9524535533866864 , -0.00146566 , 0.000750678 , 0.00345038043992 , 1574442417.247882
0.807433178429 , 0.770239381132 , -2.46557420212 , -9.33309e-05 , -4.14385e-05 , 204 , -206 , 0 , -1278627.7515227513 , -631.6741702744031 , -5833.018621885888 , -0.00172046 , -0.000835771 , 0.00371707894349 , 1574442417.391189
0.881975107573 , 0.682796568029 , -2.28986086889 , -0.000231152 , -7.97753e-05 , 192 , -174 , -178 , -821012.7864409671 , -6534.800821333904 , -73325.91212742677 , -0.00318559 , -0.00149316 , 0.00439145683228 , 1574442417.5345297
0.977993355744 , 0.599705504454 , -2.11650018281 , -0.000136243 , -2.51474e-05 , 220 , -168 , -228 , -568421.0328516815 , -2693.493517450135 , -134072.0774242397 , -0.00169318 , 0.00057511 , 0.0064532784196 , 1574442417.6779642
1.08135620729 , 0.537395476673 , -1.91446660971 , -6.46301e-05 , -3.93668e-05 , -186 , -187 , -192 , -339843.6119231702 , -299.2185597909769 , -211271.46861656988 , -0.00106499 , 0.000767289 , 0.00457751207404 , 1574442417.8253117
1.08887176565 , 0.535014239226 , -1.43805556398 , -2.73986e-05 , -6.06912e-06 , -221 , -185 , -166 , -556221.3836121475 , -12.548667086385631 , -84833.0384894034 , 0.000738233 , 0.00172306 , 0.0095113717075 , 1574442417.9687047
1.08117904351 , 0.514313022052 , -0.991934850161 , -7.41368e-05 , -6.49181e-05 , -185 , 123 , -200 , -1056131.042379848 , 48.13856519685859 , -23653.104377358293 , 0.000938102 , -0.00131828 , 0.00579590071958 , 1574442418.112066
1.08666671564 , 0.432634024184 , -0.70844086986 , 0.000100758 , 3.07027e-05 , -177 , 63 , -187 , -2368368.6378135895 , 2490.1754830530936 , -1174.9398931473945 , 0.00230526 , -0.000746426 , 0.006701399442 , 1574442418.255771
1.11210441205 , 0.32942162354 , -0.542873327423 , -0.000149141 , -6.37099e-05 , -197 , -122 , 70 , -1642354.093418504 , -2020.861949071393 , 26405.12790453341 , -0.00290885 , -0.000827348 , 0.00305105529339 , 1574442418.3988512
1.00307380897 , 0.336798834089 , -0.405978671997 , -0.000122081 , -5.59597e-05 , 198 , -181 , 200 , -445349.2741682113 , -74473.60975488849 , 138853.72772251436 , 0.000919147 , 0.002329 , 0.00779475925414 , 1574442418.5422556
0.933443346335 , 0.4213455068 , -0.573751821128 , -3.57564e-05 , -0.000148337 , 181 , 59 , 190 , -53684.34540975596 , -297863.8336049364 , 209612.51298305189 , 0.00168929 , -0.00316203 , 0.0071870246214 , 1574442418.6855292
0.938218368376 , 0.416163881981 , -0.977818967325 , -9.16037e-05 , -3.16146e-05 , -153 , 192 , -70 , -26.46454296112041 , -850137.7551006172 , 294968.40926013375 , -0.000392627 , 0.000719805 , 0.00381284277787 , 1574442418.8288422
0.994936778329 , 0.329396869988 , -0.985906191866 , -0.00010238 , -4.92838e-05 , 0 , 249 , -196 , 68973.56869904205 , -696286.4216636517 , 52046.37139227876 , -0.000533965 , -6.5936e-05 , 0.00293049201325 , 1574442418.972078
1.09183582672 , 0.289327433336 , -1.14162202441 , 6.42871e-05 , -0.000109549 , 224 , -66 , 133 , 18149.38068971604 , -340534.4648518281 , 27707.244362506935 , 0.0002386 , -0.000817848 , 0.00379600632244 , 1574442419.115534
1.10691886787 , 0.380842623361 , -1.26734160592 , 4.68977e-06 , 4.83713e-05 , -196 , 136 , -81 , -11637.263656913672 , -184118.92225653803 , 35866.47285761906 , 0.00350314 , 0.0017292 , 0.00390869760362 , 1574442419.2588997
1.07678021813 , 0.282720180257 , -1.15485566457 , -1.66555e-05 , -3.75814e-05 , -193 , 188 , 64 , -1032.997492950339 , -437226.16162239254 , 81945.87451342771 , 0.00317039 , -0.00178868 , 0.00428630032831 , 1574442419.4023066
0.987876576856 , 0.227051361893 , -1.29322072445 , -8.19849e-06 , -1.87214e-05 , 192 , 133 , 0 , -64258.26637678797 , -455050.38116342924 , 250700.53850110207 , 0.00239365 , 0.0020488 , 0.00684065085975 , 1574442419.545735
1.05917574175 , 0.151566140126 , -1.38967925717 , -8.22571e-05 , -1.04907e-05 , -161 , -130 , -215 , -406555.38281197764 , -73437.4647510377 , 114047.62691228943 , -0.000684338 , 0.0018432 , 0.00534171442164 , 1574442419.6890185
1.06152382266 , 0.138123378305 , -0.96634981252 , -7.17404e-05 , -3.37018e-05 , -217 , 61 , -162 , -74407.05916248044 , -306229.2066836646 , 182904.73400503304 , 0.000515708 , 0.000329689 , 0.00300183588673 , 1574442419.8323853
1.06782029143 , 0.0424371958022 , -0.815927436043 , -4.71447e-05 , 0.000131972 , 118 , -130 , 95 , -109482.5548302626 , -285334.15347306256 , 87816.54622995316 , -0.00211688 , 0.00325276 , 0.00833899697259 , 1574442419.9756937
1.04118717627 , 0.148992473788 , -0.951939848791 , 8.56083e-05 , 0.00010027 , 219 , -224 , 180 , -957553.5763777706 , -160072.69999056385 , 213820.22202097045 , 0.0028084 , 0.000788857 , 0.00672765725956 , 1574442420.1190994
1.03357630251 , 0.263752422259 , -1.05148623088 , -3.58567e-05 , -6.78013e-05 , -162 , -194 , 0 , -25575.26551490195 , -556804.0174952772 , 194198.22491699745 , 0.00179906 , -0.00159859 , 0.00324484845165 , 1574442420.2623987
1.04480471751 , 0.264207149839 , -0.651830298068 , -0.000108105 , 3.09129e-06 , 190 , 129 , -175 , 5191.827558869152 , -1486514.3573961756 , 188079.14413491497 , -0.00215985 , 0.00264125 , 0.00537742022622 , 1574442420.405744
1.1535631636 , 0.240816247091 , -0.750935558816 , 7.0959e-06 , -0.000145912 , -163 , 188 , -133 , -1847.9933340847786 , -889961.8287008788 , 186907.06327059979 , -0.000645206 , -0.0014363 , 0.00544866872845 , 1574442420.5491514
1.19519632091 , 0.12762841712 , -0.601542465462 , -0.000291359 , -0.000115956 , -195 , 164 , -177 , -137714.33613619892 , -300411.72419237223 , 111297.74831010739 , -0.00334235 , -0.000663213 , 0.00358508912975 , 1574442420.6925557
1.24232732452 , 0.024252703781 , -0.492438454371 , -0.000142021 , -8.7936e-05 , 167 , 198 , 78 , 673.5786325626323 , -376647.76798406435 , 25313.806267274642 , -0.00292714 , -0.00271807 , 0.00447189464108 , 1574442420.8358989
1.23399747553 , 0.0197811287302 , -0.883713081747 , -0.000295142 , 2.50116e-05 , -160 , -127 , 219 , -20445.327855400083 , -337489.90967437346 , 139355.29268491748 , -0.00727184 , 0.0018525 , 0.00795238763968 , 1574442420.9792092
1.14661184732 , 0.0643186045837 , -0.742554253382 , -6.73012e-05 , -7.82219e-06 , 165 , -192 , -70 , 345.6376057710415 , -684224.3228077221 , 114290.01265757823 , 0.000428302 , 0.00235932 , 0.0030322120029 , 1574442421.1226852
1.20479458917 , 0.135943239107 , -0.608894487773 , -5.63674e-05 , -4.09951e-05 , -194 , 72 , 77 , 167707.35659368246 , -1355028.8287767759 , 68908.29189861809 , -1.16061e-05 , 0.000445054 , 0.00385430883357 , 1574442421.2660713
1.13819866317 , 0.0582009276724 , -0.726379804298 , -4.24752e-05 , -3.36204e-05 , -186 , -118 , 198 , -21896.888544471392 , -1123525.4100373534 , 476992.7106877153 , 0.00162371 , -0.000222318 , 0.00846593213895 , 1574442421.4092407
1.02706033988 , 0.0883631968692 , -0.602277667693 , 2.74083e-05 , 7.42286e-06 , 194 , -187 , 190 , 1.6311171442170311 , -939426.8156648242 , 139528.91978564498 , 0.00157548 , 0.000271987 , 0.00481221934615 , 1574442421.5525448
0.940324438108 , 0.1566042568 , -0.610806013574 , -0.000127235 , -5.83404e-05 , 0 , -244 , 204 , 226.67025425241405 , -739428.2111418808 , 155727.18802997374 , -0.00223599 , -0.000374274 , 0.00455360089178 , 1574442421.69597
0.89070895005 , 0.255661540459 , -0.689472652298 , -0.000175173 , -2.23148e-05 , -160 , -198 , -72 , -45.496028336783596 , -1077589.4366789046 , 241769.77972910172 , -0.00233608 , 0.00011659 , 0.00589382080008 , 1574442421.839513
0.922158119639 , 0.285819986482 , -0.373041612045 , -0.000155547 , -7.87964e-05 , 35 , 168 , -156 , 15467.420817295644 , -891770.863381089 , 53421.260026260206 , -0.000889752 , 0.000959993 , 0.00211224505625 , 1574442421.9824617
1.01882467796 , 0.311350181323 , -0.510671469702 , -0.000281906 , -0.000161142 , 193 , -129 , 75 , 14588.28633918891 , -616026.644375056 , 15956.993536142052 , -0.00369924 , -0.00176348 , 0.00422703984292 , 1574442422.126328
0.963516414871 , 0.411922819389 , -0.664034655103 , 6.74463e-05 , -0.000164717 , 220 , -224 , 178 , 23.577137509704528 , -338716.4388699244 , 6300.662416510119 , 0.0016199 , -0.00203541 , 0.00405430518721 , 1574442422.2693121
0.904679575056 , 0.514658406861 , -0.770933059501 , 6.95165e-05 , -0.000202903 , -118 , -198 , 241 , 62913.880839687576 , -156776.83729003833 , 20.00553938851945 , 0.00220628 , -0.00214378 , 0.00456738904492 , 1574442422.4127007
0.809857699384 , 0.543442443272 , -0.640361143263 , -0.000104216 , -6.71862e-05 , 167 , 132 , 115 , 11976.41099349122 , -361928.11447091086 , 21061.200276600703 , -0.000600142 , 9.45722e-05 , 0.00234093341203 , 1574442422.5560627
0.800640544573 , 0.55407293915 , -1.05280959489 , -0.000163058 , -7.25251e-05 , 219 , -63 , 153 , 1.7962132892825107 , -210321.73319219513 , 19694.641844983104 , -0.0028756 , -0.000404724 , 0.00480772974834 , 1574442422.699486
0.785142799635 , 0.663872929921 , -1.17058899231 , -4.04764e-05 , -9.83855e-05 , -99 , -188 , 182 , -3521.2362090181787 , -73882.0335606932 , 7253.320134330899 , 0.00200867 , 0.000377417 , 0.00709671462315 , 1574442422.8425448
0.701225608449 , 0.744856839407 , -1.0407522783 , 4.57419e-05 , 6.42535e-07 , 174 , -185 , 202 , 527.4396655326397 , -24426.178318343285 , 380.7317402189685 , 0.00193991 , 0.00128338 , 0.0102531028104 , 1574442422.9861495
0.687173487215 , 0.860402747554 , -1.15353230055 , -0.000128333 , -7.68622e-05 , -170 , -190 , 198 , -2884.8721299162285 , -70486.2545640275 , 254.77733961017609 , -0.00025856 , -0.000357252 , 0.00334393738548 , 1574442423.1306734
0.609301856213 , 0.92597497971 , -0.953410253253 , -8.98451e-05 , -5.86254e-05 , -224 , -224 , -178 , -22693.937329557044 , -30510.017951130678 , -15.353473831369227 , -0.00013909 , 5.09998e-05 , 0.0034792254386 , 1574442423.273164
0.583392728528 , 0.939448474053 , -0.526404797447 , -0.000185937 , -0.0001155 , -205 , -196 , 0 , -3942.812069727349 , -10561.794218033674 , -1757.7552175466117 , 0.000549361 , -0.000307872 , 0.00791017772124 , 1574442423.4162374
0.567499914579 , 0.940799591113 , -0.074843587123 , -0.000101468 , -0.000146447 , -220 , -174 , 66 , -15816.082455546808 , -3857.6198880655597 , -33738.44158986318 , 0.000480776 , -0.00519299 , 0.00540531124032 , 1574442423.5595198
0.471470068819 , 0.896170446197 , 0.137041695872 , -1.3608e-05 , 1.9102e-06 , -218 , -244 , -64 , -6323.006787400627 , -49.06299880952354 , -133538.02623601613 , 0.00228369 , 0.00371066 , 0.00694771433939 , 1574442423.702755
0.474772211285 , 0.87930974588 , 0.531992334403 , -0.000175753 , -9.23369e-05 , -197 , 67 , 91 , -12663.192913465404 , 1307.1418808187248 , -56792.5661355421 , -0.00146638 , -0.0016805 , 0.00245785415566 , 1574442423.846238
0.54083473078 , 0.790921243788 , 0.432004830977 , -0.000111671 , -2.26633e-05 , -207 , 178 , 0 , -23069.12393601792 , 7395.1079159342125 , -870.3981519058989 , -0.000832206 , 0.00460231 , 0.00750305705586 , 1574442423.9894726
0.649927428784 , 0.777936791943 , 0.614776105622 , -0.000102702 , -6.80581e-05 , -175 , -63 , -187 , -18482.19741164186 , 43128.91302995269 , -5243.918010019451 , 0.000830159 , 0.000172018 , 0.00473893172646 , 1574442424.1329255
0.659653120126 , 0.768524658724 , 1.0273715977 , 5.96993e-05 , -0.000187357 , -205 , 128 , 69 , -32085.96240014572 , 68890.5708996348 , 4661.82478764465 , 0.0028079 , -3.47121e-05 , 0.00723179104294 , 1574442424.2762032
0.749541475659 , 0.717841744147 , 0.96090931601 , -0.000140156 , 0.000183961 , -200 , -123 , -141 , -10244.174318751164 , 41786.907164017015 , -126.4362158202366 , -0.00228228 , 0.00301928 , 0.0040059048572 , 1574442424.4195685
0.759996343312 , 0.685978981087 , 1.29572041204 , -0.000242088 , -0.00012499 , -183 , 132 , 75 , -3806.788673821268 , 7428.400885497028 , 435.8810717105054 , -0.00214956 , -0.00305659 , 0.00376613993124 , 1574442424.5634425
0.868223643203 , 0.66574128264 , 1.19587994906 , -0.000192401 , -0.000109757 , -192 , 238 , 0 , -271.9043006976946 , 11577.868828749575 , 33813.159533141086 , -0.00234158 , -0.000355799 , 0.0068174957869 , 1574442424.7062616
0.966398756326 , 0.72471345729 , 1.31218894202 , -0.000133949 , -8.06196e-05 , -185 , 234 , 64 , -0.11710581463932784 , 1864.5087170760687 , 9614.9114211828 , -0.000680379 , -0.00344543 , 0.00403624302349 , 1574442424.8497114
1.06531316315 , 0.702952283511 , 1.11530178453 , -0.000173011 , -8.30653e-05 , 103 , 187 , 177 , 817.9012995553553 , 17105.776348295236 , 28864.975731295774 , -0.00290078 , -0.000301038 , 0.00735883604412 , 1574442424.9929585
1.06971746544 , 0.700956486521 , 0.644331235311 , -0.000310591 , -0.000178763 , 197 , 172 , 175 , 4777.960616407752 , 6837.835891733008 , 9062.435667279955 , -0.00122481 , -0.00121564 , 0.00179750986261 , 1574442425.1364038
1.07529624904 , 0.694175438413 , 0.179536384828 , -7.56338e-05 , -7.21864e-05 , -197 , 187 , 194 , 55790.448414162274 , 1701.8185286091502 , 29144.054857623574 , 3.94999e-05 , 0.00131822 , 0.00154417134219 , 1574442425.2797375
1.09617079209 , 0.580242139177 , 0.00352897070914 , -7.19148e-05 , -0.000114187 , -197 , 175 , 183 , 183044.46909154448 , -0.007277874916649507 , 19610.336576842557 , 0.00308626 , -0.00257338 , 0.0064600595323 , 1574442425.423053
1.08959886887 , 0.481682119165 , -0.094694047362 , -0.000117852 , -8.32212e-05 , 181 , -73 , 0 , 30661.874579008683 , -1202.8567575900456 , 39431.91420255305 , 0.00050422 , -0.000415366 , 0.00786284518212 , 1574442425.56665
1.09883008876 , 0.581945894306 , 0.0920473193301 , -0.000114683 , -9.65915e-05 , -162 , -240 , -198 , -205.3131420004756 , -1030.615436975798 , 39085.5398194727 , 0.000456708 , -0.000912605 , 0.00509174468608 , 1574442425.7103174
1.08581687992 , 0.588151573763 , 0.514200440411 , -3.18987e-05 , -0.000233097 , -198 , -174 , 66 , -76.33834006653274 , -7624.590443189784 , 14202.692312062105 , -0.00302147 , -0.00189532 , 0.00720724865782 , 1574442425.8533475
1.01880858432 , 0.494853211391 , 0.668592908936 , -0.000158313 , -4.55656e-05 , -169 , -242 , 178 , 0.03121237860032706 , -32614.933017669293 , 1473.8511296334611 , -0.0030769 , 2.46564e-05 , 0.00345694039695 , 1574442425.9964592
0.955710122131 , 0.397370387756 , 0.777108758242 , -8.75779e-05 , -0.000238414 , -64 , -177 , 190 , -2133.5231629408013 , -18675.811210311625 , 12622.158824696002 , 0.000603051 , -0.00256568 , 0.00400251857259 , 1574442426.1398013
0.917047954452 , 0.297076794055 , 0.949734242098 , -0.000136926 , -6.87416e-05 , 168 , -247 , -67 , 497.9993465086999 , -14603.779910380294 , 34186.41393757657 , -0.000499338 , 0.00168544 , 0.0045235517586 , 1574442426.2832046
0.821839287332 , 0.345207699083 , 1.08780522109 , -8.028e-05 , -0.000107535 , 224 , -183 , 0 , 6570.803921130555 , -3617.010121876029 , 9445.531106731485 , 0.00212035 , -0.00228033 , 0.00371289747506 , 1574442426.4266214
0.716533598598 , 0.283721464606 , 0.943558543357 , -5.38586e-05 , -0.000110126 , 196 , -177 , 177 , 18488.357858013704 , -142.6807693646252 , 369.74881552257824 , 0.00241971 , 0.00210704 , 0.00655837843139 , 1574442426.5698872
0.616017446294 , 0.251875188596 , 0.77990252672 , -0.00028341 , -0.000145147 , 199 , 128 , -95 , 69220.84407805954 , 828.6682178467703 , -347.5789777332421 , -0.000957006 , -0.00145898 , 0.00185574876617 , 1574442426.7131834
0.638770130364 , 0.351632140887 , 0.592572998243 , -0.000147392 , -5.61385e-05 , 192 , 181 , 64 , 19454.824314274698 , 11894.602616458098 , 1542.632236811331 , -0.00241086 , 0.00225639 , 0.00855612371723 , 1574442426.8565562
0.630180070715 , 0.355986198795 , 0.153363185401 , -0.000117229 , -2.42766e-05 , 213 , -122 , 238 , 8351.464009181336 , 45722.740778427935 , 0.685057938803519 , -0.000368367 , 0.00252712 , 0.00357593891233 , 1574442426.9999797
0.546807738325 , 0.408797041709 , 0.0116161952509 , -8.53946e-05 , -3.91736e-05 , 207 , 66 , -74 , 3382.0385732944897 , 146161.98237527627 , -2518.5715423140373 , 0.00184752 , 0.00244097 , 0.00416517395806 , 1574442427.1433187
0.644454222136 , 0.472152795265 , -0.140864747473 , -5.28384e-05 , -4.18651e-05 , 191 , 180 , -172 , 401.7633255892658 , 74979.34485930005 , 0.055976915489851335 , 0.00507445 , 0.00302234 , 0.00976897642113 , 1574442427.2866912
0.749366530995 , 0.514754208133 , -0.338487107185 , -9.6167e-05 , -8.25307e-05 , 171 , 172 , -174 , 3040.603235013869 , 6737.022091933215 , -5496.963778927813 , 0.00140755 , 0.00053782 , 0.00441736598663 , 1574442427.4300458
0.851916918723 , 0.54390189722 , -0.505966175423 , -0.000118761 , -9.71434e-05 , 195 , -129 , 68 , 1195.8345332136828 , 39756.071337303365 , -42954.043117288864 , -0.00127538 , -0.000986611 , 0.00509364542011 , 1574442427.573345
0.815138874982 , 0.634578500645 , -0.655653349669 , -2.43823e-05 , -0.000168355 , 197 , 128 , 0 , 183.4768002682926 , 15483.93769600092 , -19888.424949834003 , 0.00139963 , 0.000286164 , 0.00164655050758 , 1574442427.7167268
0.927986601837 , 0.62144416169 , -0.800929310529 , -0.000144475 , -7.73002e-05 , 197 , 174 , -230 , 0.010783104574023759 , 1322.8430746240638 , -6402.183531614372 , -0.00249078 , -0.00018236 , 0.00522008502901 , 1574442427.8599792
1.03079675151 , 0.583624546112 , -0.869009037126 , -0.000167344 , -4.12853e-05 , -84 , -168 , -180 , -577.806228512657 , -1.302922609613286 , -229.65445835347532 , -0.00215515 , 0.000924939 , 0.00586148987339 , 1574442428.0034406
1.04533090339 , 0.526402002757 , -0.555077684459 , -6.84322e-05 , 3.01587e-05 , -173 , 62 , -129 , -3307.937536492977 , 3374.721237990285 , -18546.683263359853 , 0.000844575 , -1.59923e-05 , 0.00380921345965 , 1574442428.1472907
1.10416620095 , 0.418911118463 , -0.380393634356 , -6.63159e-05 , -6.93282e-05 , -224 , 172 , -177 , -17427.00600931769 , 570.5842604519707 , -14880.386465719144 , 0.00289828 , 0.000359743 , 0.00754805471674 , 1574442428.2901185
1.18322748969 , 0.320259874183 , -0.209532635855 , -0.000136213 , -5.64525e-05 , -195 , 166 , -180 , -79621.8669389458 , 41.234453193899554 , -8981.15140167466 , -0.00161916 , -0.000415244 , 0.00248450297992 , 1574442428.4338875
1.27129244078 , 0.253519133551 , -0.0345545048603 , 3.34407e-05 , -3.76672e-05 , 207 , 130 , -200 , -50863.51285401607 , 63.09394189130693 , -198.51430847736347 , 0.00280128 , 0.000565354 , 0.00322301853642 , 1574442428.5770454
1.34357726968 , 0.301030744121 , -0.123955096159 , -0.00022568 , -0.000141864 , -177 , -73 , 138 , -19617.888928011125 , -185.32067872803768 , 62.92341108983422 , -0.00185943 , -0.00296591 , 0.00404780325178 , 1574442428.7203298
1.27854042325 , 0.269831375901 , 0.0977818967325 , -0.000151549 , -6.92095e-05 , -177 , -188 , 124 , -920.8298912089986 , -6447.867484373466 , 1407.7129335533361 , -0.00222841 , 8.05497e-05 , 0.00611102643516 , 1574442428.8635948
1.18780768547 , 0.204450552325 , 0.214826091919 , -0.000237607 , 1.25262e-06 , 196 , 130 , 185 , 2290.9306423440144 , -36862.6099308717 , 4915.363617998785 , -0.00310031 , -7.00434e-05 , 0.00533826467999 , 1574442429.0068507
1.18547618288 , 0.202197540718 , -0.139541383457 , -0.000243018 , -8.25076e-06 , -188 , -132 , -76 , -1965.712047244325 , -78064.38759492287 , 59633.07809594409 , -0.00215747 , 0.00273533 , 0.0092596765742 , 1574442429.1513321
1.18436240329 , 0.2033131806 , 0.206885907823 , -0.000143156 , -0.000100088 , 200 , 138 , 0 , 667.8295853896628 , -47568.701233668726 , 27603.813945820875 , -0.00084021 , -0.000727127 , 0.00120386009378 , 1574442429.2937908
1.17352635059 , 0.205235136908 , -0.189241054278 , -0.000148515 , -0.00012586 , 199 , -128 , 200 , 26468.395820711423 , -6944.624160982964 , 1243.7539677894517 , -0.00100158 , -0.00202033 , 0.00682865479091 , 1574442429.4408705
1.08063713275 , 0.286175523478 , -0.361719497687 , -4.78703e-06 , -5.90824e-05 , 200 , -166 , 183 , 1.313897230252592 , -31844.92094791562 , 2874.520830840669 , 0.00395508 , -0.00107556 , 0.0120928859885 , 1574442429.58443
0.993739485677 , 0.36690748195 , -0.468911982977 , -0.000149011 , -8.57324e-05 , -62 , -188 , 180 , 40672.344049268766 , -6536.374544482457 , 2681.614163699086 , -0.00126141 , -0.000352385 , 0.00305814692687 , 1574442429.727737
0.884295652564 , 0.36566564602 , -0.368924479551 , -4.06681e-05 , -5.54747e-05 , 169 , 64 , 202 , 1938.9457863156965 , -44907.21528656952 , 9050.192694625312 , 0.000206081 , 0.000538335 , 0.00101851941397 , 1574442429.8711514
0.868138955675 , 0.362656757165 , -0.753141165509 , -0.000176251 , -0.000138185 , -166 , -125 , 204 , -63.444567913687514 , -13674.058589533717 , 2762.3349845737007 , -0.00197369 , -0.000965544 , 0.00487291173293 , 1574442430.0144897
0.778602830336 , 0.417567778443 , -0.707117505844 , -0.000141216 , -0.0001139 , -63 , -180 , 175 , -5771.516238122514 , -543.1992426144276 , 78.24961441687253 , -0.0014847 , -0.000418192 , 0.00252309127757 , 1574442430.1578364
0.684215783398 , 0.427556647315 , -0.510818510148 , -0.000144219 , -0.00012596 , -212 , 129 , -196 , -636.6196400310214 , 273.94794575374345 , -2.3020762378435 , -0.00024844 , -0.00142953 , 0.00292830598266 , 1574442430.3013396
0.711400485029 , 0.335811374555 , -0.376864663647 , -0.000138477 , -0.000102342 , -181 , -68 , 0 , -2578.441570542309 , -1693.5746848063932 , -3984.0560234184545 , 0.000515678 , 0.00033333 , 0.00527032163283 , 1574442430.4444783
0.711956093597 , 0.333007498293 , 0.0891065104058 , 0.000171812 , 4.41771e-05 , -193 , -174 , -251 , -2721.5261433849505 , -2.311306861366044 , -30034.879317007493 , 0.00347793 , 0.00121198 , 0.00534367626839 , 1574442430.587773
0.731486136568 , 0.324851088123 , 0.534786102881 , 3.00142e-06 , -0.00017105 , -198 , 61 , -173 , -2038.2069255803833 , 4638.10077732202 , -86159.56631978741 , 0.00191206 , 0.000558174 , 0.00464938413856 , 1574442430.7313254
0.843702941351 , 0.316282865514 , 0.678885740171 , -0.000180053 , -0.000102969 , -186 , 188 , 65 , -37.170523717196446 , 26.556359519967963 , -102373.83819156756 , -0.00143004 , -0.0014483 , 0.00734210059956 , 1574442430.8746636
0.908859441017 , 0.244002569971 , 0.568458365064 , 6.47939e-05 , 3.21076e-05 , -138 , 129 , -69 , -1435.4630747512942 , 14843.059304315238 , -27063.594900481807 , 0.00198757 , 0.000791252 , 0.00734905863852 , 1574442431.0179884
1.01651843806 , 0.246704068962 , 0.747847709445 , 1.37373e-05 , -0.000178788 , -189 , -119 , -206 , -4863.009379542905 , 60697.32651264975 , -0.11963263464574045 , 0.00100826 , -6.2924e-05 , 0.00173686291338 , 1574442431.161224
1.02480717638 , 0.22958546999 , 1.1342700021 , -0.000278128 , -6.63036e-05 , -180 , 88 , 0 , -1165.002935850396 , 20484.319187959423 , 4731.285483270175 , -0.00277154 , -0.00343069 , 0.00480385735505 , 1574442431.3049076
1.12981666933 , 0.179579396159 , 1.00075727693 , -0.000272667 , -0.000148979 , -181 , 172 , 181 , -166.32177120925041 , 6456.369962553947 , 1.44220800447232 , -0.00358513 , -0.00106685 , 0.00641951624722 , 1574442431.4480135
1.22456989881 , 0.131657907388 , 0.832543006465 , -0.000140701 , -0.000123759 , 173 , 198 , 185 , 10.895702963652585 , 110.10826792801815 , 2806.0524506506044 , -0.000957108 , -0.00243923 , 0.00280035028206 , 1574442431.5913103
1.26197007459 , 0.0923939927693 , 0.507289539439 , -0.000111222 , -0.000137066 , 0 , 183 , 188 , 3364.4139001480157 , 10914.296945668182 , 18597.403105009005 , 0.00115293 , 0.00048843 , 0.0039129740253 , 1574442431.7347696
1.26313887969 , 0.0903906958034 , 0.028819927458 , 5.57042e-05 , -0.000225141 , 194 , 177 , 175 , 20356.15294263854 , 3403.079471211358 , 6740.928394713443 , 0.00314003 , -0.00146054 , 0.00348654379438 , 1574442431.8781476
1.26335738019 , 0.0912075241597 , -0.464500769591 , -0.000139288 , -8.42085e-05 , 198 , 234 , 222 , 85255.2305261066 , 81.07927659252344 , 2990.760890744748 , -0.000406241 , 0.000220403 , 0.00137850747945 , 1574442432.0215259
1.25025350693 , 0.0974609551664 , -0.883713081747 , -0.000151064 , -7.30165e-05 , -173 , -68 , 115 , 112588.45319570515 , -764.9078766461104 , 3776.4030849744745 , -0.000781091 , 0.00105318 , 0.00371199899686 , 1574442432.1648176
1.15099092653 , 0.147401209457 , -0.773726827979 , -0.000125874 , -7.91286e-05 , 165 , -190 , 196 , 20080.070179514787 , -12104.215456528806 , 12989.01865293732 , -9.94882e-05 , 0.000170164 , 0.00150902912458 , 1574442432.3081422
1.10568031702 , 0.254469444182 , -0.882242677285 , -0.000103646 , -0.000177301 , -196 , -187 , 183 , -47.53475648702262 , -24069.327815824516 , 17496.265169086782 , -0.00173878 , -0.000660841 , 0.00199696384712 , 1574442432.4515111
1.02772119817 , 0.331442889808 , -0.8428358377 , -9.83959e-05 , -5.92835e-05 , 0 , -177 , 181 , -44441.905223991314 , -24547.000899327355 , 4680.75948508089 , 0.00122069 , 0.00143559 , 0.00227032298623 , 1574442432.5948207
0.992756404748 , 0.444113746433 , -0.961497477795 , -0.000171814 , -0.00011679 , -192 , -244 , 238 , -8254.102485015039 , -13702.844173994787 , 1035.3686869316366 , -0.00093052 , -0.0012539 , 0.00313219746153 , 1574442432.7383788
0.887678016634 , 0.500953764621 , -0.81019285864 , -0.000203597 , -0.000158541 , -175 , -236 , 171 , -30799.00154387983 , -1576.7311089471439 , -0.218684156983107 , -0.000333071 , -0.000342698 , 0.000761951062139 , 1574442432.8816226
0.788654061474 , 0.531700709977 , -0.578604155853 , 9.54709e-05 , -0.000138726 , -208 , -187 , 0 , -22973.204640152948 , -28.701084468302817 , -414.2032968068249 , 0.00343646 , -0.000283818 , 0.00348885616026 , 1574442433.0264912
0.799537990145 , 0.523056608467 , -0.175125171441 , -0.00017867 , -2.46302e-05 , 128 , 67 , -177 , -50616.67971777797 , 197.29834962459887 , -23544.120298038903 , -0.00155124 , 0.00327791 , 0.00447263232512 , 1574442433.1683779
0.902694117557 , 0.556157061963 , -0.257467821321 , 4.49365e-05 , -9.26427e-06 , -191 , 185 , -190 , -31215.56283239547 , 5478.416849488301 , -80814.03990430289 , 0.00341864 , -0.000549166 , 0.00442662071423 , 1574442433.3115826
0.984158055963 , 0.485275909148 , -0.0829308116648 , -0.000526733 , -0.000198043 , -214 , -123 , -200 , -27133.291806834262 , 50299.36868820426 , -148500.5000018066 , -0.00637172 , -0.00144154 , 0.00669953073972 , 1574442433.4549925
0.997559591124 , 0.477097378014 , 0.362160619026 , -9.65721e-05 , -9.42516e-05 , -194 , 120 , -200 , -68251.89563753887 , 88064.56633997502 , -1909.2675730548333 , 0.00149418 , 0.00156127 , 0.00642035739801 , 1574442433.598329
1.10966596787 , 0.46815537378 , 0.515376763981 , -0.000115015 , -0.000139771 , 193 , 187 , -192 , -179406.647818304 , 94162.80835056897 , -5139.377198406339 , 0.00133591 , -0.00046129 , 0.00154672011699 , 1574442433.7418025
1.16906230316 , 0.559755316544 , 0.430093305177 , -0.000134831 , 3.64068e-05 , -185 , -129 , -180 , -161482.75900878073 , 36864.41156788757 , -112.00305327093254 , -0.00104365 , 0.00253593 , 0.00410782943778 , 1574442433.884905
1.16753173585 , 0.560190462351 , 0.780931809844 , -0.000136665 , -0.000217195 , 166 , 143 , 78 , -64623.337431218286 , 12436.869612038628 , 19679.083961896296 , 0.000683623 , -0.00488584 , 0.00605001709682 , 1574442434.0283134
1.17518257146 , 0.551646087664 , 0.380981796141 , -0.000242398 , -9.69522e-05 , -194 , 187 , 130 , -7715.631302966267 , 18.84072813708749 , 76267.39035196598 , -0.00197692 , 0.00151257 , 0.0077055006916 , 1574442434.17178
1.20544132932 , 0.445520928293 , 0.239528886883 , -0.000165949 , -0.000158368 , -201 , 125 , 178 , -83664.88733765243 , 9.475667368364785 , 158096.04549310176 , 0.000195897 , -0.00273637 , 0.00349538205803 , 1574442434.3151538
1.19723174516 , 0.3451323162 , 0.146305243983 , -0.000158194 , -8.96122e-05 , 161 , 0 , 182 , 29.005197956241894 , -12782.85775727934 , 526015.327460707 , -0.000672133 , 0.00193053 , 0.00354522958667 , 1574442434.4586833
1.09185877896 , 0.340928741761 , 0.111750739123 , -0.000146116 , -0.000113863 , 69 , -249 , 196 , -62496.973832610056 , -5.010891358478051 , 330320.7994288453 , 0.000175332 , 0.000149595 , 0.000278934524607 , 1574442434.601817
0.989946497761 , 0.38386294804 , -0.0780784769397 , -0.000183505 , -8.85568e-05 , 200 , -124 , 181 , -48922.12097516512 , -49.0783914465906 , 197717.6668370732 , 0.000338548 , 0.00116945 , 0.00721632108108 , 1574442434.7452424
0.916919356048 , 0.438112349461 , -0.24158745313 , -0.000137091 , -0.000106371 , -122 , -137 , -133 , -16383.342950454933 , -1207.5011873934732 , 121034.72244783671 , 0.000212037 , 0.000110214 , 0.00023899562957 , 1574442434.888469
0.901939644257 , 0.440220818338 , 0.175125171441 , -0.000230075 , -0.000136285 , -192 , -187 , 66 , -15859.790406105054 , -51.412451018460786 , 87139.82833095873 , -0.00267189 , -0.00326733 , 0.00486393641852 , 1574442435.0318596
0.827100621923 , 0.367994341452 , 0.279670928699 , -0.000205691 , -9.74781e-05 , 128 , 69 , 141 , -60544.96391557373 , 2967.910367271194 , 7572.69892903061 , -0.00295297 , 0.000194343 , 0.00444157727699 , 1574442435.1751964
0.825547770871 , 0.365688074652 , -0.0773432747087 , -0.000273786 , -0.000105832 , -222 , -70 , 0 , -142761.87920005983 , 52229.29218059962 , -4061.615503000204 , -0.0016944 , 0.000947508 , 0.00318950657509 , 1574442435.3186173
0.835518041887 , 0.36219731879 , 0.328782437735 , -0.000140673 , -0.000118413 , -220 , 118 , -190 , -133597.74090474867 , 14697.109595296366 , 37217.86555768732 , 0.000480967 , -0.000526867 , 0.00135007979574 , 1574442435.4621105
0.947227479682 , 0.349624848 , 0.481704501798 , 1.45271e-05 , -0.000196048 , 193 , 190 , -192 , -62102.82858095961 , 19747.80459952694 , 38863.57951804703 , 0.00113505 , -0.000178072 , 0.00350695508494 , 1574442435.6053133
1.01629377406 , 0.448339977308 , 0.341869037448 , -0.000428417 , -3.00352e-05 , 191 , 177 , -222 , -111600.18062522876 , 85269.21114545921 , -7031.950843294532 , -0.00436048 , 1.44343e-05 , 0.00445469432042 , 1574442435.7485886
1.08125941191 , 0.526880296523 , 0.202033573098 , -0.000147351 , -9.71878e-05 , -201 , -69 , 77 , -91198.41185809959 , 62791.48897706703 , 4397.325079646178 , -0.000864293 , 0.00038693 , 0.00480424991177 , 1574442435.8920095
1.01743570914 , 0.461078148387 , 0.348338817081 , -0.000109095 , -6.70122e-05 , -190 , 125 , -67 , -10242.252521663117 , 3304.700200682619 , 53454.36975723987 , 0.00131108 , 0.000891638 , 0.00161198123095 , 1574442436.035321
1.11542883898 , 0.437337349438 , 0.453178655232 , -0.000124346 , -0.000114256 , 192 , 192 , 72 , -56590.42299714912 , 1619.7477067080617 , 98216.39472951097 , -0.00247889 , -0.000842121 , 0.00575628878716 , 1574442436.1801097
1.13190400711 , 0.43743649723 , 0.0689619692745 , -0.000168296 , -9.95381e-05 , -195 , 200 , -69 , -292100.5425524533 , 6480.792636120907 , 119004.25925466303 , -0.000964233 , -0.0010619 , 0.00467485510847 , 1574442436.3220842
1.23699556676 , 0.389246915753 , 0.202621734883 , -0.000138715 , -0.000127405 , -221 , 177 , -171 , -133494.29314075108 , 8408.787529995276 , 109552.4468281926 , 5.4431e-05 , -0.000300437 , 0.00211591539 , 1574442436.4653935
1.34532050754 , 0.353945593243 , 0.400391135041 , -0.000192716 , -4.68152e-05 , -176 , -120 , -196 , -18735.121679039792 , -234.7752915445554 , 367306.23983127583 , -0.00213053 , 0.00285951 , 0.00361544032845 , 1574442436.6087024
1.35234681913 , 0.351125126507 , 0.778138041366 , -7.78271e-05 , -5.81808e-06 , 161 , 132 , 72 , -322593.74857811513 , 21597.246708363367 , 30629.0511916858 , 0.000937579 , -0.000454763 , 0.00107583755166 , 1574442436.7520876
1.35636273073 , 0.361320095714 , 0.388186778006 , -0.000179479 , -0.000270094 , 189 , 181 , -64 , -261615.33525852385 , 1913.1758654191133 , 101846.72950317113 , 0.0026857 , -0.00105474 , 0.0038973634375 , 1574442436.8955023
1.40947626086 , 0.445700968216 , 0.212620485226 , -0.000240559 , -9.93782e-05 , 215 , -66 , 71 , -65370.63642512022 , -2370.295525877551 , 277827.5245170581 , -0.00383702 , -0.00132297 , 0.00648100738884 , 1574442437.0387404
1.30193978381 , 0.481534578753 , 0.0669034030275 , -0.000111908 , -3.57002e-06 , 192 , -174 , 171 , 20204.595790572555 , -72756.30427529181 , 402725.3918087859 , -0.00111764 , 0.00396112 , 0.00550353479983 , 1574442437.182182
1.19004212382 , 0.528049685591 , -0.0632273918721 , -6.46674e-05 , -4.98512e-05 , -188 , -190 , 196 , -1582.3814048009294 , -20734.19253723027 , 355139.28032809834 , 0.000367151 , -3.9867e-05 , 0.000517142272983 , 1574442437.3255696
1.09095744439 , 0.485502037741 , 0.0305844128126 , -0.000111665 , -0.00012011 , 195 , 67 , 137 , -47303.986267433225 , -35183.31867351501 , 727512.7035752512 , 0.00182403 , 0.00197826 , 0.00539031317069 , 1574442437.4688752
1.07657763401 , 0.487130458478 , -0.379805472571 , -5.19505e-05 , -2.50084e-05 , 194 , -64 , 192 , -189651.05126288344 , -953.1630922059366 , 464389.5842802924 , 0.000291686 , 0.0010603 , 0.00143597785153 , 1574442437.6151466
1.00906312447 , 0.574214065853 , -0.581692005223 , -6.66455e-07 , -0.00029925 , 219 , 63 , 138 , -503121.5681949537 , 5177.961466185941 , 209984.26816530302 , 0.00363805 , -0.00491973 , 0.00612278567024 , 1574442437.7600026
1.00731649456 , 0.579308187043 , -1.05001582642 , -8.63701e-05 , 3.52168e-05 , 187 , 230 , 242 , -241263.00774328547 , 388.517173033516 , 488716.11426200205 , 0.00100747 , 0.00317213 , 0.00455395413577 , 1574442437.9033387
0.999608660015 , 0.574384920055 , -1.51275211065 , -5.41558e-05 , -7.58218e-05 , -194 , 187 , 202 , -465872.5474467857 , 28540.8338831208 , 77755.8430398199 , 0.00146749 , -0.000960636 , 0.00524290479572 , 1574442438.0464923
0.890115010926 , 0.577086399232 , -1.65935143553 , -0.00013491 , -0.000138707 , -192 , -120 , 200 , -932006.4588407848 , 233899.24746334442 , 31971.67207400953 , 0.000163705 , -0.00195136 , 0.00518878551154 , 1574442438.1897295
0.845319405137 , 0.662337764724 , -1.52936768107 , -0.000176092 , -0.000124895 , 195 , 137 , -130 , -645687.2794914672 , 475848.58483365265 , -11654.059684872345 , -0.00112895 , -0.000533944 , 0.00185012391456 , 1574442438.33308
0.907663173242 , 0.578278920996 , -1.63494272146 , -0.000157794 , -0.000127068 , 219 , -119 , -192 , -99606.83662842114 , 165912.93026306957 , -536397.5822740461 , -0.00114706 , -0.000451462 , 0.00215294632844 , 1574442438.4764733
1.00548528705 , 0.568358673068 , -1.52142749698 , -4.13075e-05 , -0.000202538 , -185 , 70 , 75 , -1165.83614296444 , 16839.62316692017 , -1213956.198041388 , -0.000628565 , -0.00192276 , 0.00338301139123 , 1574442438.6198587
0.910839260709 , 0.563052478934 , -1.606122794 , -0.000152872 , -8.46231e-05 , -194 , -65 , -73 , -3594.1312961165663 , 168129.2458612967 , -1585473.825154165 , 0.00112038 , 0.00171068 , 0.00332194816475 , 1574442438.763127
0.900981766464 , 0.55386217356 , -1.1807347831 , -0.000157205 , -0.000169378 , -217 , 122 , -180 , -613.3044650442764 , 32530.467893868197 , -1516795.6980488729 , 0.000341817 , -0.0039441 , 0.00400638770429 , 1574442438.906598
0.894905274025 , 0.441754760848 , -1.02795975948 , -0.000222102 , -0.000169398 , 158 , 187 , -200 , -63734.919903535854 , 147159.56647266986 , -861066.3743871826 , -0.00326693 , -0.00118659 , 0.00407786996795 , 1574442439.0499554
0.997653391385 , 0.378960112925 , -1.16794226428 , -0.000196616 , -0.00013599 , 187 , 185 , -183 , -0.8016458008751883 , 19995.62890925744 , -2374692.7179322205 , -0.00113989 , -0.000987109 , 0.00172629749457 , 1574442439.1932542
1.07075803926 , 0.303335752684 , -1.31101261845 , -0.00017053 , -0.000136208 , -128 , 134 , 96 , -96583.23360953383 , 341689.8592850978 , -704209.226901969 , -0.00135758 , -0.00101972 , 0.00365663693391 , 1574442439.3378959
0.962122847135 , 0.270055489679 , -1.47011038125 , -8.89977e-05 , -0.000114259 , -192 , 172 , 183 , -145015.46398978416 , 283168.3173825383 , -177438.99644240952 , 0.00141029 , 0.0010216 , 0.00503404216725 , 1574442439.4799604
0.8554215019 , 0.247797661291 , -1.62288540487 , 3.74339e-05 , -0.000187269 , 194 , 190 , -70 , -183924.87974810996 , 202430.65504547185 , -139548.64524664203 , 0.00127615 , -0.00160294 , 0.00403626052426 , 1574442439.6234434
0.90242499909 , 0.143784954042 , -1.77301370045 , -0.000152345 , -0.0001318 , 191 , 177 , -224 , -300193.81077425246 , 149559.45995105416 , -80469.0993512338 , -1.02434e-05 , -0.0007675 , 0.00212527911723 , 1574442439.7694592
0.934346259931 , 0.0230863151584 , -1.91358436703 , -4.14419e-05 , -0.000116642 , -194 , 192 , -204 , -90039.57866206898 , 86883.77928511759 , -274762.52377539134 , 0.00299266 , -0.000460538 , 0.00515193334463 , 1574442439.914732
0.847599101086 , -0.0593996556322 , -1.76669096126 , -0.000156951 , -0.000127296 , -192 , 171 , -234 , -3783.0472799343634 , 26804.853402790217 , -733899.9455470176 , -0.00136047 , -0.000821897 , 0.00265846317266 , 1574442440.057379
0.765787343706 , -0.154756300158 , -1.59641812455 , -5.81963e-05 , -5.44991e-06 , -194 , 228 , -181 , -4015.7109041381245 , 3535.6131145380446 , -668340.1406042257 , 0.000369642 , 0.0020303 , 0.00236352469991 , 1574442440.2010005
0.707494393575 , -0.250557211061 , -1.39306118743 , -0.000120451 , -0.000120408 , -193 , -175 , -128 , -12523.399335744689 , -9.455928627515881 , -536752.0799992562 , 9.01064e-05 , -0.000100993 , 0.00135783242496 , 1574442440.344336
0.680304593241 , -0.295608309606 , -1.07868871343 , -0.000265961 , -0.00012488 , -164 , 0 , 70 , -9902.703091582678 , -285.25735431666016 , -378941.3643413362 , -0.00292162 , 0.000453123 , 0.00370077365586 , 1574442440.4874506
0.581646568752 , -0.235395423336 , -0.906651391357 , -0.000145791 , -0.00011139 , -195 , -165 , 175 , -4635.739665156676 , -2746.361658726344 , -252758.89229333174 , -0.00153784 , -0.00163314 , 0.00236403886921 , 1574442440.630814
0.477783290042 , -0.192134423769 , -0.701382928442 , -7.14235e-05 , -6.44482e-05 , -146 , -247 , -68 , -1058.952734076014 , -13874.953241212763 , -139380.00638640102 , 0.00413587 , 0.000886118 , 0.00536582209542 , 1574442440.7742648
0.461376636924 , -0.187711523592 , -0.255850376413 , -3.25869e-05 , 6.89855e-06 , -217 , -234 , 123 , -434.4576645380677 , -8023.261287592299 , -52142.63111462729 , 0.00160973 , -0.000587666 , 0.00398956209738 , 1574442440.917539
0.360594336295 , -0.213703841593 , -0.0407302036013 , -0.000108712 , -0.00010843 , -215 , -190 , 0 , -1.3216060904166327 , -509.0951573437063 , -145007.16801576558 , 1.1936e-05 , -0.00130618 , 0.00750887822065 , 1574442441.060998
0.354959636294 , -0.206987289255 , 0.319812970516 , -0.000190951 , -9.92147e-05 , 130 , 137 , 81 , 34.47721518845916 , 321.1850903819209 , -369986.95426348207 , -0.0021044 , -0.00189912 , 0.00457242107007 , 1574442441.204285
0.377277746211 , -0.241592479378 , 0.0420535676173 , -0.000287165 , -9.9522e-05 , 0 , 198 , -68 , -2938.745615436502 , 32677.48527777066 , -87323.58297808666 , -0.00396135 , 0.000160077 , 0.00481296118497 , 1574442441.3475897
0.47046287589 , -0.302628071775 , 0.1495401338 , -7.66629e-05 , -7.71794e-05 , -194 , 177 , 64 , -4992.698969212722 , 136510.60304237006 , -108837.57554708525 , 0.00122352 , -0.00206 , 0.00815051736704 , 1574442441.4909961
0.482959468436 , -0.415452441344 , 0.0342604239679 , -0.000183287 , -8.98741e-05 , -222 , -125 , 192 , -77497.75849310214 , 296635.5098692051 , 25.512945353693024 , -0.000537222 , 0.0032632 , 0.00580992139071 , 1574442441.6344569
0.391882169051 , -0.476103525049 , 0.21556129415 , 0.000110669 , -0.000117495 , -200 , -177 , 118 , -26471.74677925056 , 234110.3582633148 , -32773.564222602865 , 0.00293109 , 0.000229077 , 0.00350132502955 , 1574442441.7777154
0.308794682865 , -0.550008619813 , 0.422300161527 , -6.00277e-06 , -0.000109088 , -197 , -180 , -68 , -27389.211839611446 , 108256.91096996954 , -434.3757601786072 , 8.17577e-05 , 0.0022806 , 0.00370917862153 , 1574442441.9209867
0.316584374882 , -0.55376738347 , 0.87003832025 , 3.06328e-05 , -0.000228372 , -220 , 64 , -194 , -841.8475108638424 , 14396.799444159737 , -16852.44094893059 , 0.00587742 , -0.0016794 , 0.00745876905772 , 1574442442.0644898
0.412894184045 , -0.530111993917 , 1.04281084455 , -9.32828e-05 , 5.6528e-05 , -175 , -128 , 71 , -271.2091076923948 , 45074.1266390667 , -41679.59535946755 , 0.000552326 , 0.00564695 , 0.00586585326288 , 1574442442.2077167
0.415201707403 , -0.64388546342 , 1.20705502297 , -0.000158398 , -8.37172e-05 , -192 , -181 , 175 , -252.930387175283 , 175472.44332812668 , -130837.91354226848 , 9.62903e-05 , -0.0012366 , 0.00124443483991 , 1574442442.351614
0.440157280277 , -0.746377316407 , 1.38423876066 , -0.000255689 , -0.000185326 , -235 , 134 , -98 , -21053.003155225306 , 336894.26306279533 , -355.82670751621816 , -0.000154513 , -0.00241555 , 0.00255226678618 , 1574442442.4944618
0.512615297882 , -0.683331879334 , 1.54436580659 , -0.000112148 , -1.86101e-05 , -194 , -123 , 88 , -11970.930154485593 , 105098.05861181984 , 4932.6309637818185 , -0.0015491 , 0.000357528 , 0.00209391699233 , 1574442442.6389449
0.569381709332 , -0.781451761379 , 1.70802182322 , -0.000214135 , -0.000138431 , -195 , -171 , 183 , -6876.180574734708 , 173329.88895444322 , 2233.8615986221 , -0.000119238 , -0.000642774 , 0.00458375803525 , 1574442442.781086
0.64500777779 , -0.881015571583 , 1.87991210485 , -0.000148376 , -0.000101332 , -202 , -183 , 228 , -4591.018276034247 , 308288.1741641604 , 761.2626362773793 , -0.000571552 , 0.000243434 , 0.00311893527901 , 1574442442.9245028
0.738810021447 , -0.954888881072 , 2.02239429723 , -0.000174386 , -5.48435e-05 , -195 , 128 , 204 , -920.275399255247 , 91759.25438591992 , 30992.00669150289 , -0.000877179 , 0.000880984 , 0.00165928386697 , 1574442443.068024
0.846553713589 , -0.918011596338 , 1.90961427498 , -0.000334064 , -0.000104579 , -194 , -121 , 198 , -34.96707196469794 , 118543.54364934351 , 27058.530432618456 , -0.00184589 , -0.000669181 , 0.00423105985692 , 1574442443.2110465
0.931119374791 , -0.98599992361 , 2.0022497561 , -0.000132916 , -0.000129521 , -137 , 132 , 140 , -1.7811556434018713e-06 , 215521.73715912327 , 23893.06383146183 , 0.00213761 , 0.00153191 , 0.00400832748915 , 1574442443.3546033
1.01177258796 , -0.954089280559 , 1.77051401287 , -0.000251294 , -0.000142507 , 70 , 251 , 244 , 8.334220986376897 , 414308.107714104 , 24316.406010343308 , -0.00473244 , -0.000564361 , 0.00566199719661 , 1574442443.4984598
1.0689768418 , -0.941819024503 , 1.43393843148 , -0.000187804 , -0.000110802 , 0 , 194 , 187 , 7173.522642631183 , 210724.0619199599 , 4052.0693881925445 , -0.00127872 , -0.000408678 , 0.00136404862377 , 1574442443.6414418
1.06499192132 , -0.949867161261 , 0.985318030081 , -0.000311861 , -0.000132251 , 178 , -121 , 198 , 6291.195975352445 , 650863.4284314523 , 1753.2898268734493 , -0.00236674 , 0.00117828 , 0.00264585173883 , 1574442443.7846212
0.978676175359 , -0.985358401941 , 0.856216518305 , -2.35121e-05 , -8.37035e-05 , -182 , 130 , -143 , 50965.55400185336 , 470360.12423872657 , -25.9335729863299 , 0.0034285 , 2.78478e-05 , 0.00402370507865 , 1574442443.9280107
1.06482325353 , -0.981810770827 , 0.949440161205 , -0.000238706 , -0.000306019 , -244 , -90 , -68 , 187459.8805608066 , 130852.33673540072 , -2743.141870585289 , -0.0029806 , -0.00162167 , 0.00365269128969 , 1574442444.0713348
1.07579831769 , -0.969553032192 , 1.34365559751 , 2.55531e-05 , -0.000270389 , 163 , 140 , -138 , 205157.25425646448 , 87.44076767670052 , -1367.9132764136527 , 0.000841623 , -0.00209094 , 0.00285473518347 , 1574442444.2146635
1.02295656981 , -0.878223127957 , 1.29322072445 , -2.4135e-05 , -2.29412e-05 , 205 , 127 , -190 , 92823.42367434691 , 29.026001451142907 , -3862.977591310494 , 0.00479616 , 0.00169286 , 0.00689261698959 , 1574442444.3580227
0.966531780609 , -0.780282730857 , 1.22293539116 , -0.000178571 , -0.000170811 , 206 , 0 , -210 , 200769.49801622189 , -1415.9352735949733 , -3096.982659968824 , -0.000492221 , -0.000693011 , 0.0044066114625 , 1574442444.5013745
0.861022225121 , -0.728847346003 , 1.3515957816 , -0.000285199 , -0.000168884 , 188 , 62 , -194 , 291058.18710353423 , 24423.793620779434 , -15384.85776385789 , -0.000394659 , -0.00125818 , 0.00176980542215 , 1574442444.6447594
0.819770745364 , -0.615300365122 , 1.20955471056 , -2.00381e-05 , -0.000277252 , 196 , 222 , -222 , 223707.393399977 , 7736.629750624332 , -2790.568060634974 , 0.00184767 , -0.00351764 , 0.00559927532106 , 1574442444.7881713
0.798942277241 , -0.490835823977 , 1.04692797705 , -0.000104132 , -0.000121296 , 173 , 234 , -238 , 145536.88178049645 , 358.61676323526535 , -8.08833789198359 , 0.00226443 , 0.000310087 , 0.00410717484076 , 1574442444.9314215
0.798341117284 , -0.387326536046 , 0.82107385166 , -0.000312007 , -0.00014566 , 193 , 192 , 61 , 90697.27342532645 , 19007.88443178802 , 58.52727234496203 , -0.00165309 , -0.00134205 , 0.00228206186226 , 1574442445.0747533
0.813657325161 , -0.35636317874 , 0.457589868619 , -3.70603e-05 , -0.000227482 , -182 , 206 , 137 , 54570.74871711687 , 4695.16246291729 , 3580.3724117202974 , 0.000346335 , -0.000109649 , 0.00190424293837 , 1574442445.2181296
0.860774215224 , -0.449193776823 , 0.259967508907 , -0.000172168 , -0.00012507 , 194 , 187 , 200 , 23657.320864286372 , 172.02037659817483 , 32354.592967740915 , -0.000304208 , -0.000136012 , 0.00366163439532 , 1574442445.3621252
0.856414740878 , -0.441651706744 , -0.129395592669 , -9.49313e-05 , -0.000129899 , 200 , -124 , -70 , 1630.4561831663093 , -1.144156578587861 , 123329.89447889666 , 0.00119229 , 0.00208108 , 0.00429891233757 , 1574442445.5049584
0.913456595342 , -0.366667500578 , -0.105575040382 , -0.000182085 , -0.000121744 , -169 , 0 , -95 , -3107.5692704573894 , 20.436638138863607 , 120369.34312630094 , -0.000680943 , 2.0507e-05 , 0.0029861964786 , 1574442445.648361
0.963071026705 , -0.394400381876 , 0.210855999871 , -7.71867e-05 , -2.76266e-05 , -164 , -60 , -185 , -42.38776523149599 , -232.11298153745838 , 55291.88112660737 , 0.00102691 , 0.00317254 , 0.00354571705697 , 1574442445.7923656
0.967922810049 , -0.397647487328 , 0.597278292522 , -0.000105507 , 7.02048e-06 , -169 , 141 , 68 , -23406.68089834279 , 47.36345297657465 , 1163.1473182568675 , 0.000782414 , 0.00844835 , 0.0162270313437 , 1574442445.9348943
0.975439488508 , -0.48923428845 , 0.57522222559 , -0.000205918 , -6.39025e-05 , 88 , 0 , 224 , -172957.49960584374 , 1075.7721804325074 , 6267.488782316301 , -0.00166653 , 0.00262424 , 0.00316482026544 , 1574442446.0783577
0.965157786065 , -0.494901665615 , 0.151745740493 , -0.00024573 , -0.0001395 , 197 , -123 , 200 , -59805.8798244114 , -195.40949711333096 , 66225.72022550822 , -0.000782038 , 9.91887e-06 , 0.00571621684937 , 1574442446.2216628
0.871893706805 , -0.445855825973 , -0.00323488981671 , -0.00031477 , -0.000173263 , 195 , -187 , -62 , -0.020161101368252252 , -6673.366065244845 , 192024.5313613772 , -0.00550469 , -0.000441044 , 0.00552700032233 , 1574442446.3652425
0.867798517503 , -0.335599897479 , 0.187035447584 , -0.000179382 , -0.00012524 , 161 , -187 , -230 , 13588.612531058132 , -16235.338775502762 , 123838.05205818366 , -0.00119007 , -0.00129755 , 0.00273014229891 , 1574442446.5083404
0.836179323378 , -0.230977152268 , 0.351426666452 , -5.50769e-05 , -0.000142651 , -191 , -198 , 70 , -414.39673654454526 , -13740.581335407443 , 77831.2458951114 , 0.00158251 , -0.00476474 , 0.00520677098638 , 1574442446.65173
0.758000085544 , -0.31364897621 , 0.511112591041 , -0.000184181 , -8.90209e-05 , -199 , -234 , 178 , -21658.81626525437 , -31.098349948015635 , 7163.668133158902 , -0.00126266 , -2.63811e-05 , 0.00460274688921 , 1574442446.7960389
0.707086023302 , -0.40152449664 , 0.659182320378 , 1.08531e-05 , -0.000241858 , 172 , -137 , -68 , -40642.96207176289 , -35.412614119657945 , 51657.23797891228 , 0.0039032 , -0.00137866 , 0.00415619020923 , 1574442446.938847
0.658211125156 , -0.310712002949 , 0.7671100079 , -0.000247302 , 5.58314e-05 , 202 , -123 , -244 , -109668.0914738157 , -113.06741406694525 , 234193.15332636083 , 0.000112053 , 0.0055446 , 0.00646781205611 , 1574442447.0817606
0.587845793357 , -0.236051451082 , 0.889741740042 , -0.00011582 , -0.000134888 , -167 , -190 , 70 , -31802.91714748508 , -57.425309092067266 , 153641.12200801456 , 0.00250412 , -0.0015465 , 0.00758887640778 , 1574442447.2250717
0.579983908538 , -0.328463525311 , 1.04089931875 , -0.000217405 , -0.000148543 , -202 , -128 , -68 , -888.0291812743218 , -4.933885007346423 , 52119.15475830987 , -0.00217926 , -0.000619491 , 0.00309657873124 , 1574442447.3685045
0.605469707376 , -0.330998793226 , 1.40541258492 , -9.66872e-05 , -9.38743e-05 , -211 , -64 , 70 , -6172.2304487098345 , -11.402998493184286 , 132645.90030849882 , 0.000853553 , 0.00132604 , 0.00424594316187 , 1574442447.511663
0.664533521263 , -0.405958173431 , 1.44231973692 , -0.000134843 , -0.000109856 , 183 , 0 , 193 , -45536.6987318865 , -0.5984544720772038 , 342682.54875544127 , 0.00131466 , -0.000341341 , 0.00274531293057 , 1574442447.6551712
0.63474089824 , -0.449046856102 , 1.21278960037 , -0.000141692 , -0.000142373 , -166 , 0 , -102 , -18812.185419255544 , 11.860807460470989 , 233752.77466948592 , 0.00188357 , 9.33285e-05 , 0.00340372223807 , 1574442447.7986233
0.665007470317 , -0.409686882202 , 1.48334402141 , -0.000336268 , -0.000183737 , 207 , -66 , -133 , 2012.5545448739238 , -2368.9295942824756 , 390292.6682722628 , -0.00268177 , 0.000531885 , 0.00410063550565 , 1574442447.9420297
0.566391451755 , -0.410124178339 , 1.65346981768 , -0.000346079 , -0.000145056 , -164 , -190 , 71 , 33996.201337755985 , -2180.822395573585 , 199581.67607731643 , -0.00105457 , -0.0023926 , 0.00279614705427 , 1574442448.0853512
0.617241907413 , -0.496029282966 , 1.84712208534 , -8.82236e-05 , 1.9979e-05 , -193 , -247 , -62 , -0.37906036094303824 , -39.56653272623395 , 126292.5808566173 , 0.00133648 , 0.00477873 , 0.00600721421107 , 1574442448.2285407
0.6038696256 , -0.49423837148 , 2.24839546306 , -0.000169118 , -0.00012378 , 138 , -137 , -177 , 15892.369425599712 , -5661.641731960848 , 168764.58478513965 , -0.00167772 , 5.42182e-06 , 0.00383755999649 , 1574442448.371911
0.511201221861 , -0.568249469074 , 2.42881409057 , -9.83606e-05 , -0.000122688 , 219 , -224 , -171 , 4065.3728174555117 , -4167.756145343864 , 320483.37023601466 , 0.00283316 , 0.000528838 , 0.00370698682123 , 1574442448.5152912
0.435274054222 , -0.657126315828 , 2.62452492448 , -0.00013918 , -0.000145298 , -191 , -190 , -196 , 34023.617965643505 , -1187.9649651696611 , 122285.23647722903 , 0.00127898 , -0.000547387 , 0.0019713926045 , 1574442448.6587217
0.427076920872 , -0.67251964777 , 3.07005747651 , -0.000200074 , 1.9056e-06 , 192 , -244 , -194 , 286247.8265569919 , -41.379097529222946 , 56780.615927690254 , 0.000556126 , 0.00204484 , 0.0031889844335 , 1574442448.8020527
0.413553223828 , -0.771879958422 , 3.16798641369 , -0.000173509 , -4.14671e-05 , 194 , 66 , 70 , 198957.02915700068 , 90.1997110180451 , 76918.12266068792 , 8.56351e-05 , 0.00221945 , 0.00667700173995 , 1574442448.9452713
0.435452726037 , -0.779965513764 , 2.80950180581 , 2.15633e-05 , -1.36097e-05 , -170 , 130 , 200 , 105398.60003555041 , 2044.027204487929 , 131840.81341649088 , 0.00405421 , 0.000538097 , 0.0044188611952 , 1574442449.0886335
0.460600994069 , -0.674241091575 , 2.67084266503 , -0.000254545 , -0.000150627 , -225 , 181 , -65 , 449012.954359301 , 27847.23398590697 , 117982.37679062702 , 0.000199465 , -0.000277158 , 0.00315736950098 , 1574442449.2320614
0.403967750126 , -0.581000991431 , 2.85170241388 , -0.000194665 , -4.9432e-05 , -220 , -59 , -171 , 323800.3746337491 , 101214.13159430561 , 235998.76666287408 , -0.00322585 , 0.00195252 , 0.00401658186714 , 1574442449.375512
0.402322872536 , -0.576866068846 , 3.23518389761 , -0.000150158 , -0.000163725 , 124 , 130 , 115 , 88005.90204083234 , 84906.83348022914 , 156888.72952173476 , 0.00040954 , -0.00283719 , 0.00595116890036 , 1574442449.5187929
0.401660139101 , -0.566181108762 , 2.83611612658 , -0.000192581 , -9.55497e-05 , -197 , 125 , 196 , 112957.56882324922 , 19282.44457644383 , 91794.32524949512 , -0.00158289 , 0.000761432 , 0.00490866411762 , 1574442449.662256
0.436142993526 , -0.456188619479 , 2.66128503603 , 2.84972e-05 , -0.00025525 , -188 , 226 , 190 , 308100.86953168566 , 2732.0108936480897 , 134749.17799607737 , 0.00154029 , -0.00342929 , 0.00486401429498 , 1574442449.8056178
0.494086466448 , -0.363928799179 , 2.50483400126 , -2.21553e-05 , -0.000246358 , 165 , -130 , 146 , 805340.7698219055 , 128670.0847571915 , 70122.57984102116 , 0.00185622 , 9.92973e-05 , 0.00280080728409 , 1574442449.9488509
0.537403727501 , -0.456318545258 , 2.41263964148 , -0.000159766 , -0.000122422 , -187 , -185 , -68 , 372859.31755920727 , 33423.17027587898 , 115023.18485373359 , 9.54977e-05 , -0.00188185 , 0.00395464831626 , 1574442450.0922635
0.54639778898 , -0.455473380163 , 2.79773857012 , -3.69362e-05 , -3.5951e-05 , -197 , 125 , 69 , 519568.6310811121 , 3122.4543952556364 , 95151.77101296594 , 0.00257559 , 0.00196921 , 0.00376780498756 , 1574442450.2356017
0.576477455991 , -0.368169149077 , 2.70657349347 , -0.000118807 , -0.000239854 , 153 , -68 , -98 , 727112.8331564149 , -1202.7827537419646 , 104907.57496478036 , -0.00342219 , -0.0020256 , 0.00423657310756 , 1574442450.3789682
0.534417467271 , -0.457988257508 , 2.88713916142 , -6.07708e-05 , -0.000133147 , -189 , -188 , -185 , 317259.5247742491 , -680.3845913258209 , 102823.74050973933 , 0.00252473 , -0.000604157 , 0.0026934836995 , 1574442450.5222025
0.537015211343 , -0.455113244902 , 3.29297079297 , -0.000185245 , -0.000156308 , -222 , 128 , 69 , 690555.2251584484 , 13606.991091560403 , 22102.66296885022 , -0.00104315 , -0.00244115 , 0.00605618976482 , 1574442450.6656306
0.53100278335 , -0.346067363786 , 3.1963652198 , -0.000211783 , -0.000115858 , -190 , -125 , 194 , 1111837.6524125456 , -105.4133555354956 , 16785.22304150618 , -0.00165343 , 0.000666896 , 0.00675005467846 , 1574442450.8089778
0.602206778765 , -0.272941793649 , 3.24371224349 , -0.000143626 , -0.000176753 , 178 , 68 , 177 , 731393.3158223322 , 575.3800965575545 , 27711.3150882093 , 0.000543748 , -0.00379258 , 0.00383170918663 , 1574442450.9522247
0.615063148792 , -0.273084691171 , 2.82920522561 , -0.000129899 , -7.48171e-05 , 180 , -63 , 194 , 746621.3073234415 , 191702.59595838602 , 12161.121966183853 , 0.000339287 , 0.00313821 , 0.0079860227285 , 1574442451.0956151
0.688550364822 , -0.343439664275 , 2.65731494398 , -0.000349672 , -0.000189993 , -189 , 134 , 215 , 1243614.0943113486 , 70453.65312950379 , 6016.27261035282 , -0.000357564 , -0.001418 , 0.00266238822378 , 1574442451.2389717
0.725193487731 , -0.257154106855 , 2.51012745732 , -0.000283736 , -0.000259881 , 204 , 194 , -141 , 1792083.7602927336 , 393684.9389770432 , -149.11184206307047 , -0.0016058 , -0.00330202 , 0.00367701342017 , 1574442451.3823473
0.643095054157 , -0.242763958501 , 2.28015619944 , -0.000129364 , -0.000135932 , 203 , 190 , 67 , 1839477.2763783983 , 9724.88603066514 , 1333.237465031935 , 0.00105606 , -0.000951406 , 0.00421296058198 , 1574442451.52575
0.638201581609 , -0.241352584935 , 1.81095013557 , -0.000187331 , -0.000168285 , 203 , 172 , 178 , 1406374.7510625815 , 25008.842105911765 , 154.43346164418406 , -0.00056482 , -0.00253196 , 0.00275693665412 , 1574442451.6690147
0.624210246613 , -0.227441686672 , 1.36879951381 , -0.00012411 , -0.000142833 , 238 , 178 , -122 , 2642561.2040305436 , 3753.6348883105206 , -79.08889866043826 , 0.00103799 , -0.000355372 , 0.00226417509448 , 1574442451.8127878
0.592310958353 , -0.167366195508 , 1.10530303419 , -0.00019283 , -0.000138563 , 188 , -136 , 0 , 2753553.341534635 , -50.56095232946755 , 1370.028192293868 , -0.00222453 , -0.00124302 , 0.00286949017243 , 1574442451.9558432
0.538894050623 , -0.208169186999 , 0.853863871166 , -0.000145594 , -0.000124921 , -166 , 0 , 224 , 1431573.0364500992 , -46922.603830691245 , 73251.26546220864 , 0.00264598 , -0.000288716 , 0.00669365714532 , 1574442452.0995283
0.618649794151 , -0.267482175304 , 0.692707542115 , -0.000300158 , -0.000125854 , 164 , 198 , -70 , 266226.9507081549 , -129837.36785716726 , 375937.7481762276 , -0.00151406 , 0.000683736 , 0.00210429972423 , 1574442452.2472482
0.647987754273 , -0.177204136989 , 0.538903235375 , -8.00705e-05 , -4.93111e-05 , 193 , -125 , 68 , 19482.079173509694 , -156603.5054918126 , 930398.8261309 , -9.2777e-05 , 0.00263244 , 0.00936658520175 , 1574442452.3900003
0.53934605108 , -0.182206235233 , 0.411419168507 , -5.21862e-05 , -8.28278e-05 , -194 , -192 , 194 , -597.0450159425125 , -22344.6042877191 , 787230.290874649 , 0.00399834 , -0.000617734 , 0.00530348071522 , 1574442452.5332458
0.482125116874 , -0.26438608325 , 0.563311949447 , -0.000210965 , -0.000153339 , -181 , 68 , -67 , -38.86735599933419 , -38439.6514567126 , 558707.0061100848 , -0.000926255 , 0.00118321 , 0.00154789075771 , 1574442452.6767113
0.589864649605 , -0.254100122233 , 0.699765483533 , -0.000225184 , -0.000172492 , -162 , 188 , -196 , -28242.696799862082 , -51706.31689372732 , 1031993.4210227071 , -0.00118515 , -1.82487e-05 , 0.0028580227361 , 1574442452.820258
0.692967797224 , -0.225621578681 , 0.872538007835 , -0.000321965 , -0.000120287 , 185 , -127 , -217 , -309690.0909620441 , -30.976617075176232 , 572131.0325794963 , -0.00311496 , 3.92313e-06 , 0.00316289154665 , 1574442452.9634392
0.666207869969 , -0.149210361111 , 0.889153578257 , -0.000140557 , -0.00019491 , -166 , 0 , 0 , -152088.19304623688 , 13.594947746017178 , 353402.3415144835 , 0.0010945 , -0.00360458 , 0.00377017042074 , 1574442453.1066759
0.689407064661 , -0.231469756916 , 0.867832713556 , -0.000309363 , -0.000112808 , 169 , -66 , 140 , -42022.27572281451 , -4974.638649514746 , 542133.1238520921 , -0.00382478 , 0.00388499 , 0.00831979811438 , 1574442453.2504928
0.595552561725 , -0.259257132088 , 0.729761734561 , -0.0001168 , -0.000171065 , 171 , 68 , -70 , 27.298891477703823 , -107682.6199889384 , 719965.9254087264 , 0.00284542 , -0.00274677 , 0.00506039721664 , 1574442453.3933744
0.628914993328 , -0.165617936729 , 0.657123754131 , 1.05099e-05 , -0.000154201 , -101 , -66 , -234 , -17.014672667033356 , -155590.59866990714 , 1233938.5168849207 , 0.00258107 , 0.0013067 , 0.00346453253339 , 1574442453.536781
0.595467476199 , -0.115134830105 , 0.972819592153 , -0.000179223 , -0.000132503 , 0 , -249 , -198 , 3987.319528497238 , -215447.95627167536 , 844380.0095714198 , 0.000235846 , -5.91029e-05 , 0.0036309398057 , 1574442453.6802237
0.501666449518 , -0.0650579219439 , 1.14147498396 , 0.000109969 , -0.000130739 , -164 , -194 , 66 , -2062.250594955449 , -32447.04614039257 , 541700.6701600644 , 0.00411221 , 0.000577183 , 0.00586250978299 , 1574442453.8234942
0.495990654314 , -0.173634485094 , 1.27484066868 , -0.000277643 , -0.000108507 , 164 , -183 , 188 , -116930.81323109633 , -22026.353708914616 , 875974.9637343171 , -0.00505297 , -2.26389e-05 , 0.00566100232806 , 1574442453.9667404
0.421311411477 , -0.262513707282 , 1.16411921268 , -0.000146601 , -4.2312e-05 , -187 , -188 , 125 , -756.9288075295816 , -145143.7845991815 , 1146139.2269320157 , 0.000352965 , 0.0014201 , 0.00432782954203 , 1574442454.1104176
0.428000102459 , -0.382095237603 , 1.31557087228 , -7.15418e-05 , -0.000211296 , -187 , -174 , 177 , -0.5496505749475136 , -221241.45818419656 , 1602533.8074278012 , -0.00134933 , 0.000172671 , 0.00487553910963 , 1574442454.2534773
0.455429143632 , -0.491871346819 , 1.42482192382 , -0.000212724 , -0.000114141 , -152 , 63 , 134 , 34820.84541423385 , -259103.8568361594 , 948314.1964619963 , -0.00124415 , 0.00136719 , 0.00186307027336 , 1574442454.396814
0.563997917889 , -0.522261494397 , 1.30865997131 , -0.000139361 , -0.000143308 , -219 , -63 , 138 , -7.033459655086529 , -92100.1338766728 , 1008365.190222529 , 0.00123504 , 0.00141123 , 0.00449415400124 , 1574442454.5402772
0.587990365902 , -0.624091244846 , 1.38394467977 , -0.000310068 , -0.000159617 , 99 , 136 , 193 , 9038.10413560986 , -61321.20930661369 , 555472.6726265543 , -0.00383398 , 0.000846485 , 0.00467428712118 , 1574442454.6835268
0.57780707114 , -0.625317809132 , 0.998257589348 , -0.000211169 , -0.00011118 , 187 , -128 , -69 , 71024.6952617955 , -18670.399068914514 , 241526.49435922637 , -0.00291989 , 0.00202785 , 0.00415083082135 , 1574442454.8269386
0.48815941437 , -0.567362149514 , 1.16220768688 , 1.86318e-05 , -0.000228517 , -164 , -194 , -138 , 109800.12609422373 , -68878.00553889641 , 229431.2282554251 , 0.00288323 , -0.000512514 , 0.00351164436041 , 1574442454.970337
0.473091349889 , -0.573546320904 , 1.57318573405 , -0.000160838 , -0.000132162 , 160 , -198 , 70 , 490667.7555120732 , -20525.686057424173 , 32274.712318449245 , -0.000740217 , -0.00034836 , 0.00885854660612 , 1574442455.1136034
0.415951471764 , -0.675784965882 , 1.44996584012 , -0.000161345 , -4.84367e-05 , 188 , -228 , 224 , 17276.137674791706 , -81530.28728010642 , 155649.9633180315 , -0.000727448 , 0.000795576 , 0.00158781761323 , 1574442455.2570672
0.338880679154 , -0.776736573988 , 1.29189736044 , -0.000150863 , -0.000166876 , 190 , -222 , 238 , 6586.988114466566 , -69164.31585842183 , 271555.9466297489 , -0.000273478 , -0.000328483 , 0.00116083444822 , 1574442455.400375
0.244262508329 , -0.851619074975 , 1.16720706205 , -0.000289422 , -0.000112665 , 222 , -181 , -66 , 406424.2578788521 , -32650.224786478295 , 100397.13309736345 , -0.00124818 , 0.00167923 , 0.00214424460522 , 1574442455.5436616
0.141307130302 , -0.824807084784 , 1.31336526559 , -0.000178913 , -0.000157965 , -162 , -188 , 0 , 251409.69216428435 , -16317.635855285036 , 84822.20614592738 , -0.000171819 , -0.0019952 , 0.00334996344141 , 1574442455.6870272
0.1605436261 , -0.923143095036 , 1.5071645737 , -0.000170579 , -2.75534e-05 , -195 , -242 , -60 , 105589.78899193031 , -5567.485528318168 , 53426.96592691021 , -0.000941033 , 0.00360269 , 0.0048302366232 , 1574442455.8307133
0.157589021917 , -0.939198186785 , 1.92358311737 , -0.000119641 , -0.0001216 , 193 , -190 , 73 , 22487.22947320743 , -822.2436209216182 , 21630.272427435702 , 0.000703633 , -0.00086005 , 0.00518866529655 , 1574442455.9737444
0.139001904004 , -1.05407089238 , 1.80036322345 , -0.000359533 , -8.17719e-05 , 180 , -234 , 172 , 2753.200704388378 , -77.42729922416646 , 67121.87201522227 , -0.0030621 , 0.0025662 , 0.00462302362664 , 1574442456.117128
0.106951873162 , -1.15657392975 , 1.58936018313 , -0.000295879 , -0.000159568 , 200 , 59 , 240 , 22211.026317699772 , 19.425874053783396 , 19891.188446484095 , -0.00259735 , -0.00139646 , 0.00423379763906 , 1574442456.2604663
0.081164868444 , -1.19591614736 , 1.31027741621 , -0.000167826 , -0.000156199 , -130 , 71 , -73 , 127678.55921473248 , 6294.2146367925625 , 44842.74129300843 , -1.82097e-05 , -0.000262282 , 0.00590433652082 , 1574442456.4038696
0.152577675756 , -1.1252109918 , 1.38835589315 , -7.12971e-05 , -0.000115964 , 116 , 190 , 72 , 79120.29824411402 , 28039.026276913446 , 22170.3183919502 , 0.0011914 , -0.000310002 , 0.002209007648 , 1574442456.5471876
0.166957541293 , -1.12333699731 , 0.971202147245 , -0.000184039 , -0.000215129 , -199 , 190 , 200 , 41166.461927101744 , 71294.85122205521 , 2747.8799399029244 , 0.00164964 , 0.000189486 , 0.00257799156591 , 1574442456.690533
0.244297840589 , -1.18728028874 , 0.799458906067 , -0.000181176 , -0.00011114 , 167 , -133 , 155 , 24923.172379258696 , 60030.58130000807 , -0.10522104058085097 , -0.00242657 , 0.00198144 , 0.00315858135441 , 1574442456.8338552
0.138091751721 , -1.21171225336 , 0.680062063741 , 3.24746e-06 , -0.000236459 , 212 , -236 , 183 , 71583.97767285816 , 56348.655940304365 , 824.2119718996441 , 0.00269512 , -0.00188071 , 0.00366299073 , 1574442456.9773557
0.0316166877821 , -1.23526931163 , 0.521846543614 , 1.29819e-05 , -2.34847e-05 , -171 , 124 , 149 , 37192.65631887179 , 2686.861369984723 , 753.7388362198951 , 0.00327021 , 0.000559274 , 0.00367928428306 , 1574442457.120711
0.0718702479875 , -1.3336190493 , 0.391421667822 , -8.53083e-05 , -0.000218706 , -209 , -62 , 200 , 130269.72138489487 , -727.3516281828502 , 250.10562189191768 , -0.0007317 , 0.000573286 , 0.00544385637356 , 1574442457.2638845
0.00185936368529 , -1.43009367623 , 0.548313823933 , -0.000197959 , -0.000143668 , -173 , -224 , 178 , 61413.42302750234 , -0.901442732570603 , 26.869249975502928 , -0.00134081 , -0.00180059 , 0.0058418723735 , 1574442457.4072392
-0.0296525299012 , -1.50856150971 , 0.70535302049 , 1.05852e-05 , -0.000147323 , 164 , 68 , -78 , 12328.831467234815 , 244.61626228473625 , -4.898595469639409 , 0.00439529 , -0.000954844 , 0.00621692784533 , 1574442457.5510333
-0.00492286211849 , -1.43848235812 , 0.555959927136 , -6.98752e-05 , -0.000256317 , -192 , -140 , -92 , 39584.05271573006 , -10038.689975913469 , -2.872665009369623 , -0.000203028 , -0.00189462 , 0.00213942681548 , 1574442457.694103
-0.0312146937934 , -1.46300834516 , 0.864744864186 , -0.000214047 , -0.00016835 , 217 , -215 , 0 , 89239.1528429334 , -17.177910246775426 , -7457.177021495635 , -0.00201547 , -0.00189161 , 0.00411229777149 , 1574442457.837382
-0.102982519995 , -1.39647113469 , 0.954145455484 , 0.000156995 , 4.01868e-05 , 234 , 0 , 93 , 153622.48654985026 , 9223.335924844532 , -56950.86955694929 , 0.00356512 , 0.00111347 , 0.00375739218811 , 1574442457.9807065
-0.115416113765 , -1.38492895424 , 0.565811637032 , -0.000133262 , -0.000131653 , 186 , -130 , -85 , 136719.5299815888 , -2242.678721608606 , -12027.04834972695 , 0.00255808 , 0.000492074 , 0.0035248663464 , 1574442458.124105
-0.166599288577 , -1.28601191802 , 0.674621567231 , -0.000236887 , -0.00015723 , 192 , 122 , -160 , 163292.151038595 , 10016.984805473334 , -31692.82156098614 , 0.00118241 , -9.03053e-05 , 0.00133662581851 , 1574442458.2677987
-0.121609019688 , -1.17980360404 , 0.556989210259 , -0.000327524 , -0.000192096 , -190 , 187 , -210 , 57304.582450644004 , 96570.02008450181 , -9359.791764638607 , -0.00164058 , -5.52254e-05 , 0.00178838722686 , 1574442458.410859
-0.00239731023996 , -1.16865595463 , 0.704323737366 , -0.000183187 , -0.000136473 , -222 , 220 , -180 , 117596.13068817517 , 293.17565424003556 , -30389.807158845655 , -0.00238823 , 0.00105709 , 0.0029206495048 , 1574442458.5541656
0.114322572874 , -1.13847474895 , 0.847541131979 , -0.000147494 , -0.000126732 , 191 , 187 , -128 , 32115.351033651736 , 22198.342930964223 , -15284.966019681422 , 0.00115557 , -2.29536e-05 , 0.00142843128143 , 1574442458.6982956
0.144241648232 , -1.02184806644 , 0.708293829414 , -4.93359e-05 , -0.000101886 , 226 , 172 , -222 , 4119.957403443884 , 3024.0519927339774 , -1700.0884610518028 , 0.00265748 , 1.15015e-05 , 0.00294391028989 , 1574442458.841382
0.185619933569 , -0.902717526133 , 0.546990459917 , -0.000100427 , -0.000115851 , 203 , 166 , -232 , 22026.69217625522 , 632.5598585197703 , -234.95793280381014 , 0.000407622 , 0.000572715 , 0.0045478373628 , 1574442458.9841034
0.245464550692 , -0.792217648317 , 0.382746281496 , -0.000129888 , -5.00456e-05 , 172 , 165 , -247 , 148889.1810236272 , 112.76792153591447 , -269.5280283811894 , -0.00044796 , 0.00263969 , 0.00285483975419 , 1574442459.1275156
0.304386087857 , -0.707810314794 , 0.247174990086 , -0.000182489 , -0.000158046 , -172 , -132 , 93 , 101533.78709429319 , -310.51651107921543 , 136.92219943580955 , -0.0016388 , -0.00147532 , 0.00403766380557 , 1574442459.2750072
0.233458089707 , -0.772241558616 , 0.434063397224 , -0.000198316 , -0.000170832 , -202 , -234 , 123 , 38189.73490283332 , -5975.193421925596 , 7556.265507081202 , -0.00216356 , -0.000377314 , 0.00336376238024 , 1574442459.4183466
0.163737157294 , -0.854599729729 , 0.615070186514 , -6.02799e-05 , -6.86148e-05 , 198 , -194 , 0 , 1070.1461523235878 , -23595.074202918557 , 60336.62979637586 , 0.00286562 , 0.00202495 , 0.00353081995796 , 1574442459.5617929
0.105726793396 , -0.782804355942 , 0.7496121948 , -0.00020295 , -0.000156556 , -159 , 136 , 72 , -15494.840876389884 , -50111.564994799635 , 263807.79161115934 , 0.000105583 , -0.00131992 , 0.00185748745672 , 1574442459.7051198
0.178468377506 , -0.862155145087 , 0.601689505909 , -6.61075e-05 , -0.000160153 , -181 , 172 , 190 , -66.63514504552978 , -51548.077367149184 , 157341.04839302812 , 0.00366645 , -0.000183452 , 0.00481512904139 , 1574442459.8484123
0.234635097492 , -0.941050300867 , 0.458619151742 , 2.65046e-05 , -0.000194612 , 134 , -140 , 0 , 8674.44238453462 , -19608.989361337157 , 36218.39230158632 , 0.00224778 , -0.0017299 , 0.00322117578398 , 1574442459.9916809
0.178261489665 , -0.852666776692 , 0.578310074961 , -0.000165442 , -0.000123257 , 191 , -188 , 66 , 5124.658463667361 , -2344.500856935009 , 69237.06094344189 , -0.000956996 , 0.00052335 , 0.00443945153408 , 1574442460.1350381
0.0616403139234 , -0.842915799789 , 0.469794225654 , -0.000270636 , -0.000336266 , 219 , -175 , -64 , 10375.081091998893 , -13458.998375367826 , 46648.22808811721 , -0.00116107 , -0.00248815 , 0.00478610334195 , 1574442460.2785892
0.00190960723817 , -0.735849953757 , 0.627568624442 , -0.000159193 , -7.61194e-05 , 191 , -178 , -228 , 22511.958201077214 , -79418.93128589008 , 33923.71298199305 , 0.000996021 , 0.00147424 , 0.00340342081332 , 1574442460.4217942
-0.0616438258047 , -0.6323329005 , 0.768727452808 , -0.000233345 , -8.9058e-05 , 197 , 119 , -188 , 28383.724814271718 , -59248.83314000232 , 55317.544691904135 , -0.00265913 , 0.00256806 , 0.00503036558542 , 1574442460.5652018
-0.0476095626859 , -0.530258001804 , 0.620510683024 , -0.000180334 , -0.000162413 , 222 , -62 , 93 , 2033.2856027189537 , -16299.221585667896 , 18544.91656851181 , -0.00140515 , -0.00137327 , 0.0047590405899 , 1574442460.7085335
-0.156808051132 , -0.524684224431 , 0.49949639579 , -0.000201856 , -0.000178646 , 198 , -185 , -59 , 1849.8084931066378 , -5416.458298336937 , 33864.83614746704 , -0.000460016 , 0.000128907 , 0.000919797659763 , 1574442460.8527658
-0.226514434316 , -0.431182278335 , 0.621098844809 , -0.00016752 , -0.00016897 , 224 , -234 , 66 , 4401.416302448599 , -2978.1174295156984 , 84043.29876886064 , -0.000453599 , -0.00238657 , 0.00248124611948 , 1574442460.995196
-0.348840661694 , -0.438430852036 , 0.478616652427 , -0.000130667 , -0.000113289 , 172 , -234 , 169 , -0.19069376140613065 , -14015.677641319875 , 222272.8775120873 , 0.00179699 , 3.05794e-05 , 0.00180289381176 , 1574442461.1385596
-0.459802853334 , -0.438280016499 , 0.40509642932 , 3.59879e-05 , -0.000239861 , -102 , -198 , -92 , -4080.5963047551472 , -370.03677948420506 , 99336.82351271044 , 0.0071282 , -0.000923339 , 0.00724815469225 , 1574442461.281932
-0.473631588924 , -0.446672202436 , 0.832543006465 , -0.000156791 , -8.55237e-05 , -221 , -178 , 61 , -4589.230985139047 , -2948.8314001150043 , 342503.1587550382 , 0.000128086 , 0.00253037 , 0.00985833242492 , 1574442461.4253175
-0.493793589902 , -0.539152798556 , 0.991493728822 , -0.000193072 , -5.04125e-05 , 193 , 133 , -79 , -48879.6969333604 , 273.5980536853497 , 121631.70252573822 , -0.000628682 , 0.0018538 , 0.0041847046905 , 1574442461.5687094
-0.488622664295 , -0.452503905973 , 0.877831463899 , 6.76945e-05 , -0.000149809 , -194 , -69 , 79 , -198036.07780536823 , 37196.44958910163 , 11128.785402224163 , 0.00211123 , -0.00229433 , 0.00458300357001 , 1574442461.7120175
-0.506038434252 , -0.549180513023 , 0.96517348895 , -0.000157847 , -0.000164538 , 193 , 129 , 202 , -42997.97011981702 , 1770.2475483616213 , 204536.40372668637 , -0.00125369 , -0.00144891 , 0.00446344006822 , 1574442461.855366
-0.497680910136 , -0.560323482738 , 0.547137500363 , -0.000186062 , -0.000134595 , -159 , 190 , 192 , -1525.2017477847576 , 2160.1138768133037 , 149507.6138244405 , 0.000617635 , -0.000735722 , 0.00447093466346 , 1574442461.9986598
-0.430497132221 , -0.648287131815 , 0.404949388874 , -0.000124162 , -0.000129245 , -192 , 185 , -62 , -23061.069370005833 , 557.672490731846 , 309142.14880958595 , 0.000147538 , 0.00125544 , 0.00134790401943 , 1574442462.142013
-0.310089700642 , -0.665857137459 , 0.558606655168 , -0.000298688 , -0.000178499 , -188 , 168 , -218 , -619.5098980820438 , 809.1179312239535 , 312510.8020633928 , -0.00414739 , -0.00137779 , 0.00495393091727 , 1574442462.2853937
-0.189259076274 , -0.652571002354 , 0.702559252012 , -3.76998e-05 , -0.000240276 , 191 , 192 , -187 , -44273.90765042695 , 18995.473623597205 , 56443.72300692671 , 0.00275757 , -0.000104774 , 0.00287281611269 , 1574442462.4288166
-0.141288208853 , -0.561328704989 , 0.555665846244 , -0.000126401 , -0.000208169 , -200 , 188 , 0 , -29448.84117385654 , 18253.631907726915 , 3455.834779575224 , 0.00230882 , -0.0016818 , 0.00344834281667 , 1574442462.5720065
-0.0784356245792 , -0.654204699488 , 0.391568708268 , -0.000254915 , -0.000404933 , -220 , 236 , 174 , -2621.4249450201346 , 1415.8469634434502 , 17425.23133805628 , -0.00020221 , -0.00359457 , 0.0041092897938 , 1574442462.7155104
-0.0372266611101 , -0.74881233603 , 0.267172490771 , -0.000142654 , -0.000166266 , 191 , -133 , -76 , 2047.990935502678 , -252.33928233984776 , 51463.10415665286 , 0.00166259 , -0.00157489 , 0.00229620258264 , 1574442462.8587296
-0.063832978119 , -0.652891417581 , 0.448767441846 , -0.000136658 , -0.000158767 , -192 , -187 , -190 , -398.18103329658516 , -1318.9473011174116 , 174852.49149047845 , 0.00114243 , -0.000500319 , 0.00195694146248 , 1574442463.002227
-0.0677308408369 , -0.645465971968 , 0.925619608918 , -0.000146045 , -0.000161592 , -223 , -166 , -232 , -310.9903279525637 , -6033.466659186374 , 100940.38959736288 , -8.50985e-06 , 0.000689986 , 0.00219719690939 , 1574442463.1455407
-0.0689661277233 , -0.645202462203 , 1.43276210791 , -0.000159093 , -0.000189324 , -191 , -232 , -183 , -657.3384173687317 , -25841.481259743894 , 42969.16121075742 , 0.000652701 , -0.000600548 , 0.00114752426141 , 1574442463.288847
-0.0704086101875 , -0.645637180185 , 1.93843420244 , -0.00030253 , -0.000156524 , -192 , -230 , -178 , -18555.93934614319 , -24620.07088151881 , 117124.06212920396 , -0.00260609 , 0.000830649 , 0.00296400046338 , 1574442463.432141
-0.0712487348232 , -0.659079931103 , 2.37867329841 , -0.000133026 , -0.000150938 , 194 , -194 , 0 , 31.4445248246585 , -66423.15888364155 , 140389.6415674428 , -0.000147564 , -2.01951e-05 , 0.00235565317052 , 1574442463.575669
-0.00687073183444 , -0.726888255981 , 2.35220601809 , -2.91432e-05 , -3.29837e-07 , -36 , 85 , 145 , 64253.72488955062 , -60349.49697206077 , 72379.43251389259 , -0.000190079 , 0.000520966 , 0.00473042856362 , 1574442463.7189152
0.0803348034472 , -0.660006179687 , 2.22795684104 , -0.000208886 , -0.0001564 , -224 , -123 , 168 , 367459.1722796739 , -5022.187943783797 , 16325.234564255685 , -0.00150724 , -0.00097241 , 0.00435094574843 , 1574442463.8623095
0.183051794227 , -0.697001060636 , 2.32559169732 , -4.23023e-05 , -8.96263e-05 , 166 , 128 , 222 , 537305.0292011824 , 18159.564114916073 , 2803.232270127781 , 0.00494326 , 0.00126838 , 0.00764524249154 , 1574442464.006115
0.188818326562 , -0.697423068174 , 1.8797650644 , 6.76711e-05 , -0.000295187 , 201 , 180 , 222 , 416576.7057606507 , 78626.76023791941 , 194.27504414974976 , 0.00361607 , -0.00158308 , 0.00394953643146 , 1574442464.1489275
0.185729268068 , -0.695462972347 , 1.38747365048 , -0.000156234 , -0.000149133 , 240 , 174 , 190 , 801919.882328792 , 9508.048124949102 , 22.88140018970028 , 0.000370673 , 2.16068e-05 , 0.00217323384962 , 1574442464.2924774
0.187148431989 , -0.675548289536 , 0.981053857141 , -0.000416512 , -0.000229852 , -203 , 143 , -68 , 1161630.762111933 , 394294.51800476183 , -24228.15970736778 , -0.00383062 , -0.000849557 , 0.00458125661835 , 1574442464.4357536
0.290339086084 , -0.620758071035 , 1.1148606632 , -0.000176486 , -0.000147663 , -196 , 228 , -177 , 1752407.0245742362 , 29684.602665976345 , -17399.056232837953 , 0.000453314 , 0.000171328 , 0.000640752501966 , 1574442464.578991
0.385129721908 , -0.556650808874 , 1.31351230603 , -7.9731e-05 , -0.000319534 , -220 , -127 , -202 , 1094723.1702464498 , -3444.4151121092887 , 8.794011679402819e-05 , -0.000461271 , -0.00173969 , 0.00215012115332 , 1574442464.7223973
0.399068742984 , -0.556265427642 , 1.7305190115 , -8.11099e-05 , -0.000153897 , -197 , 66 , -138 , 99737.62111764788 , -109786.86969661884 , 62356.40398031412 , 0.00294333 , -0.0014964 , 0.00356001394083 , 1574442464.865739
0.426992477289 , -0.45996503288 , 1.91020243677 , -0.000245561 , -0.000155812 , 172 , -67 , -185 , 208624.78019600344 , -293916.6502099651 , 101384.18741792064 , -0.00373175 , -0.000423901 , 0.0050964239738 , 1574442465.0090494
0.328241425582 , -0.49067427326 , 2.10650143246 , -0.000102813 , -0.000125589 , -162 , -177 , -160 , 581471.0993880928 , -671335.0117834291 , 110956.32865337997 , 0.00171217 , -0.00144099 , 0.003885042715 , 1574442465.1524625
0.3212839749 , -0.495592080244 , 2.58041279061 , -0.000131372 , -0.000198153 , -205 , -234 , -226 , 1753851.7335883132 , -66988.73040344578 , -1.0390416781941108 , 0.00067265 , -0.00103117 , 0.00226474642031 , 1574442465.29587
0.323937999047 , -0.495643444659 , 2.99447868715 , -0.000351683 , -0.000200974 , 175 , 136 , -148 , 3017954.0411419375 , -128044.23412910289 , -769.0367746271196 , -0.00285107 , -0.00185508 , 0.00343174492756 , 1574442465.4392805
0.227143779771 , -0.534170477258 , 2.92522263699 , -0.000184955 , -0.000138085 , -174 , -130 , -193 , 2814554.173396955 , -84972.67318535478 , -1753.0828311515581 , -0.000500686 , -0.000514302 , 0.00343043193604 , 1574442465.5827794
0.213515281832 , -0.53103176032 , 3.34487607048 , -0.000180539 , -0.000171761 , -222 , 125 , -202 , 2469097.8528305115 , 12718.186881028176 , -80129.91967185622 , -0.0015126 , 0.000982253 , 0.00228121496173 , 1574442465.7259398
0.115134472284 , -0.507724793685 , 3.52779438557 , -0.000207963 , -0.000119039 , 160 , -62 , -185 , 1057314.3300125108 , 1022012.1503811324 , -133356.38008422693 , -0.00246402 , 0.00172798 , 0.00302478374594 , 1574442465.8692014
0.161385549758 , -0.603612785751 , 3.66351271743 , -0.000470182 , -0.000263795 , 213 , -177 , 64 , 1455663.2568293703 , 254417.3559224258 , -107813.38747118614 , -0.00360956 , -0.00402659 , 0.00803182859404 , 1574442466.0125895
0.276853619212 , -0.619388061108 , 3.55455574678 , -0.000165937 , -0.000112711 , 160 , -187 , 0 , 425681.13222788274 , 1745202.4184230552 , -32088.915065317688 , 0.00049499 , 0.0028858 , 0.00827716260201 , 1574442466.1588829
0.327792496951 , -0.723346196225 , 3.74070895169 , -0.000190452 , -0.000177638 , -167 , -185 , -164 , 382966.45997479087 , 1569808.3427629538 , -1431.159610956786 , 0.000901924 , -0.000302153 , 0.00260754051105 , 1574442466.306038
0.344118895209 , -0.7265754754 , 4.16712624571 , -0.000120416 , -0.000332429 , 166 , -204 , 70 , 86589.16360116856 , 2263234.4570379597 , 2043.540691326926 , 0.00244641 , -0.00686634 , 0.00947321441187 , 1574442466.4510922
