-0.000629063363318 , -0.00483321946706 , -0.0108809930199 , -1.23883e-05 , 0.00113756 , -148 , 102 , 79 , -205145.0017791536 , 17930.13887724827 , 30626.593904245754 , -0.00911639 , 0.00252942 , 0.0188804851892 , 1574442475.8628132
-0.000255444216497 , -0.099467825211 , -0.131307118469 , 0.000737855 , 0.000399226 , 191 , -64 , -70 , -10288952.207363332 , 1172441.1651334448 , 1236550.0390956202 , -0.00248328 , -0.00539609 , 0.0177834885008 , 1574442476.00633
0.0133092525619 , 0.00213414330296 , 0.0438180529718 , 0.000232938 , 0.000937952 , 194 , -226 , -198 , 28645307.981392384 , -2649142.6361472094 , -3552013.519770147 , -0.00275066 , -0.000706188 , 0.0124740648618 , 1574442476.149706
0.00709667004528 , 0.129463881169 , 0.218060981736 , 0.000344144 , 0.000518203 , 207 , -166 , -224 , 26822336.155673943 , -2040388.0100633786 , -3953111.615052833 , -0.00427507 , -0.0049705 , 0.00958097555115 , 1574442476.2929747
-0.0188306794829 , 0.243788716493 , 0.415095179663 , 0.000678143 , 0.000849604 , -186 , -249 , -200 , 43965183.25460251 , -21520043.878349397 , -1841652.5345519956 , -0.00133494 , -0.000640868 , 0.0143929778766 , 1574442476.439621
-0.0190921577057 , 0.239582410396 , 0.839600947883 , 0.000751503 , 0.000813621 , -212 , 129 , 68 , 41151557.61704883 , -8644129.440249775 , -4112350.211266352 , -0.000606051 , -0.00444534 , 0.00684250157725 , 1574442476.5840113
0.0588281576251 , 0.170722340686 , 0.770491938162 , 0.000609648 , 0.000605536 , -218 , -128 , -91 , 29421409.32692452 , -2702893.9117588364 , -5316056.427988418 , -0.000952323 , 0.00163258 , 0.0137168375565 , 1574442476.727193
0.0584444034806 , 0.155554999658 , 1.19367434237 , 0.00073772 , 0.000400178 , -190 , -190 , 123 , 14652860.6183 , -279917.5580253852 , -4511399.306466453 , -0.000716515 , 0.000163964 , 0.0141680795784 , 1574442476.8705804
0.0721554303697 , 0.0619568712418 , 1.35144874115 , 0.000447682 , 0.000372021 , 151 , 134 , -86 , 4274652.3981210105 , 2378022.5471287547 , -5575589.513857591 , -0.00237483 , 1.88052e-06 , 0.0101537857044 , 1574442477.0142334
0.0494026247082 , 0.164300080706 , 1.24366809408 , 0.00074103 , 0.000778843 , -185 , 175 , -185 , 19649891.30263747 , 0.015587879038511753 , -9503144.259522343 , 0.00231959 , 0.00109687 , 0.0111760291613 , 1574442477.1573594
0.122484833646 , 0.222742696207 , 1.41232348589 , 0.000700356 , 0.00102487 , -201 , 0 , 91 , 4377203.312137283 , 6735105.216727765 , -6064611.160330537 , -0.0031315 , 0.00132277 , 0.013470493791 , 1574442477.3008566
0.151807833935 , 0.130585198607 , 1.58612529331 , 0.000745437 , 0.000861634 , 186 , -202 , -68 , 1924158.9426346126 , 30724932.608499262 , -9979300.341278385 , 0.000844563 , -0.00116494 , 0.00925985597777 , 1574442477.443978
0.0487481931403 , 0.124165759547 , 1.78315949124 , 0.000498793 , 0.000181945 , -174 , -249 , -241 , 2982032.8270286256 , 10872538.554290557 , -8278589.439742085 , -0.0037363 , -0.00378501 , 0.00875236485632 , 1574442477.587482
0.0429195965482 , 0.121374484349 , 2.1651705705 , 0.000960561 , 0.0013241 , 177 , 136 , 76 , 2912972.0200385954 , 8088999.41689966 , -3786118.1471621073 , -7.16923e-05 , 0.00327483 , 0.00850849861049 , 1574442477.7307105
0.0443095002785 , 0.121613059035 , 1.7419881663 , 0.000480531 , 0.000646393 , 216 , 226 , 175 , 3497785.7972458093 , 19287951.39473436 , -9628008.108616222 , -0.00434014 , -0.00131475 , 0.0185157367129 , 1574442477.8741035
0.0436764793767 , 0.121994693021 , 1.24734410524 , 0.000574286 , 0.000775242 , 216 , 169 , 224 , 95791.23016291273 , 41376205.32874304 , -2417238.0824530423 , -0.00299702 , 4.87791e-06 , 0.00971258215815 , 1574442478.0174472
0.0404105373971 , 0.134929876288 , 0.788136791708 , 0.000652984 , 0.00104843 , 219 , 190 , -64 , -1871067.7970466148 , 76760182.85405044 , 2607225.258899078 , -0.00149457 , 0.00455036 , 0.0117026831498 , 1574442478.1607838
0.060126803288 , 0.247105157062 , 0.645213477988 , 0.000513607 , 0.000798349 , 174 , -123 , -164 , -258257.61624564405 , 91342340.10341997 , -10.539198361714423 , -0.00235493 , -0.00166591 , 0.0142785154776 , 1574442478.3041816
-0.0187140344326 , 0.326827328548 , 0.741672010704 , 0.000487934 , 0.000696733 , 178 , -224 , 66 , 222161.28941041886 , 51503380.942388326 , -3920610.5542631554 , -0.0046159 , -0.000391975 , 0.00754580913856 , 1574442478.4474065
-0.121508551501 , 0.300132849808 , 0.593308200474 , 0.000597974 , 0.000432295 , -187 , 134 , 185 , 9207960.39178308 , 5061676.5146666495 , -14543659.135113297 , 0.00140656 , -5.55483e-05 , 0.00633425160432 , 1574442478.5908349
-0.0687060591289 , 0.21412965722 , 0.408478359583 , 0.000904936 , 0.00100903 , 192 , 190 , 196 , 11351678.679540664 , 204274.15296381246 , -6785625.410452085 , 0.000623637 , 0.000925613 , 0.0108392149667 , 1574442478.7341373
-0.0546858599229 , 0.209390915448 , 0.0051464156175 , 0.000758666 , 0.00102985 , -161 , 194 , -70 , 2142670.8784446386 , 3766508.3749565817 , -2653260.829949574 , -0.000362241 , -0.000189352 , 0.0106821230667 , 1574442478.8777897
0.0373647178408 , 0.159939346309 , 0.165420501991 , 0.000525472 , 0.000955983 , -181 , -117 , -164 , 1154082.833842003 , 9812677.946025044 , -6049768.4255150035 , -0.00357134 , 0.00276305 , 0.00776507797229 , 1574442479.020916
0.0322140291045 , 0.151120321119 , 0.607130002418 , 0.000622408 , 0.00106163 , -213 , -175 , 64 , 5549386.561522707 , 4247032.259405765 , -12428204.432318807 , -0.00173911 , -0.00146139 , 0.00581349146729 , 1574442479.1642292
-0.00813195382765 , 0.0654351458885 , 0.765492562991 , 0.000425359 , 0.000880798 , 157 , 65 , -77 , 12283899.979723943 , -627333.7861977506 , -6248260.860077121 , 0.000277132 , 0.00073078 , 0.0131268874648 , 1574442479.3076074
0.0297308402321 , 0.163193961361 , 0.656976713685 , 0.000587081 , 0.000531139 , -156 , 187 , -185 , 20878193.619559783 , -2786147.7174086454 , -5002226.032236874 , -0.000941888 , -0.00353642 , 0.010156843239 , 1574442479.4510057
0.135726828029 , 0.181614710834 , 0.745936183645 , 0.00081734 , 0.000881686 , 190 , 198 , 70 , 9534605.97465798 , 333004.70360127004 , -8688406.173400383 , -0.00108932 , -0.000969272 , 0.00976484900596 , 1574442479.5943646
0.14137102035 , 0.183634881691 , 0.390392384699 , 0.000624967 , 0.000781789 , -188 , -138 , -73 , 6137917.683651202 , 9867860.895848623 , -19202481.78575481 , 0.000565071 , 0.00151579 , 0.0082778368486 , 1574442479.7376454
0.143814408093 , 0.175154194541 , 0.758875742912 , 0.000752002 , 0.000723542 , -218 , 64 , 68 , 5553133.49332497 , 3740040.628005307 , -12056275.317505877 , -0.00179539 , 0.00107783 , 0.0112844032771 , 1574442479.8810084
0.21218478498 , 0.0894851309257 , 0.659182320378 , 0.000819065 , 0.000500972 , -186 , -128 , 187 , 4712474.989597572 , 5939432.493438342 , -8119736.1687060725 , -0.000471843 , -0.00244675 , 0.00388482770835 , 1574442480.0244153
0.164303996743 , -0.0148686862776 , 0.7865193468 , 0.000487563 , 0.000591956 , 186 , -180 , 183 , 14226965.128140505 , -71419.37468356015 , -5943575.229117841 , -0.00662425 , 0.0042056 , 0.00874613373418 , 1574442480.1677837
0.0678967155507 , -0.0550485114648 , 0.646095720665 , 0.000574141 , 0.000553523 , -177 , 64 , 148 , 3403686.04251627 , 3501398.2107014526 , -5554070.294713701 , -0.00163307 , 0.000280085 , 0.00645979141881 , 1574442480.3110757
0.120036572353 , -0.147260415073 , 0.516406047104 , 0.000628726 , 0.0005987 , -215 , -128 , 188 , 12318632.041231316 , 99068.86433723888 , -6291201.573157788 , -0.00231286 , 0.00282273 , 0.00902411115409 , 1574442480.4544024
0.0688167790231 , -0.241689460735 , 0.701235887996 , 0.000563863 , 0.000731646 , -184 , -178 , -65 , 7928190.7451647185 , 5615626.874824502 , -12129012.637020137 , -0.000386838 , 0.000316234 , 0.0119533471459 , 1574442480.597666
0.0665809831496 , -0.247892100287 , 1.09148123225 , 0.000552294 , 0.000568794 , 159 , 127 , 74 , 7810412.851887287 , 4546880.913308071 , -17297488.653002407 , -0.000825408 , -0.00304029 , 0.0102290930499 , 1574442480.7410617
0.0663356702221 , -0.246728436524 , 0.755346772202 , 0.000631973 , 0.000869532 , -161 , -66 , -91 , 35499902.5877482 , -1886.9743601250061 , -20469298.748371985 , -0.00364251 , 0.00171011 , 0.015963588222 , 1574442480.884324
0.0651023664284 , -0.246124545694 , 1.09780397144 , 0.000756889 , 0.000984915 , 159 , 122 , 73 , 34090056.24900903 , 733450.9164374288 , -42006065.30691555 , -0.000789159 , 0.00475623 , 0.0136346584182 , 1574442481.027669
0.0740036455992 , -0.239155874 , 0.734908150179 , 0.000883266 , 0.000685613 , -163 , 198 , -76 , 1036363.4959342523 , 59061424.201509036 , -22677333.391165417 , 0.00073884 , -0.00105299 , 0.0118601639333 , 1574442481.1710813
0.165182224552 , -0.21944853238 , 0.836366058066 , 0.000882509 , 0.000736845 , 161 , -124 , 72 , 26156126.09224967 , 2539948.0447068075 , -42855563.14834602 , -0.00180082 , -0.00298837 , 0.00802380503251 , 1574442481.3150072
0.0729161965402 , -0.251014784645 , 0.671680758307 , 0.000864525 , 0.000795482 , 214 , 125 , 190 , 343833.93865548016 , 78269695.25941786 , -20155102.56900401 , 0.000130527 , -0.00013892 , 0.0042431538908 , 1574442481.457848
0.0666851238021 , -0.249008802639 , 0.295404256444 , 0.000675653 , 0.00112949 , -156 , -132 , -87 , 15132890.756043658 , 7399436.245875589 , -38022737.47386385 , -0.00356512 , 0.00605955 , 0.01200662844 , 1574442481.6015513
0.0680303683051 , -0.257418622241 , 0.666975464028 , 0.000388208 , 0.000360279 , -184 , 128 , 137 , 7847699.012583157 , 18617533.81988481 , -25406328.619455528 , -0.00427121 , -0.00373362 , 0.00570470957935 , 1574442481.7444994
0.128837918207 , -0.350138036282 , 0.566840920156 , 0.000524922 , 0.000463283 , -211 , -121 , 175 , 10595449.574438509 , 18019193.613483958 , -40959833.97415828 , -0.0016192 , 0.00228038 , 0.0109157676571 , 1574442481.8879178
0.0729663700016 , -0.447729864252 , 0.701235887996 , 0.000835289 , 0.00116674 , 154 , -180 , 198 , 52196498.14535198 , -349741.2291111815 , -26182697.044872932 , 0.00242671 , 0.00442418 , 0.00990781795316 , 1574442482.031212
-0.0338701870563 , -0.472563930935 , 0.534492021989 , 0.000453745 , 0.000158494 , 215 , 124 , 192 , 10113607.247661998 , 9053156.12926642 , -31651677.952625908 , -0.00256778 , -0.00196019 , 0.00998354929707 , 1574442482.174597
-0.0445259397449 , -0.461307806514 , 0.127042945529 , 0.000929665 , 0.00100048 , 211 , -130 , -74 , 33378483.46568156 , 434891.6056643426 , -32906834.118321534 , -0.000173449 , 0.00212842 , 0.0137615973732 , 1574442482.318683
-0.0694215244929 , -0.353096483973 , 0.231294621895 , 0.000932167 , 0.000576181 , 185 , -194 , 62 , 15206706.578885775 , 22601306.520597357 , -55373136.88017502 , 0.000995881 , -0.00181028 , 0.00774122793959 , 1574442482.4613352
-0.184516384523 , -0.312953600625 , 0.089253550852 , 0.00104722 , 0.00058127 , 181 , -220 , 172 , 20133035.77106754 , 28027060.786293786 , -88315915.45851539 , 0.00185937 , -0.00179087 , 0.00683912575306 , 1574442482.604982
-0.288246222189 , -0.264034152111 , -0.0979289371787 , 0.000651661 , 0.000121643 , 219 , 125 , 134 , 89991161.02933702 , -237471.57077299466 , -48802193.59863213 , -0.000752428 , -0.00182305 , 0.00350912970672 , 1574442482.7510052
-0.29124546982 , -0.258433853592 , -0.490526928571 , 0.00073254 , -1.6523e-05 , -186 , -136 , 0 , 41780274.35337087 , 503862.2517467938 , -48395302.20992047 , 0.000652575 , -0.00113498 , 0.0119580844691 , 1574442482.8965964
-0.289302258059 , -0.256336094042 , -0.0551401673303 , 0.000898312 , 0.000187997 , -184 , -175 , -218 , 42062851.535003945 , 886256.7081770994 , -60428456.05010225 , -0.000704146 , -0.00333499 , 0.0100557587133 , 1574442483.0399876
-0.290244526633 , -0.254969014601 , 0.446708875599 , 0.000880186 , 0.000599048 , -177 , -169 , -220 , 47180310.30775772 , 250708.07278708258 , -71453888.07077608 , -0.000859327 , 0.000417972 , 0.00513883888732 , 1574442483.1824224
-0.296492722712 , -0.244053072491 , 0.922531759548 , 0.000793576 , 0.000726974 , 161 , -175 , -236 , 89522198.60866879 , -66535474.520235516 , -8470995.39797359 , -0.00101436 , -0.00173691 , 0.00987746692263 , 1574442483.326011
-0.344717989039 , -0.195747239196 , 1.20470237583 , 0.000525767 , 7.22312e-05 , 0 , 134 , -202 , 115017722.97130571 , -8036666.813739235 , -55512296.18486284 , -0.000594332 , -0.00179229 , 0.00688577531193 , 1574442483.4690163
-0.364445450355 , -0.0918957535829 , 1.03810555027 , 0.000860953 , 0.000661442 , 205 , 181 , 120 , 54164738.48296162 , 726988.2862972112 , -116107003.87012689 , -0.000381459 , -0.00176089 , 0.0125052756707 , 1574442483.6121898
-0.374152538004 , -0.0790953223069 , 0.63153871649 , 0.000847049 , 0.000301797 , 220 , -128 , -71 , 2388032.7005350348 , 50044521.94105697 , -59258232.626914226 , -0.000902242 , -0.00237569 , 0.00342688320844 , 1574442483.755537
-0.43678140924 , 0.00718045750846 , 0.794312490449 , 0.000836518 , 0.000403187 , -187 , -175 , -136 , -1405290.5870721696 , 149721437.91318086 , -4272309.943052159 , 0.00232772 , -0.00250162 , 0.00711983300965 , 1574442483.899079
-0.442067944281 , 0.00993165121739 , 1.17897029775 , 0.00108621 , 0.000826705 , 188 , 137 , 76 , -1091031.4471536272 , 125991970.92300253 , -4501233.369495279 , 0.00394611 , -0.000489014 , 0.00690977994477 , 1574442484.042303
-0.45103091196 , 0.0142110019868 , 0.817838961843 , 0.00103885 , 0.000968561 , 218 , -125 , -74 , 6242215.456330161 , 21998471.755856752 , -70540711.19951566 , -0.000355726 , 0.00591118 , 0.0167074974134 , 1574442484.1856458
-0.539382410325 , 0.0818880781239 , 0.923414002225 , 0.000301505 , 0.000461617 , 212 , -180 , 67 , 350118.50365747476 , 49124360.925992616 , -42917556.14217845 , -0.00391087 , -0.00087622 , 0.0068440383869 , 1574442484.3289983
-0.633468541067 , 0.0499569450746 , 0.810339899087 , 0.000495412 , 0.00144784 , -188 , 65 , -75 , -6031626.797565888 , 120784622.06796134 , -208906.26271097633 , -0.00103781 , 0.00614679 , 0.0129617665227 , 1574442484.4723725
-0.53762700135 , 0.08961900794 , 0.93061898409 , 0.000407065 , 0.00134117 , 158 , 185 , -194 , 32112.744473542632 , 56168716.25115048 , -25062913.730646763 , -0.00364114 , 0.00417729 , 0.00786116193595 , 1574442484.615688
-0.518978051108 , 0.19519574301 , 0.759022783358 , 0.000377557 , 0.000760083 , 214 , 180 , 62 , -715298.6802950879 , 89074236.74123044 , -6159957.099997274 , -0.00342337 , -0.00166943 , 0.01203355312 , 1574442484.7590716
-0.521429627012 , 0.191522425002 , 0.348485857528 , 0.000448845 , 0.000591116 , -158 , -66 , 219 , -96663.45038065205 , 117298560.06262587 , -29282625.202240158 , -0.00147943 , -0.00185182 , 0.00857006549833 , 1574442484.9026713
-0.592608493362 , 0.123721059689 , 0.488174281431 , 0.000586815 , 0.00118877 , 149 , -202 , -91 , -2813242.55297815 , 132628725.75460917 , -3826404.343068347 , -0.00235368 , 0.00336358 , 0.00853828788781 , 1574442485.0459225
-0.640397448487 , 0.201433859293 , 0.622863330163 , 0.00030338 , 0.000478016 , -158 , 134 , 0 , -2783803.1529781097 , 108866219.23690249 , -3184862.2192052086 , -0.00372242 , -0.00181563 , 0.00880906694922 , 1574442485.1908638
-0.588514859473 , 0.130691271497 , 0.508759943901 , 0.000561739 , 0.000799936 , 187 , -72 , 0 , 1591427.1907615163 , 18340286.621963248 , -46337157.53731804 , 6.23689e-05 , 0.00499723 , 0.0073427861808 , 1574442485.3366678
-0.630116859597 , 0.224952613631 , 0.636244010769 , 0.000638027 , 0.00078402 , 215 , 177 , -198 , 404392.51375030313 , 45946142.748424836 , -51984122.193247974 , 0.00143956 , 0.000146639 , 0.0106559048339 , 1574442485.479873
-0.58710420834 , 0.33783082734 , 0.496114465527 , 0.00141946 , 0.000711512 , 181 , 175 , -165 , -382604.3997752435 , 96869904.2041174 , -18247055.75489894 , 0.00136127 , 0.0012488 , 0.00186793427639 , 1574442485.6233134
-0.517071102403 , 0.437271404756 , 0.35966093144 , 0.000933426 , 0.00111801 , -185 , 187 , -188 , 324752.8881429405 , 52044405.58766497 , -53113320.0826971 , -0.00177046 , 0.00235945 , 0.0128797488979 , 1574442485.766771
-0.41028140966 , 0.424804984811 , 0.446708875599 , -0.000231938 , 0.00219685 , 186 , 198 , 81 , -458206.3944795145 , 111899669.72363304 , -18005679.82031371 , -0.00491133 , 0.0091017 , 0.0163401280784 , 1574442485.9100373
-0.404175670032 , 0.422587403929 , 0.004117132494 , 0.00195211 , -6.93853e-06 , 217 , 183 , 165 , -98886.95740858102 , 84044016.41336794 , -23247121.607610665 , 0.00909353 , -0.0051874 , 0.0105962333297 , 1574442486.0534608
-0.393228005767 , 0.419782809169 , -0.428181779376 , 0.00111885 , 0.000721867 , -185 , 190 , -68 , -16509.616781323148 , 58938628.79661957 , -23994012.30614926 , -0.001375 , 0.00227447 , 0.00389183427978 , 1574442486.1968315
-0.320433783771 , 0.336285431866 , -0.321283374978 , 0.00129907 , 6.44451e-05 , 193 , 187 , -162 , -2004978.0678301414 , 96366826.96306683 , -4217700.517854412 , -0.00186299 , -0.00348337 , 0.00474130301342 , 1574442486.3400593
-0.201018359529 , 0.354753695387 , -0.461118839328 , 0.00132253 , 0.00101799 , 181 , 230 , -220 , 20777.42300239354 , 40134275.55736214 , -31263125.92832566 , -0.000974279 , 0.00612389 , 0.00695571728997 , 1574442486.4834197
-0.081278871339 , 0.371941579929 , -0.593749321813 , 0.00150183 , 0.000316247 , 214 , -61 , -190 , 8741838.31627136 , 586131.6048846405 , -53961716.90374763 , 0.000835547 , -0.00116306 , 0.00457515517937 , 1574442486.6266627
-0.0241852913126 , 0.45228665244 , -0.482292663583 , 0.0014745 , 0.00064362 , -159 , 132 , 119 , 7508737.4640902765 , 3107334.1329394314 , -54656992.010437116 , 0.00184523 , 0.000403657 , 0.0116604053826 , 1574442486.7702117
-0.0178164926592 , 0.359078428849 , -0.478763692873 , 0.00127611 , 0.00062256 , -173 , 168 , -60 , 9695442.636662573 , 156506.62306785837 , -38225718.66177259 , -0.00063829 , 0.00299965 , 0.0060264556801 , 1574442486.9134872
0.039129447583 , 0.262916334318 , -0.376570582755 , 0.000978906 , 0.000687922 , 187 , 190 , 77 , 9649334.493022136 , -178202.87400416032 , -18983619.63221436 , -0.000685979 , 0.00159319 , 0.00978628321343 , 1574442487.0568693
0.0353643291482 , 0.266027527035 , -0.789019034385 , 0.00166723 , 1.30302e-05 , 189 , -116 , 158 , 2044495.5218688778 , 41054.22662434003 , -15466313.059539279 , 0.00516037 , -0.00236316 , 0.0075127823154 , 1574442487.2001987
0.0154082827188 , 0.358655220782 , -0.92635481115 , 0.00154183 , 0.00039976 , -156 , 141 , -101 , 4182549.350581666 , 12560.427665605439 , -17782757.614129193 , 0.00431696 , 0.00393922 , 0.00797736050648 , 1574442487.3435285
0.0309936730432 , 0.251184436758 , -0.779755486274 , 0.00111399 , 0.000862558 , -215 , 177 , -180 , 5146475.671656898 , 681535.6061420914 , -18439871.54876273 , -0.000951396 , 0.00512015 , 0.00719802434518 , 1574442487.486965
0.049907837552 , 0.14388631869 , -0.615511307853 , 0.00105873 , 0.000193497 , -217 , -63 , 68 , 8584759.297699971 , -1321478.814772458 , -8774067.66501876 , -0.00315508 , -0.00604458 , 0.00690498316525 , 1574442487.6303651
-0.045389147427 , 0.157383731419 , -0.445679592475 , 0.000691396 , 0.000486861 , 162 , -198 , -69 , 4414812.908926488 , -2495655.047117392 , -8462425.067199275 , -0.00281367 , 0.000868266 , 0.0100676153002 , 1574442487.7736657
-0.0138592910772 , 0.259976827893 , -0.306873411249 , 0.00161647 , 0.00059205 , 217 , -181 , 65 , 6381933.595969123 , -2828883.7196770334 , -7769295.017007377 , 0.00445781 , 0.000679045 , 0.00786212151639 , 1574442487.9169838
-0.0843832621805 , 0.344982694598 , -0.476411045734 , 0.000806488 , 0.000237858 , 213 , 122 , 192 , 12075183.983310828 , -4178951.56418387 , -7187843.123788025 , -0.00429185 , -0.000577351 , 0.00926967674745 , 1574442488.0603373
-0.0853195616956 , 0.351187680271 , -0.855922437413 , 0.000825952 , 0.000729538 , -187 , -138 , -72 , 17019346.554064304 , -205163.10864730892 , -21250792.05984105 , 0.000313095 , -0.00148937 , 0.00595270233554 , 1574442488.2040534
-0.095062013865 , 0.356955969528 , -0.457883949511 , 0.00151697 , 0.000693643 , -181 , -238 , 59 , 4187227.485404931 , 571264.264570559 , -17597922.85028444 , 0.00276401 , 0.00116703 , 0.005975925991 , 1574442488.347282
-0.201504217019 , 0.350048040643 , -0.331429165767 , 0.000946397 , 0.00101974 , 188 , 125 , 136 , 3953288.442866104 , 740335.9198140423 , -27175521.958922274 , -0.0017783 , 0.00366996 , 0.00557261969095 , 1574442488.4919593
-0.21421044763 , 0.356547824146 , -0.745642102752 , 0.000946208 , 0.000920536 , 172 , -127 , 196 , 13269381.719015602 , -7825140.343989397 , -12825309.488221085 , -0.00165667 , 0.000764369 , 0.00508110772122 , 1574442488.6338012
-0.251759520016 , 0.451689209591 , -0.922090638209 , 0.000909223 , 8.00327e-05 , -186 , 129 , 202 , 4246638.977501007 , 24810.208500932476 , -19250168.913693856 , -0.00275849 , -0.00299998 , 0.00458469640057 , 1574442488.777112
-0.344701921797 , 0.398833785692 , -1.05427999936 , 0.000920564 , 0.000832399 , -212 , -119 , 198 , 1420768.3522481765 , 11138199.245507302 , -36044367.03458541 , -0.00134755 , 0.00448993 , 0.00640266503184 , 1574442488.920474
-0.431294241935 , 0.443645607406 , -0.924296244903 , 0.000525419 , 0.00122094 , 177 , 67 , -88 , 9845841.961889956 , 443.02399490892196 , -31600074.78958029 , -0.00255696 , 0.00415231 , 0.00838588640101 , 1574442489.063756
-0.352586956913 , 0.409988659994 , -1.03295913465 , 0.00192717 , 0.000410681 , -158 , -130 , 79 , 8313470.2835349515 , -16791.264958857053 , -31039267.048357703 , 0.00438498 , -0.000924062 , 0.00955322277992 , 1574442489.207107
-0.445905765646 , 0.465379107551 , -0.891212144504 , 0.000425739 , 0.000565014 , -214 , -168 , 171 , 21988569.975323495 , -4405828.293901255 , -26065472.49625376 , -0.00742216 , -0.00104882 , 0.0123260289304 , 1574442489.3504848
-0.554628987058 , 0.517569537508 , -0.743289455613 , 0.00109583 , 0.000847349 , 185 , -178 , 192 , 23076508.885721605 , -16402.170952823286 , -65652199.88904673 , 0.00398032 , 0.000258721 , 0.00892274304926 , 1574442489.4938025
-0.580811476864 , 0.617223535934 , -0.876508099883 , 0.00069455 , 0.000639237 , 183 , 129 , -69 , 23017059.137843497 , -6277950.385549743 , -24397889.041840807 , -0.00107322 , -0.00236736 , 0.00515976578496 , 1574442489.6372097
-0.473756703806 , 0.59352025878 , -1.00149247917 , 0.00100452 , 0.000410521 , 183 , -59 , -190 , 23417914.204631306 , -610716.4814977953 , -45752530.16984562 , -0.00196983 , -0.00116021 , 0.00259689631004 , 1574442489.780724
-0.388610303067 , 0.655194188931 , -0.855775396967 , 0.00096015 , 0.000536473 , -186 , -130 , 70 , 15265331.537275063 , 905377.3363065989 , -93822985.5684063 , -0.00325126 , -0.00201722 , 0.00467686467707 , 1574442489.9238694
-0.484882579938 , 0.705347266412 , -0.720792267342 , 0.000664508 , 0.00066747 , 183 , -196 , 200 , 23416921.905649938 , 307632.765024046 , -124894564.98867618 , -0.00638896 , 0.000405943 , 0.00646041197728 , 1574442490.067247
-0.516789608834 , 0.815298795063 , -0.823867620138 , 0.00106604 , 0.000374664 , 186 , -234 , -62 , 35215832.97203734 , -1000093.4838429944 , -71988468.14220542 , -0.00227944 , 0.000242047 , 0.00239531868408 , 1574442490.2106557
-0.443231470348 , 0.905232504682 , -0.701235887996 , 0.00125097 , 0.000555871 , 212 , -188 , 64 , 12211234.236194491 , -75.79506445477729 , -56748799.94655065 , 0.00132451 , -0.0026919 , 0.00679675597724 , 1574442490.353904
-0.473481467396 , 1.00456483231 , -0.890623982719 , 0.00132781 , 0.000961709 , 189 , 66 , 180 , 7605644.829001152 , 1853624.813804445 , -86027188.11907728 , 0.00380051 , 0.00430861 , 0.00813584955034 , 1574442490.497334
-0.47533020742 , 1.02030981947 , -1.32909859333 , 0.000998213 , 0.000624878 , 216 , -64 , 180 , 15275462.282092575 , 517519.27727276896 , -113038329.38679427 , -0.00241984 , -0.00044301 , 0.0103796398153 , 1574442490.6407008
-0.433421502097 , 1.1241373603 , -1.46628732965 , 0.00096645 , 0.000825331 , 210 , -183 , -67 , 410747.23078587966 , 21081531.64413915 , -77596554.65211055 , -0.00448771 , 0.00536623 , 0.0070099369363 , 1574442490.7840052
-0.313002324411 , 1.14187703712 , -1.31013037577 , 0.00118198 , 0.000601712 , 208 , -169 , -168 , 791967.0335980161 , 31626754.55089826 , -123810277.25372249 , 0.00109812 , 0.000682915 , 0.00833712930477 , 1574442490.9273794
-0.200454457179 , 1.17239827708 , -1.11368433963 , 0.000877394 , 0.00094108 , -181 , -185 , -162 , 27037110.591201834 , -25623.944255129045 , -110524165.96539572 , -0.000598532 , 0.00196629 , 0.00474996862954 , 1574442491.0707242
-0.195669054715 , 1.17653156951 , -0.730791017685 , 0.00107388 , 0.00058579 , 78 , 129 , 143 , 50099670.85407078 , -3790011.199274751 , -113765203.22938454 , -0.00334643 , 0.000845033 , 0.0130349542618 , 1574442491.2140784
-0.19481407817 , 1.17625295176 , -1.06589619461 , 0.00114355 , 0.000507015 , -187 , -133 , -72 , 31716001.182345375 , -411077.5207270551 , -128012201.04860145 , 0.000823861 , -0.000276026 , 0.0103565118307 , 1574442491.358009
-0.183926132604 , 1.17099173312 , -0.691678258992 , 0.000896498 , 0.000769554 , 180 , 129 , -202 , 8795541.126360424 , 76256.61955844627 , -113122639.69247863 , -0.00108413 , -7.0994e-05 , 0.00166961635648 , 1574442491.5013878
-0.0926195098519 , 1.15598960356 , -0.790489438848 , 0.00108535 , 0.000347794 , -187 , -68 , 81 , -21970.10516850805 , 34726708.34174977 , -57917546.31925867 , -0.00345228 , -0.00329425 , 0.00633209242956 , 1574442491.6441796
-0.185739633483 , 1.18235288339 , -0.702412211565 , 0.000560499 , 0.00074462 , 154 , 132 , 208 , 9054069.387994654 , 215287.89792898242 , -129937409.18055038 , -0.00152321 , -0.00205043 , 0.00616418730188 , 1574442491.7874131
-0.186516194838 , 1.17177341033 , -1.08104136057 , 0.000969908 , 0.000179439 , -185 , 192 , 0 , -37.02803617993572 , 27417552.8922822 , -65422570.361395754 , -0.000841597 , -0.00394471 , 0.00448995543908 , 1574442491.9336536
-0.158286180053 , 1.08033153192 , -1.09780397144 , 0.000923145 , 0.000680599 , 80 , 175 , 70 , 215.88110486823277 , 12848174.452172726 , -49980414.13660197 , -0.0037447 , 1.42843e-05 , 0.00920561487044 , 1574442492.0787024
-0.150763486602 , 1.07771263022 , -1.47643312044 , 0.000727247 , 0.000514989 , 160 , -128 , -68 , -574237.3336819744 , 62621400.661510065 , -49025924.858243376 , -0.00261098 , -0.00340497 , 0.00898505245602 , 1574442492.221818
-0.0419218942003 , 1.09890154943 , -1.37071103961 , 0.00140372 , 0.000540565 , 209 , -175 , 121 , 1139393.2354291554 , 8964121.867205082 , -112781350.79162179 , 0.00238667 , -0.00342851 , 0.00527918796545 , 1574442492.3651807
0.00553324120364 , 1.19157335411 , -1.50848793771 , 0.000543653 , 0.00102029 , 186 , 127 , -68 , 683150.6436003471 , 11560460.186599627 , -95619928.78026554 , -0.00104736 , 0.00357116 , 0.0044115246413 , 1574442492.5085597
0.0773828422441 , 1.1095612939 , -1.63479568101 , 0.00102788 , 0.000527051 , 211 , -121 , -198 , 18505229.06077965 , -347222.40898474096 , -87627964.79703231 , 0.00233495 , 0.00052355 , 0.00381116418816 , 1574442492.6514866
0.186395801587 , 1.09864740442 , -1.5437776448 , 0.000974602 , 0.000616499 , 209 , 128 , 84 , 4349815.09870443 , 203755.62730205213 , -80861002.65218666 , -0.000618692 , -0.00205919 , 0.0028863234524 , 1574442492.7950356
0.198998113997 , 1.08838681773 , -1.95799058179 , 0.000724869 , 0.000482769 , 210 , 172 , -61 , 7084509.801591416 , 80337.06294122721 , -110247569.02213208 , -0.0014783 , -0.00324993 , 0.0206107966012 , 1574442492.9387138
0.223956951879 , 0.977716918395 , -2.10209021908 , 0.000444361 , 0.000637641 , 214 , -64 , -198 , 9582326.810039805 , -133263.50496028358 , -75173326.62969229 , -0.00343235 , -0.00137783 , 0.00907184101238 , 1574442493.0818539
0.308081777091 , 0.923902567005 , -1.98534010478 , 0.00118627 , 0.000420559 , -187 , 137 , 72 , 1292087.7829270815 , 1922358.6374939487 , -80907985.65167609 , 0.00197244 , -0.00203867 , 0.00777203381229 , 1574442493.225393
0.210293277324 , 0.967409620452 , -2.13091014654 , 0.00155844 , 0.000712704 , -182 , 181 , 242 , 8562946.641201774 , -1236213.5085138893 , -64402914.64196935 , 0.000811877 , -0.000895595 , 0.00652948072662 , 1574442493.3685353
0.113186799289 , 1.03841564586 , -2.26354062902 , 0.000998627 , 0.000481188 , -180 , -127 , 192 , 6529253.022054247 , -12583781.480443098 , -27888550.315027487 , -0.00213208 , -0.00450269 , 0.00755295057806 , 1574442493.5118208
0.118127307636 , 1.1532929445 , -2.14179113956 , 0.000971295 , 0.000579877 , -217 , 124 , 188 , 1298023.6255538892 , -829415.648452382 , -29538954.6547259 , 0.00218443 , 0.00130112 , 0.00471402739416 , 1574442493.6551075
0.0287572389349 , 1.20454795247 , -2.27574498606 , 0.00134977 , 0.000345993 , 187 , 198 , -68 , 3233899.043642026 , -6392444.222933849 , -25125494.507635564 , 0.00490906 , -0.00295527 , 0.00709530015747 , 1574442493.7985833
0.0147241950087 , 1.11057772054 , -2.43013745458 , 0.00126496 , 0.000806763 , 212 , -68 , 134 , 7087223.76684663 , -32655648.71924257 , -15589776.718639776 , 0.00302094 , -0.000412072 , 0.00304891564075 , 1574442493.9418552
0.11650193937 , 1.12509836098 , -2.61334985057 , 0.000724571 , 0.000679237 , 212 , 122 , 198 , 11151829.052441549 , -3572290.725784204 , -59941809.02866477 , 0.00109816 , -0.00173899 , 0.00491245036597 , 1574442494.0852575
0.122604873369 , 1.12241686274 , -2.98992043332 , 0.000680171 , 0.000984176 , -159 , -68 , -74 , 28495214.5276456 , -13115831.295601955 , -67242503.43250157 , 0.0017635 , 0.00505558 , 0.00679169314991 , 1574442494.2312446
0.114204516506 , 1.11364343419 , -2.59982212951 , 0.000734441 , 0.000522942 , 185 , 125 , -168 , 26156931.163052395 , -34639071.74990381 , -33374484.20875927 , -0.000997647 , 0.000505677 , 0.00282140958078 , 1574442494.3759358
0.0699944162722 , 1.03245175666 , -2.69775106669 , 0.000710063 , 0.000696255 , -187 , -130 , 73 , 16311808.95855259 , -41640448.91409528 , -26195367.860661216 , -0.00230906 , -0.000827619 , 0.0026769510304 , 1574442494.519666
0.125672147854 , 1.11120570124 , -2.6118794461 , 0.00113108 , 0.00117641 , 159 , 128 , 208 , 481921.6565931593 , -193000503.90089455 , -113875.13798630607 , 0.000137503 , 0.00348628 , 0.00631311217019 , 1574442494.6630883
0.123773092146 , 1.12479179018 , -3.02403381684 , 0.00101418 , 0.000383789 , -158 , 190 , 200 , 12907151.783638276 , -53081522.772032715 , -19915185.968931597 , -0.00167485 , -0.000912619 , 0.00240040672097 , 1574442494.806356
0.10181083508 , 1.22245989778 , -3.19342441088 , 0.00143218 , 0.000247361 , 158 , 192 , -68 , 6389382.731496257 , -93239814.37341039 , -4534185.554830208 , 0.00104022 , -0.00101134 , 0.00395131836896 , 1574442494.9494195
0.0197011844337 , 1.18643523399 , -3.32223184176 , 0.00165905 , 0.000174205 , -186 , -71 , 77 , 24489114.17315107 , -27400662.093689147 , -41142883.25220576 , 0.00161199 , -0.00271902 , 0.00341587355534 , 1574442495.092858
0.100594829597 , 1.21377849848 , -3.20371724212 , 0.00075077 , 0.000720547 , 163 , 136 , -70 , 4593829.416803902 , -103675799.54553941 , -4278043.9545788895 , -0.00449372 , 0.00166817 , 0.0079921850286 , 1574442495.236245
0.0134052970906 , 1.17063651999 , -3.28032531459 , 0.000691646 , 0.00110191 , -158 , -132 , -180 , 3325293.8344379994 , -171711288.82791042 , -1272591.599865618 , -0.00455125 , 0.00395606 , 0.00852316312822 , 1574442495.379548
0.00942387275625 , 1.16766635566 , -2.92095846405 , 0.000353522 , 0.000916087 , 166 , 138 , 79 , 20851.592287730302 , -247914922.9699726 , 20049.687243672437 , -0.00422077 , -0.000947516 , 0.00439308860629 , 1574442495.5228496
0.0175009974266 , 1.1754333412 , -3.28547173021 , 0.000805612 , 0.000717498 , -159 , -132 , 177 , 1760486.6255071524 , -189496554.3402904 , -563975.7174339417 , -1.73494e-05 , -0.00264374 , 0.0109666480033 , 1574442495.6662703
0.123628749718 , 1.20632547277 , -3.17974964938 , 0.000644415 , 0.000343841 , 160 , -192 , 133 , 3299.1184201507585 , -270807099.10881096 , 92226.59576782888 , -0.00189658 , -0.00211398 , 0.00311592928124 , 1574442495.8096013
0.208334071041 , 1.15712879288 , -3.28738325601 , 0.000794549 , 0.000557809 , -156 , 65 , -92 , 22215251.694739558 , -121415231.87124877 , -10315307.633625029 , -0.00322357 , 0.00238598 , 0.00444839260945 , 1574442495.9529529
0.132946842868 , 1.21628610487 , -3.20254091855 , 0.00105695 , 0.000457895 , 165 , 187 , 70 , 154684.8331815974 , -269079032.76308316 , 18285.72058802591 , -0.000418597 , -0.00434529 , 0.00746421231116 , 1574442496.096316
0.127360846997 , 1.21928600106 , -3.55837879838 , 0.000707574 , 0.00117837 , -161 , -72 , -76 , 4182036.9162349477 , -197096982.7553734 , -818616.5121627469 , -0.00232774 , 0.00521674 , 0.00571331110756 , 1574442496.2396073
0.131620090301 , 1.22699403989 , -3.19033656151 , 0.00128445 , 0.000423515 , -217 , 128 , 69 , 636771.5547783944 , -161411284.59675202 , -513638.0652283332 , 0.00688487 , -0.0084308 , 0.0108874987127 , 1574442496.382959
0.136013435451 , 1.32996439797 , -3.25459323651 , 0.000562932 , 0.000895556 , -221 , -136 , -91 , 8754361.88034737 , -174727715.62581497 , -2914066.265317441 , -0.00362045 , 0.00560654 , 0.0100799791723 , 1574442496.5269315
0.148262834459 , 1.33920251616 , -2.83155787275 , 0.000556927 , 0.000427284 , -184 , -183 , 62 , -988074.9694605775 , -289098306.9848083 , 1587138.304562959 , -0.000677063 , -0.00232484 , 0.00717550809989 , 1574442496.6703513
0.228631322927 , 1.42585210951 , -2.64716915319 , 0.00116909 , 0.000598217 , -195 , -166 , 180 , 1487915.0818365193 , -209348877.14138368 , -251598.03909387148 , 0.00144436 , 0.000255147 , 0.0105271779719 , 1574442496.8130963
0.277258426471 , 1.52144682063 , -2.47233806265 , 0.000776312 , 0.000526053 , -175 , 129 , -66 , 247455.94462480833 , -417244418.15200007 , 175730.60883874266 , -0.0020005 , -0.00197193 , 0.00287967292667 , 1574442496.9564803
0.187208352968 , 1.51415474499 , -2.33750197347 , 0.00163397 , 0.000487736 , 146 , -136 , 143 , 16020514.010158936 , -213007762.99809033 , -4104764.845917606 , 0.00180781 , -0.00093507 , 0.00731832970377 , 1574442497.0997787
0.28360381088 , 1.55184544715 , -2.44542966099 , 0.000490995 , 0.00111602 , -161 , -183 , 188 , 30835620.587607738 , -115309673.1216994 , -25094391.02016752 , -0.00497546 , 0.003007 , 0.00585483782672 , 1574442497.243233
0.326747234359 , 1.65136517306 , -2.35014745184 , 0.000655732 , 0.000497506 , 157 , 129 , 208 , 42141661.38334799 , -32815929.0329496 , -88783649.96781114 , 0.000186771 , -0.000149171 , 0.0027994733355 , 1574442497.3865044
0.321184524931 , 1.66413946918 , -2.76230182258 , 0.000404297 , 0.000323038 , -156 , 194 , 194 , 49136216.48267764 , -13422095.926549604 , -123524144.12219095 , -0.00475146 , -0.00314669 , 0.00967056902527 , 1574442497.5298584
0.270420968123 , 1.76183047462 , -2.90743074299 , 0.00105193 , 0.000983762 , -185 , 178 , -63 , 46711578.84957388 , -22126917.975674007 , -104802054.7805609 , 0.00248414 , 0.0026968 , 0.00968800322546 , 1574442497.6733093
0.166257112123 , 1.79683910981 , -2.72510058969 , 0.000360014 , 0.000650294 , -215 , -119 , -204 , 44210846.106991544 , -452.4513801344275 , -311885959.51396203 , -0.00723638 , -0.00160999 , 0.00776415161541 , 1574442497.8183997
0.171646125895 , 1.81037352336 , -2.27765651186 , 0.000554624 , 0.000806773 , -214 , -187 , 62 , 51879633.2110434 , -52055904.12501135 , -85953805.98004037 , -0.0010475 , 0.0022755 , 0.00587037261029 , 1574442497.9667237
0.202435126937 , 1.92312286164 , -2.11635314236 , 0.00089538 , 0.000741693 , 121 , -247 , 192 , 58067389.73970041 , -271584723.98576146 , -19851035.78024216 , 0.00093571 , -0.000140729 , 0.00452016975964 , 1574442498.111396
0.286907621524 , 1.98540015992 , -2.25442412136 , 0.000997662 , 0.000706114 , -158 , 130 , 141 , 115322363.41675398 , -377152671.38680285 , -24154966.92564576 , 0.00414163 , -0.000508641 , 0.00526012450924 , 1574442498.254892
0.202510440094 , 2.04679181937 , -2.38029074332 , 0.000936898 , 0.000876484 , -211 , 175 , -63 , 93174586.34862965 , -19310074.32131601 , -189102021.57140926 , -0.000766925 , 0.00277688 , 0.00670546272053 , 1574442498.3981886
0.0950290148136 , 2.02757198904 , -2.28706710042 , 0.000790402 , 0.000961172 , 150 , 190 , 87 , 52238414.48403247 , 3150.7006589724233 , -386252579.2884612 , -0.00305932 , 0.000834475 , 0.00707842173404 , 1574442498.5415375
0.0813465363794 , 2.03274619848 , -2.70157411829 , 0.000478403 , 0.000539429 , -185 , 190 , 168 , 62760121.90708794 , -55216.70202169046 , -381735609.2060195 , -0.00405738 , 0.000247665 , 0.00591960446687 , 1574442498.686895
0.030007188859 , 2.14042928211 , -2.88302202892 , 0.000854874 , 0.00108568 , -181 , 234 , 177 , 131053739.2957058 , -6538010.916943461 , -352904255.0852886 , 6.17517e-05 , 0.00307762 , 0.00636221162006 , 1574442498.832298
-0.0024705618402 , 2.26170846035 , -3.04270795351 , 0.000855296 , 0.00115044 , -210 , 238 , 185 , 111472503.33063786 , 202026.55642593233 , -662867118.9153919 , -0.00106294 , 0.000991552 , 0.00453345626872 , 1574442498.9757159
-0.0155615134155 , 2.37405665534 , -3.14298953783 , 0.00103055 , 0.000952405 , -215 , -66 , -69 , 172397199.31457147 , -46016701.99463626 , -221790698.10788152 , 0.00248412 , 0.0025075 , 0.00426535858774 , 1574442499.1201522
-0.0148264226907 , 2.38067686626 , -2.77553546274 , 0.000936124 , 0.000961977 , 188 , 129 , 141 , 204685833.9784493 , -147892363.6689322 , -129272982.83919401 , -1.10014e-05 , -0.00178069 , 0.00283297956161 , 1574442499.2623684
-0.00822709616339 , 2.38874181483 , -3.13799016266 , 0.00112939 , 0.000819144 , -184 , -129 , 180 , 185832567.531042 , -430510956.7150764 , -33351620.89114413 , 0.00227843 , 0.000991307 , 0.0128256879786 , 1574442499.4062119
0.0821380341672 , 2.44997190383 , -3.037267457 , 0.00111788 , 0.000631496 , -187 , 127 , 132 , 169249761.78466284 , -978167149.8047516 , -2207408.8521749736 , 0.00234203 , -0.000527622 , 0.00826509625221 , 1574442499.5490422
0.0747478642293 , 2.55726192335 , -3.1168163384 , 0.000825532 , 0.000656016 , -227 , -64 , -133 , 411936222.0143699 , -73668827.19986278 , -388576430.0748948 , -0.000682141 , 0.00104585 , 0.00496232421774 , 1574442499.6923883
0.0646247371731 , 2.56729528263 , -2.69186944884 , 0.00081333 , 0.000949683 , -185 , 120 , -190 , 188391479.80744073 , -722131616.0287755 , -9831920.409404514 , -0.00102396 , -3.84079e-05 , 0.00464439622027 , 1574442499.8357985
-0.0522591777924 , 2.57512102029 , -2.50762776974 , 0.000585337 , 0.00033583 , -180 , 218 , -181 , 263256374.2610604 , -475194578.0582643 , -52067248.36419255 , -0.000111027 , -0.00470254 , 0.00674250612672 , 1574442499.9790812
-0.165875684004 , 2.56447787457 , -2.39720039463 , 0.000682532 , 0.000491554 , 148 , 194 , 86 , 248589382.46743435 , -1437396290.0340002 , -1239353.2318265163 , -0.00123249 , -0.00290473 , 0.0051719461047 , 1574442500.1224928
-0.165755132214 , 2.55577649077 , -2.77818219077 , 0.000835728 , 0.000740828 , 185 , -129 , -76 , 424310501.0813038 , -239756224.62240005 , -216889244.3746655 , 0.000718032 , 4.60768e-05 , 0.00138586248489 , 1574442500.2659283
-0.139085234349 , 2.45828596749 , -2.64658099141 , 0.000796746 , 0.000488966 , -181 , 132 , -217 , 432832938.7552891 , -45212612.18608298 , -528287124.89984924 , 0.000996326 , -0.00250072 , 0.00355818536459 , 1574442500.4091935
-0.228414520635 , 2.45619304 , -2.51659723696 , 0.000816513 , 0.000524973 , 177 , -138 , 90 , 403506686.64632136 , -339332.132894523 , -1085783055.6108277 , -0.000215701 , 7.42648e-05 , 0.00505337187928 , 1574442500.5524547
-0.137352888111 , 2.47504010243 , -2.65363893283 , 0.000919575 , 0.000809742 , -187 , 133 , 145 , 517524914.2686899 , -457939830.5015786 , -134735878.98831818 , 0.0022056 , 0.000947279 , 0.00575315590224 , 1574442500.6959343
-0.175341636665 , 2.55507768843 , -2.77671178631 , 0.00104483 , 0.000667883 , 164 , -65 , -73 , 434709868.78980386 , -192690412.64806658 , -241569016.11590642 , 0.00271477 , 0.00135823 , 0.0109021376751 , 1574442500.8392549
-0.140489216402 , 2.46383753159 , -2.59570499702 , 0.000883302 , 0.000455289 , -154 , -183 , -187 , 451535217.2804651 , -39994205.52216148 , -533276245.1752937 , -0.000233213 , 0.000842631 , 0.010283534363 , 1574442500.982691
-0.124650968608 , 2.45910844814 , -2.18090389825 , 0.00098002 , 0.00119144 , 182 , -196 , 83 , 433613365.35585797 , -107965886.69005752 , -352450673.09253293 , 0.00223799 , 0.00360309 , 0.0080422046754 , 1574442501.1261036
-0.0394777839966 , 2.49751526901 , -2.27162785356 , 0.000536887 , 0.00083029 , -187 , 133 , -91 , 589883669.2766972 , -668855569.263746 , -102581221.2824061 , -0.00270217 , 0.00024761 , 0.00876603827057 , 1574442501.2692924
-0.1216139104 , 2.45639888987 , -2.12458740735 , 0.000778312 , 0.000860746 , 158 , -129 , -227 , 608462092.665858 , -469308854.09171796 , -167400233.0736805 , -0.000251259 , -2.51325e-05 , 0.00315285816055 , 1574442501.412668
-0.0371513404743 , 2.41099999617 , -1.96004914804 , 0.000890754 , 0.000696804 , -181 , -194 , 70 , 269546906.34268254 , -262218.7239915533 , -850445340.7825396 , 0.00100456 , -0.00156364 , 0.00900033817658 , 1574442501.5561337
-0.0571263177359 , 2.50026155452 , -1.81477318718 , 0.000887324 , 0.000929128 , -187 , 122 , -92 , 405590355.98848647 , -16692325.4933981 , -705456330.8089036 , -0.000366362 , 0.00216382 , 0.00575792046366 , 1574442501.6993337
-0.131139328861 , 2.42962487022 , -1.62259132397 , 0.000823063 , 0.000877401 , -208 , -120 , -183 , 391183310.1536737 , -5600139.380236291 , -830299862.0089605 , -0.00155972 , 0.00158833 , 0.0115347465979 , 1574442501.8427482
-0.146298587766 , 2.42537148201 , -1.21499520707 , 0.000772146 , 0.000661875 , -204 , 177 , 69 , 201623902.71836096 , 37.80912051890953 , -902283132.1579102 , -0.000643176 , -0.00227221 , 0.0041514252115 , 1574442501.986021
-0.237048542037 , 2.43201627316 , -1.16308992955 , 0.000805315 , 0.000963466 , -238 , -70 , -66 , 193644374.2915546 , 1946280.996247497 , -1284721940.8584437 , -0.000462443 , 0.00284959 , 0.00307842017906 , 1574442502.1294196
-0.233708097925 , 2.42639589626 , -0.754170448633 , 0.000910168 , 0.00115817 , 186 , 129 , -215 , 158235591.8742454 , 8139333.338545934 , -1378511880.9470494 , 0.00115965 , 0.00154419 , 0.00825900565941 , 1574442502.2727215
-0.128871348648 , 2.39219279816 , -0.846805929748 , 0.000625058 , 0.00016338 , -152 , 188 , -202 , 102365.31028413697 , 277096705.3103493 , -851671784.0421205 , -0.00115525 , -0.00296542 , 0.00409839601081 , 1574442502.4160447
-0.100273384983 , 2.28713327863 , -0.671974839199 , 0.000881476 , 0.00031451 , -206 , -60 , -168 , 5221515.039026059 , 252036768.10418516 , -1282097088.6952126 , 0.00235384 , -0.00311978 , 0.00694575157615 , 1574442502.5596282
-0.0937947252883 , 2.27226959342 , -0.224530761369 , 0.000798688 , 0.000559714 , -207 , 125 , -206 , -73821461.91935387 , 776869545.601683 , -216351971.35591722 , 0.000806095 , 0.000811667 , 0.00499110091718 , 1574442502.7026958
-0.0145396082688 , 2.21092574951 , -0.0388186778006 , 0.000990113 , 0.00103442 , 185 , -125 , -180 , -8911804.717171589 , 659810407.0705563 , -596516612.2832767 , -0.00114057 , 0.00177477 , 0.00653129529985 , 1574442502.846151
0.00383352860905 , 2.30619455037 , 0.128513349991 , 0.000620782 , 0.000446059 , -187 , 133 , -212 , -18902626.800975006 , 772278481.5102185 , -558987341.4845284 , -0.00289902 , -0.0025419 , 0.00431815451008 , 1574442502.9895365
0.109104370786 , 2.26974016411 , 0.289816719488 , 0.000843768 , 0.00075335 , -169 , 224 , -164 , -330962764.1390381 , 693134067.1149685 , -15290688.861943783 , 0.000177913 , 0.00259523 , 0.00990160467564 , 1574442503.132823
0.209562026358 , 2.24392732809 , 0.428916981607 , 0.000349541 , 0.000330447 , 159 , -129 , 77 , -432064433.7490029 , 460563046.11299187 , -126254.95683936788 , -0.00733633 , -0.00277482 , 0.00858549643703 , 1574442503.2765718
0.120328437982 , 2.26115075796 , 0.300844752954 , 0.000810482 , 0.000731865 , 190 , 127 , -68 , -704549864.7349299 , 398002572.4719673 , 2138956.5050794124 , 0.00183874 , 0.00349914 , 0.00983234424009 , 1574442503.4194903
0.177140427528 , 2.33213204611 , 0.170272836716 , 0.000551593 , 0.000434078 , -187 , -137 , 148 , -696739733.2947371 , 156012095.40925863 , 46209242.04453511 , -0.00445914 , -0.000583451 , 0.005745212984 , 1574442503.5629323
0.093218078694 , 2.26508942443 , 0.312902069544 , 0.000920505 , 0.000908502 , -210 , -187 , 183 , -518917862.5312187 , 11456154.496203283 , 284103880.9036782 , 0.00171736 , 0.00189848 , 0.0108759784774 , 1574442503.706416
0.0164628461289 , 2.17991489058 , 0.432004830977 , 0.000937701 , 0.000537751 , 153 , 125 , 173 , -623832525.6454173 , 66609872.70479747 , 115424665.78200702 , 0.00203292 , -0.00239519 , 0.00439299511119 , 1574442503.849747
0.0031544957615 , 2.17491734787 , 0.0210267838086 , 0.00103724 , 0.00080276 , 215 , -122 , 194 , -748793412.7888554 , 215473369.62818262 , 23790633.48177495 , 0.00108942 , 0.00104089 , 0.00532825092515 , 1574442503.9929757
-0.0891612433772 , 2.22864013157 , -0.0936647642385 , 0.000938167 , 0.00104996 , -155 , -185 , -72 , -734619971.9661973 , 90407809.05007286 , 113746943.38254584 , -0.000973394 , 0.00109447 , 0.00847567907874 , 1574442504.136258
-0.105350312437 , 2.22962777387 , 0.32393010301 , 0.000760561 , 0.00045196 , -209 , -177 , 68 , -641625574.2101903 , 5085646.401544774 , 539195353.8085672 , -0.000743026 , -0.00432653 , 0.00441752311606 , 1574442504.2796907
-0.184044096331 , 2.14246733343 , 0.508759943901 , 0.0014852 , 0.000571905 , -218 , -226 , 232 , -563296572.4815015 , 243897172.56545588 , 5913979.364343348 , 0.0049523 , 0.000725637 , 0.00803026777298 , 1574442504.4230523
-0.242529850469 , 2.04417427646 , 0.627715664888 , 0.0011734 , 0.000664196 , 162 , 125 , 182 , -464517469.7179546 , 839386487.0770007 , -13360405.78178923 , 0.00228895 , -0.000564144 , 0.00411468495941 , 1574442504.5665503
-0.255175443821 , 2.03696587041 , 0.218796183967 , 0.000850959 , 0.000609612 , 218 , -124 , 202 , -796562603.0508189 , 212641766.71640328 , 35198761.18983016 , -0.00362424 , 0.000463591 , 0.0120953648264 , 1574442504.7097583
-0.364779445978 , 2.06328081296 , 0.0733731826609 , 0.000690127 , 0.000728854 , -158 , -242 , 190 , -709976635.1426831 , 56603306.44614243 , 188632294.31590092 , -0.00364233 , 0.00107221 , 0.00407163596818 , 1574442504.8531353
-0.4480979274 , 2.01390431673 , 0.19923980462 , 0.000897729 , 0.000568997 , 185 , 130 , -77 , -537570025.9479164 , 669123.3986290673 , 710906175.092326 , 0.00332446 , -9.161e-05 , 0.00630769570938 , 1574442504.9964714
-0.364608320489 , 2.07496829103 , 0.0938118046847 , 0.000663626 , 0.000310088 , -155 , 192 , -200 , -621617874.515813 , 140208004.28162727 , 47690227.856684096 , -0.00184766 , -0.00134928 , 0.0064880633673 , 1574442505.1398327
-0.252641758351 , 2.0317379843 , 0.241293372238 , 0.000776569 , 0.0008185 , -186 , 224 , -185 , -551945539.52953 , 407309771.18680876 , 301985.54430724244 , 1.24104e-05 , 0.00220845 , 0.00593351980367 , 1574442505.2839375
-0.134328992287 , 2.0063894615 , 0.384657807296 , 0.000693558 , 0.000641193 , 184 , 187 , -158 , -631823135.6812698 , 285631033.7995052 , 10729723.694358999 , -0.001014 , 0.000598702 , 0.00422328707582 , 1574442505.426587
-0.0741943887142 , 2.08802973604 , 0.24158745313 , 0.000832931 , 0.000863464 , 196 , -121 , 86 , -602859054.177048 , 554936609.8187853 , 370.96121521303854 , -0.000279649 , -0.000570194 , 0.00313131801298 , 1574442505.5701017
-0.160284602576 , 2.12007645501 , 0.115426750278 , 0.000873148 , 0.00104627 , -158 , 136 , 0 , -651379380.4548283 , 293355195.93889636 , 9223504.99401445 , 0.00189169 , 0.00262905 , 0.00364070964624 , 1574442505.713285
-0.0705122579819 , 2.07223831737 , 0.229089015202 , 0.000821944 , 0.000492196 , -183 , 228 , 65 , -567241836.0286978 , 48648958.810366005 , 150537794.33957043 , 0.0021528 , -0.00338288 , 0.00462038189179 , 1574442505.8566113
-0.0505361752765 , 1.96995060375 , 0.0907239553142 , 0.000913745 , 0.00112331 , 160 , -69 , 136 , -648129398.2693543 , 101968548.52160558 , 78195272.97649989 , -0.00179752 , 0.00569412 , 0.00783634383781 , 1574442506.0000074
-0.144717293374 , 2.00696881547 , -0.0880772272823 , 0.00040349 , 0.000359813 , 220 , 120 , 190 , -699655209.0120924 , 345396385.1165923 , 5572073.404762853 , -0.000500329 , -0.0034459 , 0.00354900183245 , 1574442506.1433692
-0.158321151382 , 2.01739737944 , -0.522728786292 , 0.000855431 , 0.00108624 , 211 , -117 , 198 , -746451509.4378982 , 98669502.39674772 , 117336113.1344927 , 0.000865356 , 0.00735313 , 0.0125992505449 , 1574442506.2866714
-0.216995660564 , 2.11988370026 , -0.694766108362 , 0.000664206 , 0.000540846 , 216 , -224 , 249 , -694657927.4438083 , 115906934.25639182 , 83842485.32702206 , -0.000577151 , -0.00205867 , 0.0032635870701 , 1574442506.4301262
-0.260276586972 , 2.23952583089 , -0.852687547596 , 0.000519745 , 0.000111077 , 185 , -171 , 185 , -891608126.3806131 , 241106530.54688343 , 51936985.349500604 , 0.000233657 , -0.00237165 , 0.00437201057594 , 1574442506.5734138
-0.272220728322 , 2.36024024402 , -0.977818967325 , 0.00090751 , 0.000943545 , 190 , -180 , -61 , -296728191.980019 , 515637236.2754976 , -5204986.837602866 , 0.000364818 , 0.00173502 , 0.00899281427528 , 1574442506.7167172
-0.191625878133 , 2.41221716432 , -0.883860122194 , 0.000882972 , 0.000558509 , -165 , 64 , 98 , -179713894.12548167 , 632561493.9278915 , -46579112.85063358 , 0.00452548 , -0.00214146 , 0.00560100370341 , 1574442506.860038
-0.265822785792 , 2.35029705944 , -1.05722080828 , 0.000640902 , 0.00041958 , 156 , 188 , 153 , -64005637.70594854 , 676944261.0559305 , -200458797.15464315 , -0.00137324 , -0.00255377 , 0.00508391298432 , 1574442507.0036025
-0.279745491171 , 2.3420548885 , -1.4934898122 , 0.00082864 , 0.000668592 , -158 , 190 , 190 , -11812662.043290943 , 679691074.7520179 , -520273188.83684874 , -0.000191963 , 0.00170259 , 0.00585194691974 , 1574442507.1484072
-0.398733043589 , 2.33240119727 , -1.67537884416 , 0.000743666 , 0.000688984 , -209 , 228 , 185 , -229248785.09555852 , 1158428000.1873693 , -133599276.18872802 , -0.00230626 , -0.000359942 , 0.00458411399799 , 1574442507.2943442
-0.518693609655 , 2.33389950063 , -1.80345107282 , 0.000858373 , 0.000331895 , -207 , 183 , -64 , -155530262.4739973 , 1345847769.2735705 , -264191950.4833375 , 0.000378341 , -0.00140994 , 0.00627938488958 , 1574442507.4376066
-0.594925142054 , 2.24688418075 , -1.67758445086 , 0.000664091 , 0.000162141 , 181 , 196 , -164 , 15531.875077081795 , 423786220.62863296 , -1026913763.3923129 , 0.000236696 , -0.00215579 , 0.00401706958981 , 1574442507.5813642
-0.566714326306 , 2.14754866513 , -1.82183112859 , 0.00094898 , 0.000498527 , -122 , 188 , 134 , 25793138.019687723 , 127807264.38197245 , -1341177301.7000344 , 0.00476821 , -0.00220497 , 0.0104498561168 , 1574442507.7243936
-0.667493881613 , 2.17788900256 , -1.95402048974 , 0.00112229 , 0.000778161 , -215 , -125 , 194 , 177069563.1507795 , 12713001.23701752 , -1497599767.613853 , 0.00134313 , 0.000678021 , 0.00175252492285 , 1574442507.8676574
-0.688037282805 , 2.29698874756 , -1.79948098077 , 0.000579109 , 0.000159947 , -205 , -236 , 226 , 42635605.967654414 , 128026794.8050072 , -1500434736.2905505 , -0.00384816 , -0.00257755 , 0.00463458180243 , 1574442508.0110042
-0.72353724105 , 2.41818096592 , -1.62450284977 , 0.0008044 , 0.000376224 , -171 , -228 , 177 , 99455303.62827514 , 21208408.952356696 , -1222481711.18329 , -0.000405792 , -7.01277e-05 , 0.00427088000323 , 1574442508.155043
-0.775356469209 , 2.52011452705 , -1.50613529057 , 0.000728679 , 0.000708279 , 154 , 129 , 175 , 412112721.71885765 , -1021648.5516292787 , -1017748705.8785958 , -0.00220653 , -0.00169265 , 0.0030834887428 , 1574442508.2983968
-0.784261977441 , 2.53442456719 , -1.8877052485 , 0.00081231 , 0.000586969 , -184 , -130 , 177 , 310739242.77328736 , 311196.31323177397 , -1340192546.7585166 , -0.00048046 , -0.000246525 , 0.00856655757102 , 1574442508.4414604
-0.801619597973 , 2.62404228978 , -1.78007164187 , 0.00080357 , 9.70266e-05 , 181 , 69 , -71 , 81675041.28282084 , 74399312.4148622 , -1578777186.034692 , 0.000804959 , -0.00328929 , 0.00345006876683 , 1574442508.585099
-0.77824295647 , 2.52271219389 , -1.88417627779 , 0.000772099 , 0.000652122 , -181 , 187 , -151 , 1306134.8387042906 , 636436963.2790157 , -1714823326.8997233 , -0.000811085 , 0.00259394 , 0.00602278994148 , 1574442508.7307832
-0.858255350398 , 2.44482162428 , -1.79095263489 , 0.000958417 , 0.000844163 , 182 , 187 , 70 , 378895385.20112467 , 1247707.5640595113 , -1683222286.9720712 , 0.000999597 , -0.000112626 , 0.00913825373781 , 1574442508.8754542
-0.862438928569 , 2.43955954791 , -2.14473194848 , 0.000901913 , 0.00122627 , -152 , -136 , -115 , 179435217.75988576 , 68717179.86495982 , -2219387627.6585217 , -0.00130686 , 0.0028123 , 0.0056640097887 , 1574442509.0186763
-0.861861012091 , 2.42794956263 , -1.77110217465 , 0.000735366 , 0.00061563 , 180 , 128 , -171 , 298803122.5072553 , 10448587.800819634 , -1897821633.0030208 , -0.00139324 , -0.00172294 , 0.00339493675401 , 1574442509.161991
-0.834947473053 , 2.32096677175 , -1.86432581755 , 0.000626787 , 0.000894249 , -181 , 185 , -202 , 119912715.11364996 , 112867085.25070815 , -2130903976.3409002 , -0.00368947 , 0.00181325 , 0.0073903801123 , 1574442509.3053071
-0.900197503288 , 2.23882770891 , -1.71507976464 , 0.000570315 , 0.000467128 , 183 , -123 , -190 , 1111719709.716293 , -69547844.49266143 , -1071125885.6467028 , -0.00231012 , -0.00164106 , 0.00327857671248 , 1574442509.4486234
-0.797659921306 , 2.20950492496 , -1.5730386936 , 0.000897174 , 0.000493799 , 207 , 128 , -247 , 189354437.89034706 , 42870753.64417421 , -1988917487.1956902 , 0.00146383 , -0.00520971 , 0.00552175787005 , 1574442509.5919924
-0.732458326552 , 2.10754697698 , -1.7130211984 , 0.00102485 , 0.000830928 , 207 , 178 , -181 , 429736216.13483256 , 138145.58656010352 , -1614045246.3981767 , 0.00130747 , 0.00138513 , 0.00639088656693 , 1574442509.7353702
-0.692975754751 , 2.0119485754 , -1.85373890542 , 0.000728042 , 0.000754338 , -184 , -130 , 76 , 262328805.22650802 , 10137565.683389952 , -1702332989.363179 , -0.001281 , 0.00040165 , 0.00532813208689 , 1574442509.8787413
-0.724194810858 , 2.10931421774 , -1.74037072139 , 0.00120288 , 0.000161623 , -213 , 62 , 192 , 28619163.80712439 , 213346174.00321823 , -1631185248.981667 , 0.00424905 , -0.000575432 , 0.00757177387177 , 1574442510.022154
-0.841063948436 , 2.13477379621 , -1.88094138797 , 0.00107933 , 0.00073564 , -208 , 168 , 190 , 81060568.67162284 , 61832239.87176604 , -1473820671.7640843 , 0.00416336 , 0.00142881 , 0.00909547087459 , 1574442510.1664088
-0.949894784051 , 2.1681282985 , -1.97931144649 , 0.000727687 , 0.000422129 , -210 , -129 , -71 , 196712465.6399359 , 973574.247064851 , -1082282472.1581311 , -0.00203484 , 0.000409917 , 0.00292894134268 , 1574442510.3091853
-0.955253410183 , 2.17150243914 , -1.61303369497 , 0.000754248 , 0.000345616 , 183 , 64 , 148 , 52563597.41538718 , 81988310.68950121 , -1381169347.4624536 , 0.00319084 , -0.00387193 , 0.00627335062411 , 1574442510.4522064
-0.960245188726 , 2.16255962675 , -1.97210646463 , 0.00119912 , 0.000821506 , -150 , 125 , -133 , 235129537.39725676 , 3239117.5801203013 , -1384997396.777575 , 0.00875843 , 0.00496927 , 0.0168191069429 , 1574442510.5956209
-1.042494422 , 2.09989892648 , -1.89990960553 , 0.000907647 , 9.49159e-05 , 181 , 121 , 70 , 686902660.2212639 , -6209469.6679148795 , -1204083489.8471687 , 0.00221062 , -0.00755436 , 0.00852423718126 , 1574442510.7388375
-1.04041882093 , 2.10338301546 , -2.30971132913 , 0.000691798 , 0.000201718 , 209 , -124 , 134 , 20978754.752125956 , 311616453.9998999 , -1771610943.6132953 , -0.0026291 , 1.09248e-05 , 0.0123579088507 , 1574442510.8822217
-0.948417366622 , 2.13019108846 , -2.45263464285 , 0.000793198 , 0.00038134 , -185 , 138 , -74 , 372228856.81662077 , 407429.0725357601 , -1481332507.51298 , 0.00185938 , 0.000147923 , 0.0022359702234 , 1574442511.025533
-1.04734820417 , 2.10249582533 , -2.33456116454 , 0.000981334 , 0.00100725 , 181 , 181 , -168 , 181951898.09547484 , 77363262.95480871 , -2133342354.8653264 , 0.00284499 , 0.00272325 , 0.0061465023847 , 1574442511.1689398
-1.08240840579 , 1.98699722595 , -2.47174990086 , 0.000865794 , 0.000762631 , 211 , 172 , -174 , 701066936.9048136 , -23316576.94489154 , -900757418.8157631 , 0.000821694 , -0.000122544 , 0.00522738968933 , 1574442511.312269
-1.1239946962 , 1.87918453038 , -2.58011870972 , 0.000890496 , 0.000643196 , -181 , -129 , -212 , 781354130.9205649 , -139989092.0596243 , -529096276.0894726 , 0.000782596 , 0.00120022 , 0.00335564983938 , 1574442511.4557664
-1.11994656478 , 1.86384217754 , -2.15502477972 , 0.00058741 , 0.000242188 , 181 , -185 , -192 , 755776338.203267 , -13435852.31511744 , -1107115057.8327804 , -0.00394322 , -0.00243428 , 0.00475404390224 , 1574442511.5988772
-1.02159412319 , 1.8125574103 , -1.99872078539 , 0.000997597 , 0.00106367 , 177 , -175 , 119 , 806053317.3827262 , -155680350.5225153 , -509842187.13418436 , 0.000909977 , 0.00121323 , 0.00409666359926 , 1574442511.7425377
-0.918658152201 , 1.86649958002 , -2.10488398756 , 0.000774054 , 0.000252078 , 217 , -168 , -64 , 860768196.1307313 , -1113477643.2303674 , -69013775.23726325 , -0.000419685 , -0.000763416 , 0.00389388375798 , 1574442511.8857574
-0.821478828336 , 1.8165027843 , -2.01195442555 , 0.00121789 , 0.000752561 , 184 , 121 , 162 , 694837197.3702085 , -43093536.04258205 , -737315333.1459574 , 0.0018015 , -0.00264 , 0.00605000317226 , 1574442512.028901
-0.806313563837 , 1.82041898393 , -2.42278543227 , 0.000829288 , 0.0012395 , 212 , -62 , 212 , 348725039.888312 , -8280.372710954265 , -1049598873.4818987 , -0.00115921 , 0.00529505 , 0.0145584119744 , 1574442512.1724732
-0.696980400496 , 1.84978126995 , -2.56688506956 , 0.000809786 , 0.000748269 , -156 , -180 , 204 , 456702920.9031826 , -1717731.6036672355 , -987749673.0287199 , 0.00167557 , -0.00217946 , 0.0037966625708 , 1574442512.3157399
-0.647205018382 , 1.93217759244 , -2.44351813519 , 0.000982237 , 0.000749583 , 155 , 66 , -75 , 168110591.42328396 , 26434707.5471944 , -1549149692.933631 , 0.00269977 , 0.00109992 , 0.00509388510308 , 1574442512.4590297
-0.680265046211 , 1.84291812169 , -2.60790935406 , 0.00100733 , 0.00102186 , 210 , 177 , 62 , 501692185.49757403 , -42633756.770076394 , -562420256.9654328 , 0.00326112 , 0.0006002 , 0.00558106082235 , 1574442512.602477
-0.677249759992 , 1.84590043941 , -3.02050484613 , 0.000900577 , 0.000427432 , -158 , -128 , 185 , 525132086.10841155 , -183187094.5298021 , -292602163.5927755 , 0.000887531 , -0.00362731 , 0.00386120099032 , 1574442512.7458956
-0.594534592848 , 1.91686857084 , -2.91919397869 , 0.00104846 , 0.000819254 , -178 , 171 , 202 , 532205088.7042637 , -4429344.003528646 , -1027861278.9081945 , 0.00251779 , 0.00260208 , 0.00585938705356 , 1574442512.8896575
-0.624818726997 , 2.02599617352 , -3.02756278755 , 0.0010912 , 0.000549113 , -210 , 185 , -68 , 582979771.3659767 , -23985499.789471447 , -777992883.5732076 , 0.00234019 , -0.000536879 , 0.00631523894537 , 1574442513.0325577
-0.721951212014 , 2.07544305591 , -2.93360394242 , 0.00100162 , 0.000921729 , 153 , 134 , 87 , 345309588.99401635 , -774959535.4598429 , -25947707.892942227 , -0.00167148 , -0.0021427 , 0.00324498394025 , 1574442513.175772
-0.726659467833 , 2.06705418134 , -3.31238013187 , 0.0010071 , 0.000978189 , 212 , -130 , -136 , 456007380.61078763 , -337713870.76329774 , -156328588.48084143 , 0.00143359 , 0.00648491 , 0.00973708160827 , 1574442513.3193111
-0.754884843857 , 1.95920197047 , -3.20415836345 , 0.000992569 , 0.00104474 , 215 , 123 , -204 , 511069697.41123945 , -624339914.8060074 , -84377262.41960801 , 0.00130777 , 0.00125532 , 0.00779363991261 , 1574442513.4625583
-0.838817770114 , 1.90956695271 , -3.32164367998 , 0.000748285 , 0.00106527 , -187 , -129 , 140 , 899260629.5943258 , -269383224.34797096 , -414619261.62734866 , -0.000194128 , 0.00121928 , 0.00684474117112 , 1574442513.605903
-0.736617561585 , 1.94304384505 , -3.17798516403 , 0.000910922 , 0.000345521 , -181 , -224 , 178 , 306636353.4564289 , -1490895411.2283678 , -1308142.5927325117 , 0.00158054 , -0.00177097 , 0.00834581827816 , 1574442513.7492135
-0.624546251347 , 2.00088646032 , -3.00388927571 , 0.0010333 , 0.000459029 , -210 , -171 , 230 , 412871161.7694553 , -949437714.5589038 , -23711160.36032252 , 0.00177278 , -0.00330265 , 0.00485718320954 , 1574442513.8925672
-0.533935693656 , 2.07146032392 , -2.88419835249 , 0.000823334 , 0.000295403 , 192 , 136 , 208 , 143738035.4047779 , -1749714708.1598513 , 207133.10188877917 , -0.000666913 , -0.00233218 , 0.00301766933557 , 1574442514.0359879
-0.540620061203 , 2.0768942361 , -3.26356270372 , 0.00115194 , 0.000560457 , -151 , 204 , -69 , 264163396.92474487 , -1457509866.9944334 , -591821.3947610559 , 0.00300793 , -0.000811618 , 0.00622457360397 , 1574442514.1793554
-0.625030953478 , 2.13756765954 , -3.10475902181 , 0.00102276 , 0.000971217 , -185 , -61 , -192 , 512274133.312574 , -672732690.7390579 , -73162483.9821605 , -0.00107203 , 0.00263311 , 0.00288471944875 , 1574442514.3228076
-0.639177854475 , 2.13514529 , -2.68495854787 , 0.000767142 , 0.000659211 , 185 , 133 , -138 , 757819473.0604639 , -130202243.34183604 , -570055178.0978526 , -0.000669489 , -0.000715229 , 0.00334033337815 , 1574442514.4659688
-0.692675643536 , 2.03969981587 , -2.77377097738 , 0.000759224 , 0.000925822 , 219 , -118 , -133 , 264780414.01229256 , -1540319797.0232956 , -787869.161731722 , -0.00219218 , 0.00260901 , 0.0072685406222 , 1574442514.6093915
-0.645858110259 , 1.93462684449 , -2.65305077104 , 0.000749776 , 0.00053181 , 181 , -192 , 125 , 462119809.2495123 , -1759477545.4901578 , -3644996.828644822 , -0.00230187 , -0.000309273 , 0.00631262836789 , 1574442514.7528315
-0.531243965663 , 1.91467725197 , -2.75980213499 , 0.000952911 , 0.00111882 , 187 , -185 , -62 , 743643797.2781774 , -128587848.36926366 , -574691371.9029132 , 0.000293454 , 0.00464758 , 0.0101167577338 , 1574442514.8960655
-0.491790910114 , 1.80576092733 , -2.63437663437 , 0.000692757 , 0.000641441 , 214 , 123 , -194 , 716852091.501496 , -408128236.48985213 , -236411593.47147226 , -0.00104169 , 0.000537404 , 0.0069850298264 , 1574442515.0394394
-0.546780633017 , 1.71872638833 , -2.77994667613 , 0.000908122 , 0.000726557 , -181 , 188 , 68 , 600344175.0906842 , -120108105.39664596 , -461221654.48790663 , 0.00151518 , -0.000819448 , 0.00450609723371 , 1574442515.1827097
-0.576850217849 , 1.80861016001 , -2.93654475134 , 0.000855641 , 0.000428314 , 157 , -64 , 177 , 595674289.8355248 , -269759021.84281015 , -282112651.888425 , -0.00167085 , -0.00353924 , 0.00494021379782 , 1574442515.3268285
-0.479625564559 , 1.78077632048 , -3.027709828 , 0.00087275 , 0.000206032 , -156 , -188 , -87 , 449901499.2616439 , -27947661.699017264 , -650722851.4381511 , 0.0025436 , -0.00296273 , 0.00391389247208 , 1574442515.469608
-0.47318792319 , 1.77729466796 , -2.66378472362 , 0.00104234 , 0.00077279 , 157 , 136 , 77 , 409732560.1590229 , -100894676.09210874 , -350980550.0248599 , -0.000808229 , -0.00097413 , 0.0030069134879 , 1574442515.6128335
-0.462559694095 , 1.77792177803 , -3.05123629939 , 0.00072763 , 0.000339188 , 184 , -119 , 192 , 466118913.59058154 , -439159790.7191731 , -125552798.55312695 , -0.00194175 , -0.00161849 , 0.00291010140418 , 1574442515.7567556
-0.367393318962 , 1.73091678976 , -3.16592784744 , 0.000808737 , 0.000525496 , -188 , -200 , -132 , 373878124.6814674 , -823083915.8545859 , -33032441.331772324 , -0.000315537 , -0.00243458 , 0.00339009639646 , 1574442515.899574
-0.361212502739 , 1.73627170266 , -2.77759402899 , 0.00108555 , 0.000824207 , -209 , 127 , 70 , 474855956.6021714 , -8116609.545340347 , -886757344.7418547 , 0.00497281 , 0.000831469 , 0.0104164880211 , 1574442516.042929
-0.391298884016 , 1.84188416313 , -2.87302327858 , 0.000573782 , 0.000513043 , -187 , -121 , 198 , 406498026.6002151 , -505813551.1239897 , -90744469.81646544 , -0.00349222 , 0.000899252 , 0.00888153503669 , 1574442516.1864057
-0.321255210066 , 1.93258842236 , -2.74980338465 , 0.000628461 , 0.000705808 , -217 , 122 , 188 , 245335171.96930853 , -1108389150.1146536 , -5827735.205300632 , 0.000312675 , -0.00166767 , 0.00212983207181 , 1574442516.3296483
-0.351371180272 , 2.04299328145 , -2.86126004288 , 0.000727761 , 0.00127842 , -210 , -123 , 196 , 339124727.8881274 , -94986624.58466311 , -325157949.2271991 , -0.000410945 , 0.00236479 , 0.00582405574052 , 1574442516.473688
-0.282236367687 , 2.13482375119 , -2.73848127029 , 0.000591543 , 0.0001088 , -215 , 120 , 192 , 413266638.9049972 , -311401175.2247801 , -167167306.93055764 , 0.00035512 , -0.00369006 , 0.00374501846982 , 1574442516.6190748
-0.322228384522 , 2.2384675297 , -2.82170616285 , 0.001096 , 0.000445285 , -181 , -127 , -74 , 415728118.87255293 , -67642908.93766434 , -473182457.5173027 , 0.00640055 , 0.00019718 , 0.00726029601428 , 1574442516.7637942
-0.334763771364 , 2.24476290215 , -2.39705335418 , 0.00104285 , 0.00101404 , -210 , 120 , -181 , 531535799.5848874 , -309186349.9497975 , -235016940.93866396 , 0.00157011 , 0.00297776 , 0.0049173244772 , 1574442516.9071424
-0.433187686794 , 2.23282317041 , -2.2179580907 , 0.000745022 , 0.000592382 , -212 , -129 , 70 , 557430919.772592 , -99630654.1554305 , -546409874.7661499 , -0.00227508 , -0.00299115 , 0.00523075294325 , 1574442517.050535
-0.417704105766 , 2.32647731514 , -2.05003790112 , 0.000798022 , 0.000892106 , 185 , -196 , -70 , 964434693.1314441 , -813308810.5639031 , -205070986.97146094 , -0.00117097 , 0.00207281 , 0.00504365460573 , 1574442517.194132
-0.33486693972 , 2.29024782295 , -1.91358436703 , 0.000839395 , 0.000612558 , -183 , 67 , 91 , 582844732.7776691 , -17076403.66606375 , -1033107907.7687235 , 0.00103871 , -0.0034127 , 0.00910988855662 , 1574442517.3372266
-0.431678711118 , 2.31421370794 , -2.02342358035 , 0.00081089 , 0.00038307 , -206 , 192 , -62 , 470000179.36114657 , -1285957.3540860945 , -1246524591.6333277 , -0.000743115 , -0.0022642 , 0.00556398203197 , 1574442517.4805331
-0.524671468937 , 2.24660092217 , -1.89814512018 , 0.000852116 , -0.000124266 , 150 , 185 , -168 , 258033302.5012927 , 4202707.401688305 , -1694580159.7802696 , 0.00204621 , -0.00403349 , 0.00498241840398 , 1574442517.6238596
-0.510157391247 , 2.14059038792 , -2.06724163333 , 0.0012862 , 0.000863542 , 209 , 178 , 67 , 38750064.36535404 , 112869951.84644528 , -1607570365.9071577 , 0.00612266 , -0.00070565 , 0.00892122807706 , 1574442517.7672088
-0.509849196247 , 2.13458994127 , -2.53512433318 , 0.0012322 , 0.000589306 , 181 , 166 , 175 , 187905970.99329996 , 14819767.226801626 , -1750658156.896595 , 0.00382267 , 0.000246991 , 0.00389034369693 , 1574442517.910598
-0.520435329524 , 2.13074873618 , -2.9675702855 , 0.000805249 , 0.000159392 , -180 , 196 , -71 , 32628074.737626106 , 226428303.73561925 , -1893540884.3331826 , 0.00122802 , -0.00443566 , 0.00470894371649 , 1574442518.0539896
-0.629738467176 , 2.16755626362 , -2.83670428836 , 0.000759114 , 0.000101275 , -211 , 180 , -236 , 54707696.40414325 , 268457975.99152744 , -2324245979.8859167 , -0.00223375 , -0.00291206 , 0.00592222145112 , 1574442518.1973865
-0.749230065249 , 2.1850437772 , -2.69289873197 , 0.000996702 , 0.000826575 , 181 , 187 , -232 , 463160480.1616499 , 1089.6550491527328 , -1615276912.3974113 , 0.00171965 , 0.00308139 , 0.00823717214196 , 1574442518.340756
-0.814891670684 , 2.09966530613 , -2.86273044734 , 0.000772438 , 0.000452342 , 209 , 180 , 123 , 590943061.0757185 , -537568910.4956933 , -157138391.18040043 , 0.00108194 , -0.00226563 , 0.0025511931141 , 1574442518.4839604
-0.821801080711 , 2.10428367363 , -3.30149913885 , 0.00088321 , 0.000665643 , -155 , 200 , 175 , 704116571.2216398 , -308864577.2618844 , -325110149.1681395 , -0.000152003 , 0.00220314 , 0.00543054629933 , 1574442518.6274428
-0.808176594987 , 2.19666057344 , -3.44265796721 , 0.0010196 , 0.00114207 , 158 , -137 , -92 , 860294811.6446639 , -29371043.24249736 , -1119303542.111694 , -0.000333812 , 0.000596301 , 0.00520888235935 , 1574442518.770662
-0.83571594914 , 2.1051940255 , -3.34928728387 , 0.000857969 , 0.000672653 , 214 , 130 , 69 , 1008677552.1706263 , -70832985.16960683 , -958636533.5797321 , 0.000413117 , -0.00239498 , 0.00475066616589 , 1574442518.9139645
-0.838049497927 , 2.09740591024 , -3.70497812326 , 0.000591357 , 4.11416e-05 , -160 , -128 , -78 , 476546338.20045775 , -993803721.9376385 , -31670002.25500649 , -0.00253435 , -0.00144103 , 0.00313114556286 , 1574442519.0574229
-0.827322191212 , 2.09436377883 , -3.30958636339 , 0.000799833 , 0.000953554 , -213 , -180 , 132 , 391350847.29567295 , -1659069268.9950397 , -2332640.0155108683 , 0.000764972 , 0.00117832 , 0.00142945220566 , 1574442519.2011974
-0.738520112682 , 2.12744753169 , -3.14872411523 , 0.000931171 , 0.000884178 , 155 , 129 , -75 , 616375028.7766428 , -1029568409.1430122 , -49244856.78671521 , 0.00156518 , 0.00144413 , 0.00809194367947 , 1574442519.3441632
-0.823081902784 , 2.06991079062 , -3.24988794223 , 0.00101506 , 0.000911989 , 213 , -124 , -190 , 13851776.744674673 , -2829607490.736828 , 81317756.6622359 , 0.00172127 , 0.002759 , 0.00326250991994 , 1574442519.487503
-0.828668951257 , 1.96479731313 , -3.1034356578 , 0.000938875 , 0.00089944 , -188 , -192 , 71 , 336372526.1077862 , -1497920596.903617 , -2459255.3059258508 , 0.00171237 , -0.000533554 , 0.00567542817528 , 1574442519.6308966
-0.740044132099 , 2.01280163622 , -2.99756653652 , 0.000527988 , 0.000461239 , 156 , 132 , 180 , 652691632.9507812 , -677819655.426644 , -125487216.46840616 , -0.00219728 , 0.000212997 , 0.0112037431214 , 1574442519.7742217
-0.72706408246 , 2.02309666908 , -3.37751904954 , 0.000833555 , 0.000645785 , -190 , -129 , 145 , 405534264.6725854 , -1421218292.493767 , -7058970.34306346 , 0.00137016 , -0.00284879 , 0.00817275261949 , 1574442519.9175458
-0.631060187227 , 2.04090499991 , -3.24135959635 , 0.00087996 , 0.000528729 , 159 , -194 , -69 , 501828729.8785107 , -739395387.7683077 , -64176415.922367126 , 0.00191932 , 0.000373992 , 0.0020320755768 , 1574442520.0613601
-0.636797213526 , 1.92869275064 , -3.07020451695 , 0.00111284 , 0.000715127 , 209 , -228 , -230 , 765531693.4346191 , -192809392.67951635 , -470159671.6045816 , 0.00555391 , 0.00216352 , 0.00633265895599 , 1574442520.2059965
-0.617208307699 , 1.81486441688 , -2.89890239711 , 0.000769115 , 0.000702681 , -188 , -178 , 68 , 255192518.74050167 , -1584405537.802955 , -500480.5320591519 , -0.000792953 , -0.00565234 , 0.0075290052554 , 1574442520.3518496
-0.548876625646 , 1.87170069611 , -2.76274294392 , 0.000952304 , 0.00115886 , 162 , 132 , -70 , 438054288.89532804 , -1271194085.1811564 , -16867482.52652759 , -5.19237e-05 , 0.0051482 , 0.00533333763737 , 1574442520.4950273
-0.619090646469 , 1.79714155167 , -2.86523013493 , 0.000923792 , 0.000935965 , -187 , 178 , -183 , 496952482.099327 , -814457771.4594855 , -63525461.88215494 , 0.000577713 , -3.37966e-05 , 0.0081508794137 , 1574442520.638496
-0.723216335926 , 1.80710327946 , -2.71848376961 , 0.000761026 , 0.000689707 , 160 , -127 , -173 , 448995161.125801 , -337317894.14129424 , -175966139.37034303 , -0.00199765 , 0.00107046 , 0.00412893447229 , 1574442520.781974
-0.6864198686 , 1.71254321783 , -2.52306701659 , 0.000814675 , 0.000970437 , -152 , -177 , -183 , 469215758.3607245 , -64649784.90718592 , -556084624.9036578 , -0.000804317 , 0.0026714 , 0.00328422627622 , 1574442520.925
-0.681353608907 , 1.70826197515 , -2.13943849242 , 0.000668545 , 0.000182396 , 182 , 129 , 78 , 449451977.9051603 , -327607539.84194326 , -194427930.87849355 , 0.00117494 , -0.00385972 , 0.00521762700343 , 1574442521.0684443
-0.680939548812 , 1.71959752825 , -2.50233431367 , 0.000588588 , -3.42538e-06 , -157 , -129 , 175 , 610769145.7673202 , -329324815.65976536 , -272671428.7811957 , -0.000562645 , -0.00377646 , 0.00590664661917 , 1574442521.2119002
-0.628064370457 , 1.81547342022 , -2.39808263731 , 0.000900529 , 0.000678736 , 151 , -177 , 198 , 481178586.7256804 , -107025327.81678593 , -437697887.15724915 , -0.0011255 , 0.000178878 , 0.00331785190582 , 1574442521.3552303
-0.533960300491 , 1.84067317196 , -2.50498104171 , 0.000733979 , 0.000730797 , -181 , 138 , -90 , 70031038.37796809 , 25967611.432617743 , -1168387202.7452412 , -0.00153392 , -8.76714e-06 , 0.00667050790096 , 1574442521.4986045
-0.640250108652 , 1.82636945033 , -2.35970508085 , 0.000977278 , 0.00100052 , -210 , 226 , -174 , 338939590.9845399 , -32810706.764517643 , -510078300.30779827 , 0.000582465 , -0.000693606 , 0.00398221016837 , 1574442521.6419444
-0.744138976222 , 1.78986404445 , -2.18693255654 , 0.000653841 , 0.000520023 , 186 , -65 , -117 , 267539519.71812347 , -743038.0328372025 , -862066254.7555172 , -0.00310419 , -0.00215183 , 0.0042961166005 , 1574442521.785211
-0.674322587989 , 1.72263992191 , -2.02268837812 , 0.00104337 , 0.000809839 , -182 , 127 , -208 , 383185446.31608427 , -25807194.792824984 , -670382869.7247906 , 0.00366247 , -0.00163022 , 0.00765640724032 , 1574442521.9286003
-0.745210369092 , 1.6687272155 , -1.89211646188 , 0.00113679 , 0.000747393 , 149 , -130 , 148 , 366423379.9153107 , -9141810.512256948 , -814254820.7678416 , 0.00186795 , 0.00254198 , 0.00477951991018 , 1574442522.0720234
-0.672564421789 , 1.72155616635 , -2.021659095 , 0.00065994 , 0.000260379 , 210 , 130 , -72 , 308105701.1478418 , -571434.5980044164 , -983826748.3881271 , -0.00128399 , -0.00250928 , 0.00803351326425 , 1574442522.2156465
-0.649229478135 , 1.61504706405 , -2.1476727574 , 0.000587684 , 0.000401173 , 210 , -125 , -190 , 104407465.40768233 , 3379650.6987789366 , -1004886186.1966945 , -0.00229307 , -0.0009687 , 0.0028425782426 , 1574442522.3585289
-0.550757118668 , 1.55789767368 , -2.02651142972 , 0.000894227 , 0.000880462 , 207 , -188 , 60 , 25912892.263708632 , 48345221.51247403 , -954645757.133762 , 7.2818e-05 , 0.00222279 , 0.00701393861431 , 1574442522.502019
-0.446952539739 , 1.62121153289 , -2.16561169184 , 0.00103958 , 0.000695192 , 168 , -175 , 180 , 68574350.1569176 , 18915425.712480616 , -1110742200.5886734 , 0.00199349 , -0.000853453 , 0.00507463741401 , 1574442522.6453297
-0.351336303198 , 1.67558950536 , -2.32779730402 , 0.000963392 , 0.000674152 , -186 , 66 , 145 , 158328358.55526415 , 5680.769914445462 , -848340281.8042744 , 0.00211113 , -2.89295e-05 , 0.00221289566906 , 1574442522.7886744
-0.427666187102 , 1.75495898989 , -2.48674802637 , 0.000731355 , 0.000496281 , -184 , 188 , 187 , 27968041.276444647 , 22443836.341441665 , -792968577.2639062 , -0.00216463 , -0.00122615 , 0.00471494367935 , 1574442522.9320729
-0.492373932003 , 1.83612869947 , -2.612173527 , 0.000833776 , 0.000586412 , 159 , -132 , -74 , 43480675.81916875 , 14001309.066775804 , -867446627.3655736 , 8.6108e-05 , 0.000646011 , 0.00219255050165 , 1574442523.0753882
-0.448867218872 , 1.76292543741 , -2.49571749359 , 0.00118889 , 0.000870594 , -182 , 137 , 121 , 68085669.84957455 , 5330743.421457714 , -923460076.3316238 , 0.00435695 , -0.00166886 , 0.00518112641635 , 1574442523.2187948
-0.510669431488 , 1.82811957997 , -2.6315828659 , 0.00067421 , 0.00098327 , 186 , 198 , -132 , 183051795.92540318 , -63560.92211286907 , -831786108.0001639 , -0.0037398 , 0.00370249 , 0.00549951141922 , 1574442523.362166
-0.567441876539 , 1.74604065204 , -2.81288373608 , 0.000668047 , 0.00043786 , 214 , 185 , 66 , 383716809.2161398 , -28891833.7037714 , -637453520.8014412 , 0.000668011 , -0.00523929 , 0.00935160415693 , 1574442523.505532
-0.574702605439 , 1.74994004767 , -3.2526817107 , 0.000607806 , 0.000301969 , -182 , 121 , 198 , 176789088.78897545 , 1548.4071381192557 , -936089965.8267543 , -0.00275404 , -0.000920103 , 0.00307626380213 , 1574442523.6488385
-0.562347122318 , 1.86463197685 , -3.43060065062 , 0.000751929 , 0.000537905 , -211 , 234 , 169 , 333153813.67991173 , -243891.9969923517 , -1092065476.8306518 , -0.000387658 , 0.00102459 , 0.00180744907609 , 1574442523.7921295
-0.522869513725 , 1.96735219567 , -3.5867576045 , 0.000994029 , 0.000962675 , 186 , -67 , 208 , 419589889.6193024 , -3415690.432748218 , -986293572.6385165 , 0.000575253 , 0.0013537 , 0.00575007335752 , 1574442523.9355805
-0.46603277349 , 1.87779979215 , -3.70262547612 , 0.000802297 , 0.000410408 , 181 , -183 , -62 , 351471664.98573595 , -303777146.6312371 , -152439080.14876476 , -0.00066815 , -0.00197152 , 0.00370607060065 , 1574442524.0790353
-0.508380351447 , 1.78021462325 , -3.55676135348 , 0.000688054 , 0.000109428 , -157 , -192 , 67 , 340847804.973517 , -615479913.8753273 , -58773671.11569722 , -0.00184085 , -0.00559914 , 0.00692300887026 , 1574442524.222309
-0.400702767547 , 1.77567851794 , -3.42207230474 , 0.000901637 , 0.000381241 , 169 , -183 , 129 , 283332311.7937756 , -1137073751.4624166 , -9210548.02085567 , 0.000349154 , -0.00118527 , 0.00273656171994 , 1574442524.3657138
-0.312765411824 , 1.69304160093 , -3.55661431303 , 0.00119989 , 0.00116285 , 226 , -232 , 222 , 104023712.43870017 , -1518611387.7334383 , 48.32414350357705 , 0.00273998 , 0.00433509 , 0.00844511888751 , 1574442524.509059
-0.264220683453 , 1.59703823404 , -3.69218560444 , 0.000871055 , 0.000834869 , 194 , 137 , -69 , 152897123.6710226 , -1118370505.9493108 , -1538050.08481809 , -0.000290741 , 0.00204628 , 0.0020806611883 , 1574442524.6525693
-0.360105793445 , 1.58476621495 , -3.84775439653 , 0.000554112 , 0.000583381 , 213 , -122 , 72 , 355613606.8843158 , -555184624.7324305 , -77386351.47113262 , 0.000235287 , 0.0011224 , 0.00350925129177 , 1574442524.795728
-0.332624791514 , 1.48678945245 , -3.94538925282 , 0.000864727 , 0.00109357 , -159 , -194 , -90 , 281798238.4819925 , -633365397.0951866 , -46797756.28581914 , 0.00135994 , 0.00443989 , 0.0104592038178 , 1574442524.9389696
-0.343250919655 , 1.48299927865 , -3.55249718054 , 0.000903826 , 0.000891788 , 185 , 127 , -140 , 198008008.12921616 , -678069802.4261485 , -25716779.624183845 , 0.00258118 , 0.00132333 , 0.00569294146772 , 1574442525.0826652
-0.446353298712 , 1.47133079508 , -3.6160186533 , 0.000954064 , 0.000776864 , -163 , -65 , -115 , 59833033.996378675 , -1103651796.9944046 , -16785.54385230861 , 0.00136238 , -0.000135593 , 0.00304630806751 , 1574442525.225997
-0.440800246322 , 1.46932701601 , -3.20180571631 , 0.000915813 , 0.000590779 , -216 , -181 , 66 , 4781076.781219906 , -1326407421.7503333 , 5577653.099549926 , -0.00158856 , -0.00365572 , 0.0063291012241 , 1574442525.3690207
-0.345819111092 , 1.51700286975 , -3.07255716409 , 0.00146017 , 0.000901485 , 159 , 127 , 141 , 130767375.993158 , -617324437.4252205 , -18202910.205366142 , 0.0058289 , 0.00114626 , 0.00607157586214 , 1574442525.5123396
-0.331984464443 , 1.52666883723 , -3.45133335354 , 0.000967906 , 0.000225099 , -166 , -66 , 185 , 47312461.8959605 , -1303661250.1979964 , 25776.893762131433 , 0.000602982 , -0.000464447 , 0.00140528960611 , 1574442525.6565435
-0.219525337941 , 1.54817107834 , -3.32179072043 , 0.00119684 , 0.000276153 , -184 , -172 , 169 , 201763272.54944476 , -303242959.92618144 , -87226338.35961321 , 0.00520065 , -0.00083662 , 0.00920256210732 , 1574442525.8013678
-0.111231112815 , 1.57671840315 , -3.1381372031 , 0.000978244 , 0.000866544 , 164 , -187 , -70 , 270157899.3381492 , -41703643.76239223 , -435513536.22578096 , 0.000761988 , 0.00249405 , 0.00333827682428 , 1574442525.9467664
-0.115107437606 , 1.48017973147 , -2.96889364951 , 0.000897957 , 0.00111913 , -155 , 192 , -202 , 136835683.68108228 , -713082751.0889157 , -12199149.473869793 , 0.000142086 , 0.00358008 , 0.003583994855 , 1574442526.089954
-0.201687891153 , 1.51527332305 , -2.81406005965 , 0.000657211 , 0.000558509 , -213 , -129 , 68 , 206620189.83452588 , -560160482.4560778 , -45216131.682797864 , -0.00285979 , -0.00443387 , 0.00527775785073 , 1574442526.233301
-0.135874012584 , 1.58419581393 , -2.64422834427 , 0.000774642 , 0.00048863 , 185 , -194 , -84 , 290147390.9971393 , -259217168.55550015 , -190387571.02645487 , -0.00201519 , -0.00292298 , 0.00355066653644 , 1574442526.3765981
-0.0872929322779 , 1.50890802516 , -2.51012745732 , 0.000827937 , 0.000444972 , -183 , 130 , 73 , 210750385.83381093 , -96921835.72281963 , -283030608.5620268 , 0.000263383 , -0.00280884 , 0.00570775886197 , 1574442526.5198982
-0.142554615152 , 1.58430412211 , -2.59232306676 , 0.000949453 , 0.000926702 , -184 , -127 , -67 , 228386618.3592495 , -63507465.26018324 , -353248054.81291175 , 0.00119111 , 0.00482893 , 0.00802740798013 , 1574442526.6634822
-0.156176332574 , 1.58802042153 , -2.16781729854 , 0.000992282 , 0.00117386 , -213 , 172 , -234 , 182383747.96084914 , -4690015.44863706 , -635005415.2297882 , 0.00212044 , 0.000658686 , 0.00567991066172 , 1574442526.8066487
-0.260025135929 , 1.54954930194 , -2.01813012429 , 0.000751331 , 0.000252062 , -206 , 236 , 65 , 73923172.67413044 , 9438.739532228406 , -704610476.3208469 , -0.000201873 , -0.00441466 , 0.00656772394926 , 1574442526.9501326
-0.352417348095 , 1.59768700449 , -2.15678926507 , 0.000767075 , 0.00101112 , 155 , -122 , 134 , 303724174.6614591 , -28253308.277979262 , -651951631.6201593 , -0.00298598 , 0.00397172 , 0.0111409268911 , 1574442527.093422
-0.263345992411 , 1.65832369356 , -2.27883283543 , 0.00100461 , 0.000321524 , -187 , -192 , 247 , 22981911.41176497 , 15184249.085853886 , -830455644.375269 , 0.00342072 , -0.005492 , 0.00652992930903 , 1574442527.236718
-0.236877072743 , 1.76300047538 , -2.18590327342 , 0.00104971 , 0.000741632 , 181 , 128 , 149 , 484975.3246445523 , 91226845.76332037 , -639998817.0191913 , 0.00244227 , 0.000906908 , 0.00662141349282 , 1574442527.380171
-0.227004154537 , 1.7742142809 , -2.59261714765 , 0.000639542 , 0.000393263 , 183 , -123 , 198 , 17455345.093346305 , 17954710.848905098 , -719761735.015117 , -0.000176523 , -0.00175848 , 0.00392681375123 , 1574442527.523487
-0.126987173929 , 1.76557135759 , -2.76083141812 , 0.000788301 , 0.000144148 , 184 , 125 , -71 , 41106557.91170201 , 5198591.956271261 , -780994041.1256742 , 0.00211686 , -0.00131694 , 0.00253674977364 , 1574442527.6667843
-0.174110211024 , 1.68146685465 , -2.91581204843 , 0.00114092 , 0.00070608 , 212 , -130 , 70 , 2581703.2189201945 , 170567149.59965461 , -1053468756.94772 , 0.00288339 , -0.000868305 , 0.00378377312104 , 1574442527.8101437
-0.0903067680211 , 1.64820157588 , -3.04256091306 , 0.000949813 , 0.000896125 , -156 , 132 , -151 , 127835895.27255549 , 135794.4589728037 , -940837144.0877882 , 0.00228858 , 0.00157569 , 0.00767822055284 , 1574442527.9535382
-0.177394019824 , 1.68730485752 , -2.95654225203 , 0.000851107 , 0.00084353 , 184 , 130 , 69 , 191723518.52054697 , -115322.14559891536 , -916117605.8227048 , -0.000344244 , 0.000213305 , 0.00166033574637 , 1574442528.0968509
-0.184088696735 , 1.68940557565 , -3.30782187803 , 0.000792952 , 0.00102082 , -184 , -132 , -74 , 226535109.01785097 , -17186622.048109006 , -551120746.1249057 , -0.00199892 , 0.0024661 , 0.00722901019231 , 1574442528.2402525
-0.194530268426 , 1.68390542456 , -2.93801515581 , 0.000872844 , 0.00062502 , 181 , 130 , -187 , 238823318.33028826 , -47289208.54300025 , -435958683.81091344 , 0.00387778 , -0.00374901 , 0.00554469180487 , 1574442528.387119
-0.283568318843 , 1.60564695301 , -3.05991168572 , 0.000685977 , 0.000210395 , 214 , 240 , -181 , 228604821.9468871 , -6338045.070659412 , -699555454.0836021 , -0.000100497 , -0.00250768 , 0.00328156917683 , 1574442528.5310895
-0.378080989992 , 1.53901642362 , -3.16783937324 , 0.000730708 , 0.000298055 , -185 , -132 , -137 , 282849854.86214286 , -580656941.3101952 , -74005737.80486234 , -0.000771202 , -0.000812419 , 0.00131716498505 , 1574442528.6747804
-0.383389694809 , 1.52303019353 , -2.74465696903 , 0.000851763 , 0.00102937 , 155 , -178 , -192 , 240658740.1952999 , -10030096.652874459 , -669341892.144106 , -0.00133101 , 0.00279456 , 0.00661946701651 , 1574442528.817979
-0.342398180509 , 1.42649346892 , -2.52703710864 , 0.000466896 , 0.00025277 , -183 , -175 , -180 , 249495534.65988573 , -79119110.86185575 , -359756301.6935625 , -0.00538014 , -0.00371711 , 0.00654039763326 , 1574442528.9610972
-0.313414312076 , 1.38861269181 , -2.24001415763 , 0.000965875 , 0.00071816 , -34 , 138 , 136 , 273218647.50004715 , -567669822.5264276 , -74877482.2740135 , 0.00063849 , -0.00151096 , 0.00184416997596 , 1574442529.104485
-0.392687742165 , 1.4386686274 , -2.36499853691 , 0.000841258 , 0.00064302 , 159 , 192 , -85 , 254755983.29738 , -54832364.04316532 , -425944312.91686827 , -0.00270617 , 0.00232491 , 0.00823708294844 , 1574442529.2478576
-0.415216191889 , 1.34677778163 , -2.51953804588 , 0.000741408 , 0.000405803 , 174 , -120 , 132 , 126631595.91577153 , -3374253.2118780315 , -532539276.2999772 , -0.000378191 , -0.00452953 , 0.0061989644277 , 1574442529.3912165
-0.302534126508 , 1.35280235288 , -2.67481275708 , 0.000894293 , 0.000745635 , 211 , -177 , 180 , 5445617.755768053 , 24692129.724831764 , -593926691.0427704 , 0.00451995 , 0.0037396 , 0.0105588142154 , 1574442529.534574
-0.187321057084 , 1.34309862088 , -2.77450617962 , 0.000674792 , 0.000409616 , -183 , -122 , -84 , 27363054.998825613 , 6871970.709779103 , -689116075.8578471 , -0.00250678 , -0.00394169 , 0.00593112213476 , 1574442529.6779232
