0.0 , 0.0 , 0.0 , -0.000118236 , 2.60441e-05 , 0 , 0 , 0 , -14.470413276293021 , 1.1215532091170644 , 3.1422794748167457 , -0.00265987 , -0.000896505 , 0.00741433736972 , 1574442022.739853
-9.6778978972e-05 , -0.00117338276079 , 0.00264672803186 , -0.000499892 , 0.000304931 , 0 , 0 , 0 , -160.57205062988027 , 11.407632617630734 , 40.793320315578484 , -0.00718523 , 0.00457899 , 0.0136374840958 , 1574442022.8831565
0.00131258788464 , -0.0400311081867 , 0.115720831171 , -0.000436347 , 0.000250991 , 138 , 0 , -145 , 812.2570528371261 , -85.6262093002836 , -185.44145542469172 , -0.00334884 , 0.00209029 , 0.013490994844 , 1574442023.0266774
0.00592254287228 , 0.0590294148588 , 0.193652267664 , -0.000384233 , 0.000111115 , 212 , -122 , -134 , 834.8476327613748 , -89.50888044367046 , -180.6265055762693 , -0.000734417 , 0.000317535 , 0.0124176046018 , 1574442023.1703799
-0.00719468802934 , 0.176457394326 , 0.314519514452 , -0.000120987 , 0.000165748 , 236 , -180 , -185 , 826.0330240553368 , -130.8947889534671 , -162.7084611267923 , 0.00104371 , 0.00269466 , 0.00926950032274 , 1574442023.3136575
-0.0413594965701 , 0.292582813041 , 0.45288457434 , -0.000147696 , 0.000166781 , 205 , -230 , -181 , 1216.538764509181 , -67.55184643195801 , -358.147611405303 , 0.000439309 , 0.00150851 , 0.00945159628982 , 1574442023.4585238
-0.0856773349619 , 0.409091518745 , 0.593308200474 , -0.00022393 , 0.000209795 , 177 , -120 , -188 , 949.4225902207838 , -32.81488125663687 , -344.69497452615514 , -0.00220177 , 0.00246251 , 0.0129260108646 , 1574442023.6042504
-0.1331803545 , 0.516662424215 , 0.700500685765 , -0.000286071 , 0.000145259 , 208 , -59 , -181 , 652.3659469354498 , -2.7151826241976194 , -326.18227061156813 , -0.00237066 , 0.0019578 , 0.00934657815266 , 1574442023.747547
-0.176687428136 , 0.620961791259 , 0.768433371915 , -0.000320075 , 0.000206518 , 214 , 0 , -188 , 367.2442619170025 , 0.22730624555930637 , -289.99095653907517 , -0.00301807 , 0.00145764 , 0.0102587522894 , 1574442023.89085
-0.212205057273 , 0.726006770174 , 0.794312490449 , -0.000190489 , 0.000185426 , 168 , 61 , -247 , 144.17099278137377 , 18.740534733014 , -215.59157747888287 , 0.000329045 , 0.000840223 , 0.00931402376773 , 1574442024.034304
-0.237629146222 , 0.828376867785 , 0.801076350975 , -0.000208992 , 0.000117037 , 180 , 0 , -244 , 42.80352457220998 , 69.348439371446 , -123.04972882511176 , -0.000945413 , 0.000631371 , 0.00868449205986 , 1574442024.1776683
-0.230555704362 , 0.926642298367 , 0.751376680155 , -0.000224497 , 0.00011755 , 150 , 124 , -194 , 9.44973307341369 , 134.82965763166786 , -52.89190074902678 , -0.001324 , 0.00109717 , 0.00795124671715 , 1574442024.321137
-0.186600371383 , 1.00845892066 , 0.657123754131 , -0.000123717 , 0.000146806 , 66 , 198 , -128 , 0.6707526642036037 , 176.4729766752819 , -19.29077782755654 , 0.00135734 , 0.000617431 , 0.0114732163636 , 1574442024.4645255
-0.124301323945 , 1.06174534812 , 0.550078309287 , -0.000149686 , 0.000112978 , 40 , 204 , -83 , -0.009281340023871225 , 223.67048491042115 , -3.383590336446026 , -0.000809029 , 0.000967132 , 0.00853340983991 , 1574442024.6078415
-0.0549576893384 , 1.08473558707 , 0.4311225883 , -0.000151599 , 0.00012355 , 0 , 215 , -87 , -1.3257538546162972 , 201.9192663385954 , -0.37082180003698295 , -0.000572009 , 0.000361863 , 0.00829412442989 , 1574442024.751196
0.0105009916035 , 1.08473954516 , 0.291140083504 , -0.000220991 , 9.17836e-05 , 0 , 136 , 0 , -2.9669797523753907 , 158.83858268008453 , -0.003167587134457768 , -0.00165248 , -6.20849e-05 , 0.00787253544261 , 1574442024.8945355
0.0693660329612 , 1.07204710759 , 0.138218019441 , -0.000179278 , 7.7014e-05 , 0 , 130 , 0 , -3.9795002352106907 , 108.12292236422805 , 0.0010179937006251148 , -0.000647229 , -3.59027e-05 , 0.00849913588353 , 1574442025.0380018
0.121195021374 , 1.0510218818 , -0.00896946721907 , -0.000125811 , 8.97822e-05 , 0 , 145 , 0 , -3.32692009392054 , 69.10042822003713 , 0.0046024096765333285 , -0.000750722 , 9.96035e-05 , 0.0080840594752 , 1574442025.1811945
0.164181326843 , 1.02568695109 , -0.140276585688 , -0.000230547 , 8.22759e-05 , 0 , 145 , 0 , -2.014960671259561 , 40.955922151147924 , -1.7814198623056285e-05 , -0.000723047 , 0.00034228 , 0.00871627783074 , 1574442025.3244946
0.195867097009 , 1.00089811735 , -0.246145706963 , -0.000188188 , 0.000112616 , 0 , 0 , 0 , -1.118948675521247 , 20.737040689533124 , -0.04502790833089049 , 0.0015281 , 0.00065321 , 0.0106986590914 , 1574442025.463784
0.217694260055 , 0.979743827219 , -0.326135709703 , -0.000121725 , -9.66679e-05 , 0 , 145 , 0 , -0.5624519806519517 , 8.194017139476733 , -0.26878189982779693 , 0.000793089 , -0.000750694 , 0.00700815454639 , 1574442025.6071289
0.229350851204 , 0.966481851538 , -0.372600490707 , -0.000183032 , -7.2431e-05 , 0 , 151 , 0 , -0.4901451069188535 , 1.8079088300221824 , -0.983266406945599 , 2.48051e-05 , -0.000455764 , 0.0055478083165 , 1574442025.7464557
0.233434009462 , 0.961376397997 , -0.389804222914 , -0.000248845 , -0.000141959 , 0 , 151 , 0 , -0.31097009201312203 , 0.1795842819503151 , -1.3729799420598656 , -0.000361899 , -0.000957285 , 0.00127934159977 , 1574442025.8857152
0.23408272557 , 0.960536023104 , -0.392597991392 , -0.000298066 , -9.85976e-05 , 0 , 0 , 0 , -0.21580825969756084 , 0.0003673880774548986 , -1.857947871801106 , -0.00189148 , 0.000523045 , 0.00205817382405 , 1574442026.0253766
0.23408272557 , 0.960536023104 , -0.392597991392 , -0.000190665 , -6.38398e-05 , 0 , 0 , 0 , -0.16664104774823604 , -0.008362651821462242 , -2.3304405198839433 , 0.00122508 , -6.16683e-06 , 0.0067030050758 , 1574442026.1641111
0.23408272557 , 0.960536023104 , -0.392597991392 , -0.000186181 , -8.52356e-05 , 0 , 0 , 0 , -0.14454545980033723 , -0.02119351851170055 , -2.825644182689939 , 0.000795127 , -0.000135423 , 0.00566731991968 , 1574442026.3033464
0.23408272557 , 0.960536023104 , -0.392597991392 , -0.000250261 , -9.95892e-05 , 0 , 0 , 0 , -0.1363480184215872 , -0.012196231521879536 , -3.3608940656679147 , -0.0017901 , -0.000615294 , 0.00267219133651 , 1574442026.4427524
0.23408272557 , 0.960536023104 , -0.392597991392 , -0.000201192 , -9.35122e-05 , 0 , 0 , 0 , -0.13186956045973247 , -0.004038084028617905 , -3.951340224095792 , 0.000549837 , -4.80112e-05 , 0.00334166510812 , 1574442026.5824404
0.23408272557 , 0.960536023104 , -0.392597991392 , -0.000222909 , -8.48638e-05 , 0 , 0 , 0 , -0.12817785909952817 , -0.0007078160259007747 , -4.60511203885149 , 4.08403e-05 , 0.000116103 , 0.00210859499115 , 1574442026.7212818
0.23408272557 , 0.960536023104 , -0.392597991392 , -0.000162611 , -4.55225e-05 , 0 , 0 , 0 , -0.1252323310082537 , -9.213816618904879e-06 , -5.324838617523722 , -7.70852e-05 , 0.000699548 , 0.00743262498215 , 1574442026.8605602
0.23408272557 , 0.960536023104 , -0.392597991392 , -0.000244382 , -0.000101161 , 0 , 0 , 0 , -0.12300050492664837 , 8.438570776896999e-05 , -6.1130324993026335 , -0.00170516 , -0.000806976 , 0.00474211265398 , 1574442026.9997172
0.23408272557 , 0.960536023104 , -0.392597991392 , -0.000207041 , -7.72944e-05 , 0 , 0 , 0 , -0.12145772393757805 , 0.0014816650887628305 , -6.972086052758966 , -0.00082318 , -0.000275471 , 0.00248443992961 , 1574442027.1389742
0.23408272557 , 0.960536023104 , -0.392597991392 , -0.000157165 , -4.19893e-05 , 0 , 0 , 0 , -0.12058691675281515 , 0.00648619590275781 , -7.90426814482316 , 0.000505211 , 0.000479952 , 0.00289402814969 , 1574442027.2782743
0.23408272557 , 0.960536023104 , -0.392597991392 , -0.000193931 , -9.78852e-05 , 0 , 0 , 0 , -0.12037843799271568 , 0.017699012045194543 , -8.911721068660835 , -0.000425273 , -0.00110721 , 0.00249099605753 , 1574442027.417458
0.23408272557 , 0.960536023104 , -0.392597991392 , -0.000130032 , -8.28829e-05 , 0 , 0 , 0 , -0.12082997743749653 , 0.037941551075795124 , -9.9964577202579 , 0.000573387 , -0.000796476 , 0.00451368354677 , 1574442027.5567174
0.23408272557 , 0.960536023104 , -0.392597991392 , -0.000260547 , -1.97196e-05 , 0 , 0 , 0 , -0.12194653823664968 , 0.07022714089544098 , -11.160359015197091 , -0.00254009 , 0.000552609 , 0.00714686945015 , 1574442027.7000685
0.23408272557 , 0.960536023104 , -0.392597991392 , -0.000140295 , -3.47822e-05 , 0 , 0 , 0 , -0.12374048407310438 , 0.11774508556021732 , -12.405171538430082 , 0.00157149 , -0.00101885 , 0.00317933450035 , 1574442027.843603
0.23408272557 , 0.960536023104 , -0.392597991392 , -0.000183262 , -7.38708e-05 , 0 , 0 , 0 , -0.12623165528939453 , 0.18385017586174285 , -13.732505420898056 , -1.29764e-05 , -0.000216096 , 0.00282044052633 , 1574442027.986803
0.23408272557 , 0.960536023104 , -0.392597991392 , -0.000192079 , -7.7178e-05 , 0 , 0 , 0 , -0.1294475539925234 , 0.272055006087766 , -15.143832437690744 , -0.000435954 , -0.00076147 , 0.00315123159148 , 1574442028.1301742
0.23408272557 , 0.960536023104 , -0.392597991392 , -0.000148721 , -3.48555e-05 , 0 , 0 , 0 , -0.1334235981608078 , 0.3860238943163731 , -16.64048432309752 , -0.000793102 , 0.000149255 , 0.00652612077718 , 1574442028.2693343
0.23408272557 , 0.960536023104 , -0.392597991392 , -0.000116478 , -5.612e-05 , 0 , 0 , 0 , -0.13820344477805502 , 0.5295677736580745 , -18.223651298430855 , 0.00114595 , -0.000774084 , 0.00429759597938 , 1574442028.4087322
0.23408272557 , 0.960536023104 , -0.392597991392 , -0.00013414 , -2.01214e-05 , 0 , 0 , 0 , -0.1438393820166204 , 0.7066396897145166 , -19.894380808919294 , 0.000542687 , 0.000425176 , 0.00527500459417 , 1574442028.5480065
0.23408272557 , 0.960536023104 , -0.392597991392 , -0.000153515 , -6.32302e-05 , 0 , 0 , 0 , -0.15039279047991766 , 0.9213306794473602 , -21.6535764662906 , 8.1665e-05 , -0.000559882 , 0.00268601937607 , 1574442028.6872962
0.23408272557 , 0.960536023104 , -0.392597991392 , -0.000179964 , -8.10878e-05 , 0 , 0 , 0 , -0.1579346734958211 , 1.1778658856967463 , -23.50199719391703 , -0.000402708 , -0.000900317 , 0.00199877260184 , 1574442028.826465
0.23408272557 , 0.960536023104 , -0.392597991392 , -0.000201237 , -7.60858e-05 , 0 , 0 , 0 , -0.1665462564244109 , 1.480600809036995 , -25.44025657158445 , -0.000855025 , -0.000710362 , 0.00153398176263 , 1574442028.969787
0.23408272557 , 0.960536023104 , -0.392597991392 , -0.000172254 , -5.86741e-05 , 0 , 0 , 0 , -0.1763196549060533 , 1.8340176285604914 , -27.468822377082244 , -0.00118331 , -0.000715731 , 0.00194292411042 , 1574442029.1131623
0.23408272557 , 0.960536023104 , -0.392597991392 , -0.000142298 , -2.84257e-05 , 0 , 0 , 0 , -0.1873586119287588 , 2.242721542801167 , -29.588016321912953 , 0.00032715 , 8.286e-05 , 0.00169707413347 , 1574442029.2564576
0.23408272557 , 0.960536023104 , -0.392597991392 , -0.00086636 , 0.000640168 , 0 , 0 , 0 , -0.1997793035371048 , 2.7114370953274456 , -31.798013978474035 , -0.0084581 , 0.00708608 , 0.0131668308047 , 1574442029.3998513
0.23408272557 , 0.960536023104 , -0.392597991392 , -7.18005e-05 , -9.76046e-05 , 0 , 0 , 0 , -0.21371121293885606 , 3.2450044588438915 , -34.09884489610147 , 0.00149286 , -0.00141608 , 0.00256904720667 , 1574442029.5431404
0.23408272557 , 0.960536023104 , -0.392597991392 , -0.00012149 , -2.00874e-05 , 0 , 0 , 0 , -0.22929807269031885 , 3.8483756583178708 , -36.49039290336879 , -1.79806e-05 , 9.06532e-05 , 0.00365644816496 , 1574442029.6825209
0.23408272557 , 0.960536023104 , -0.392597991392 , -0.00011086 , -1.38131e-05 , 0 , 0 , 0 , -0.24669887455783873 , 4.526610718546578 , -38.97239659402093 , 0.000295324 , 0.000452286 , 0.00575751496613 , 1574442029.8218393
0.23408272557 , 0.960536023104 , -0.392597991392 , -0.000127562 , -1.69246e-05 , 0 , 0 , 0 , -0.26608894656151294 , 5.284873725250792 , -41.544449993891824 , -0.000733829 , -0.00011237 , 0.00407182819315 , 1574442029.965077
0.23408272557 , 0.960536023104 , -0.392597991392 , -9.4674e-05 , -4.46734e-06 , 0 , 0 , 0 , -0.287661096608699 , 6.128428791583305 , -44.20600340610784 , 0.00110601 , 0.000419186 , 0.00345681694216 , 1574442030.1136296
0.23408272557 , 0.960536023104 , -0.392597991392 , -0.00016623 , -5.18586e-05 , 0 , 0 , 0 , -0.3116268220202784 , 7.0626359241181325 , -46.95636443182147 , -0.00144053 , -0.000535845 , 0.00342349064159 , 1574442030.2518196
0.234138122181 , 0.960543321903 , -0.392450950946 , -0.000190913 , -3.18218e-05 , 0 , 0 , 0 , -0.3382175841426091 , 8.092946784105823 , -49.79469916365019 , -0.00167399 , 7.37132e-05 , 0.00371079504144 , 1574442030.3951302
0.234138122181 , 0.960543321903 , -0.392450950946 , -0.000139993 , -3.46119e-05 , 0 , 0 , 0 , -0.36749806151897274 , 9.223735007329205 , -52.73334351840915 , -0.000382305 , 4.02801e-05 , 0.0028930046011 , 1574442030.5385904
0.234138122181 , 0.960543321903 , -0.392450950946 , -7.65375e-05 , 2.52796e-06 , 0 , 0 , 0 , -0.39979773086769155 , 10.461499920249063 , -55.761656650353046 , 0.000666236 , 0.000521561 , 0.00363720174596 , 1574442030.6818986
0.234138122181 , 0.960543321903 , -0.392450950946 , -0.000153432 , -2.20833e-05 , 0 , 0 , 0 , -0.4373248334988996 , 11.820321487370066 , -58.7786441250721 , -0.00261221 , -0.000494028 , 0.00504061186264 , 1574442030.8251877
0.234172147949 , 0.960499001434 , -0.392597991392 , -0.000133795 , -5.28477e-05 , 0 , 0 , 0 , -0.47725945979788786 , 13.291642605109947 , -61.955521666652075 , -0.000875361 , -0.000570074 , 0.00562960878138 , 1574442030.9685133
0.234172147949 , 0.960499001434 , -0.392597991392 , -0.000142528 , -4.1267e-05 , 0 , 0 , 0 , -0.5215831855484198 , 14.892967963056101 , -65.20870231012948 , -0.000685079 , -0.000102663 , 0.00293053156922 , 1574442031.107771
0.234172147949 , 0.960499001434 , -0.392597991392 , -8.36358e-05 , -1.08762e-06 , 0 , 0 , 0 , -0.570635397825138 , 16.62723177700636 , -68.54135442316687 , 0.00131471 , 0.000828007 , 0.00495324323435 , 1574442031.2526586
0.234172147949 , 0.960499001434 , -0.392597991392 , -0.000122317 , 4.68537e-07 , 0 , 0 , 0 , -0.6221350187803675 , 18.454596539747396 , -71.98550279461082 , -0.000200175 , 0.000384579 , 0.00505556481528 , 1574442031.3944714
0.234172147949 , 0.960499001434 , -0.392597991392 , -0.000119034 , -5.21916e-05 , 0 , 0 , 0 , -0.6809246593658089 , 20.458308574707154 , -75.47978368509393 , 0.000816233 , -0.000616778 , 0.00237946302799 , 1574442031.5338054
0.234172147949 , 0.960499001434 , -0.392597991392 , -0.00013473 , -3.82258e-05 , 0 , 0 , 0 , -0.7455619989834016 , 22.610512690358636 , -79.04843540626364 , -0.000491456 , -0.00035244 , 0.000868865946476 , 1574442031.6771014
0.234227544559 , 0.960506300233 , -0.392450950946 , -0.000114974 , -3.41381e-05 , 0 , 0 , 0 , -0.8165617464033605 , 24.91731968690166 , -82.68931125124556 , 0.000324061 , 7.27622e-05 , 0.00204226767978 , 1574442031.816295
0.234227544559 , 0.960506300233 , -0.392450950946 , -0.000315461 , 0.000151174 , 0 , 0 , 0 , -0.8940333929542466 , 27.382194729119743 , -86.42045580959683 , -0.00273611 , 0.0022683 , 0.00648265344251 , 1574442031.9596786
0.234227544559 , 0.960506300233 , -0.392450950946 , -0.000130511 , -1.86857e-05 , 0 , 0 , 0 , -0.9787361962695663 , 30.013549382404644 , -90.22463321034957 , 0.000449228 , -2.49391e-05 , 0.00692945175924 , 1574442032.1030643
0.256939714589 , 0.963502147596 , -0.332164367998 , -0.000137073 , -2.94485e-05 , 0 , 0 , -141 , -1.0756114020077197 , 32.836089118449586 , -93.94891350448079 , -4.39313e-05 , 0.00021189 , 0.00294710536862 , 1574442032.2465189
0.302249660802 , 0.972283564555 , -0.210708959425 , -0.000120751 , -3.40302e-05 , 0 , 0 , -141 , -1.1981726010879419 , 31.04589360883721 , -115.99885283241761 , -7.79284e-05 , 2.98227e-05 , 0.00387964737978 , 1574442032.3898673
0.353498320793 , 0.988863367328 , -0.0689619692745 , -0.000232024 , -4.19615e-05 , 0 , 0 , -148 , -0.7737932056825036 , 32.264568259719816 , -160.77601420343316 , -0.00147116 , 0.000117202 , 0.00296715139191 , 1574442032.533715
0.406408680079 , 1.01472524795 , 0.0860186610353 , -0.000116497 , -9.9778e-06 , 0 , 0 , -130 , -1.3183546121460112 , 39.50962311593264 , -158.99866625906319 , -0.000481412 , 0.000533109 , 0.00229944232729 , 1574442032.6764963
0.455481195819 , 1.04887697613 , 0.242910817146 , -0.000130308 , -4.86283e-05 , 0 , 0 , -138 , -4.765734621290802 , 52.37402499061778 , -97.76014532335176 , -0.000315277 , -0.000369958 , 0.000540607608545 , 1574442032.8200803
0.510937790056 , 1.08259453024 , 0.344956886819 , -8.58783e-05 , -2.93517e-06 , 0 , 0 , -193 , -12.268216204413713 , 64.02587868600307 , -40.62390224841495 , 0.000461925 , 0.000671552 , 0.00541396748253 , 1574442032.96318
0.575787495298 , 1.11046830026 , 0.368042236874 , -0.000128954 , -4.31944e-05 , 0 , 91 , -92 , -25.736046940274992 , 73.86958552999477 , -7.096014126098868 , 0.00021863 , -0.000463656 , 0.00271947077234 , 1574442033.1068246
0.637706302042 , 1.12715868671 , 0.332752529783 , -0.000102398 , -1.16074e-05 , 0 , 185 , -88 , -41.22676431658537 , 67.30824168164843 , -0.004627750733173294 , 0.000695007 , -5.90775e-05 , 0.00366648893384 , 1574442033.2500763
0.689667670795 , 1.12835669737 , 0.249380596779 , -0.000116137 , -1.10569e-05 , 0 , 138 , 0 , -48.08641368447317 , 48.213463632944865 , 2.567142106137694 , -0.000658128 , 0.000347731 , 0.0059806806958 , 1574442033.3932605
0.727570038609 , 1.11638762326 , 0.139541383457 , -0.000128591 , -2.06148e-05 , 0 , 141 , 0 , -49.958629953716645 , 28.64234363710608 , 15.686431322658263 , -0.00056422 , -3.09982e-06 , 0.0031408157373 , 1574442033.5365713
0.757780103152 , 1.10412678776 , 0.053522722422 , -0.000128355 , -1.54437e-05 , 0 , 151 , 0 , -51.97173847020874 , 15.161113522568547 , 32.29903331811555 , -0.000891215 , -0.000332308 , 0.00387280716525 , 1574442033.6800027
0.777659190707 , 1.0939727105 , -0.00499937517128 , -0.000121304 , -1.73201e-05 , 0 , 0 , 0 , -64.2592346394592 , 9.239792833769872 , 31.004368302967002 , -0.000379436 , 4.10702e-05 , 0.00246459943121 , 1574442033.823471
0.788199357146 , 1.06316024047 , 0.026761361211 , -1.09347e-05 , -5.28596e-05 , -101 , 0 , 0 , -72.81203561785209 , 7.423069087045668 , 20.680231664203042 , 0.00209895 , -0.000754539 , 0.00240519995144 , 1574442033.9666703
0.793160788905 , 1.02067281679 , 0.121455408573 , -0.000108917 , -4.74354e-06 , -98 , 0 , 0 , -89.77530501719583 , 6.813499481837305 , 9.296505876823417 , -0.000440303 , 0.000620496 , 0.00259247034196 , 1574442034.110062
0.799404867872 , 0.973109947222 , 0.245704585624 , -7.15183e-05 , -4.13644e-05 , -145 , 0 , 0 , -113.81725446871437 , 7.928989496501111 , 4.624601796064317 , 0.00194398 , -0.000478049 , 0.00369494939198 , 1574442034.2533357
0.812370790855 , 0.921405800384 , 0.385981171312 , -4.05023e-05 , 9.09125e-06 , -141 , 0 , 0 , -109.0246329536918 , 6.199359605899272 , 4.217363526237954 , 0.00144692 , 0.00050481 , 0.00580609702525 , 1574442034.3966475
0.832817107905 , 0.871090618305 , 0.528904485033 , -0.000122121 , -3.05319e-05 , -133 , 0 , 0 , -83.87871036985094 , 3.6654276719878243 , 6.376662154212646 , -0.000292582 , -0.000714011 , 0.00164265698015 , 1574442034.5403452
0.858868392472 , 0.826516322523 , 0.664769857334 , -0.000424189 , 0.000200398 , -148 , 0 , 0 , -54.6576325230997 , 1.7679871127070557 , 10.429230646669915 , 0.00086806 , -0.00240804 , 0.00276653935589 , 1574442034.683393
0.88671876834 , 0.790982744947 , 0.783578537876 , -0.000131614 , -2.9119e-05 , -141 , 0 , 0 , -27.679407284797335 , 0.5600430801421366 , 15.671104210448123 , -0.000807154 , -0.000128853 , 0.00265947292482 , 1574442034.8268
0.911367452223 , 0.766244194693 , 0.875478816759 , -5.88946e-05 , -4.67594e-05 , -138 , 0 , 0 , -9.533359479810976 , 0.10357947794151384 , 20.733725655591112 , 0.000728217 , -0.000751107 , 0.00553464304553 , 1574442034.9701924
0.928228693253 , 0.752176603544 , 0.933265712122 , -0.000112226 , -2.64829e-05 , -151 , 0 , 0 , -1.183929885763322 , 0.024701292840698767 , 26.3407531412889 , 0.000273802 , -0.000468598 , 0.0014912375001 , 1574442035.1135175
0.935053441556 , 0.747121426618 , 0.955615859946 , -9.58247e-05 , -5.41796e-06 , 0 , 0 , 0 , -0.03627736452731649 , -1.2516083046523241e-05 , 26.84062805473081 , -0.00015058 , -0.00027645 , 0.00268348853929 , 1574442035.2527306
0.936376760845 , 0.746186292438 , 0.959880032886 , -8.72069e-05 , -1.08832e-05 , 0 , 0 , 0 , 0.1473062719174415 , -8.146245670382725e-05 , 28.112879921346277 , 0.000803941 , -5.52875e-05 , 0.00279761204615 , 1574442035.3920631
0.936376760845 , 0.746186292438 , 0.959880032886 , -8.23998e-05 , 2.62921e-06 , 0 , 0 , 0 , 0.9698182441176415 , -0.001546691031608868 , 29.56144902565578 , 0.000676879 , -6.6576e-05 , 0.00418453464277 , 1574442035.531531
0.936376760845 , 0.746186292438 , 0.959880032886 , -3.22337e-05 , 1.36297e-05 , 0 , 0 , 0 , 1.5158606296373125 , -0.0025892421324957616 , 30.91153251514147 , 0.000980216 , 0.00013707 , 0.00516779588688 , 1574442035.6705163
0.936371888143 , 0.74613062994 , 0.95973299244 , -0.000100507 , 3.53795e-06 , 0 , 0 , 0 , 1.3716067853073555 , -0.00226456955913361 , 33.01853984033811 , 0.00104142 , -0.00112719 , 0.00395086984373 , 1574442035.8098123
0.936371888143 , 0.74613062994 , 0.95973299244 , -0.000133126 , -1.11586e-05 , 0 , 0 , 0 , 1.076196238856 , -0.0016590644141968643 , 35.41327779649915 , -0.0013536 , 0.000464947 , 0.00235683366465 , 1574442035.948993
0.936371888143 , 0.74613062994 , 0.95973299244 , -0.000135928 , -1.90001e-05 , 0 , 0 , 0 , 0.8283131766843136 , -0.0012047675613304503 , 37.945356685788646 , -0.00124627 , 0.000250758 , 0.00371822842131 , 1574442036.088574
0.936371888143 , 0.74613062994 , 0.95973299244 , -6.11113e-05 , 1.3984e-05 , 0 , 0 , 0 , 0.6218879127348362 , -0.0008538747004508649 , 40.56773686728168 , 0.00112794 , 0.000220479 , 0.00583398407168 , 1574442036.2276418
0.936371888143 , 0.74613062994 , 0.95973299244 , -0.000128005 , -4.25464e-05 , 0 , 0 , 0 , 0.45506730567492426 , -0.0006041144313556778 , 43.37459539417771 , -0.0007901 , -0.000529062 , 0.00214229146006 , 1574442036.371792
0.936371888143 , 0.74613062994 , 0.95973299244 , -7.15417e-05 , -6.0572e-06 , 0 , 0 , 0 , 0.3221516713353248 , -0.0004230651382020003 , 46.332521467063806 , 0.00173511 , 9.96749e-06 , 0.00396133049277 , 1574442036.510171
0.936371888143 , 0.74613062994 , 0.95973299244 , -0.000124346 , -3.25515e-05 , 0 , 0 , 0 , 0.21886978291268558 , -0.00029367130628842996 , 49.447225959947204 , -0.000424399 , -0.000279634 , 0.00234105534611 , 1574442036.649398
0.936367007258 , 0.746074968159 , 0.959585951994 , -8.03315e-05 , -3.23762e-05 , 0 , 0 , 0 , 0.14109943938160066 , -0.00020252517766724033 , 52.72452812534514 , 0.000768733 , 3.5191e-05 , 0.00329888144205 , 1574442036.7892146
0.934998067575 , 0.730489870567 , 0.918414627054 , -9.5184e-05 , 2.64263e-05 , 0 , 0 , 148 , 0.13413998587043025 , 9.755858455574814e-05 , 61.78984738830624 , -0.000333638 , 0.00115078 , 0.00431030967662 , 1574442036.9279797
0.930448534583 , 0.695358242903 , 0.825190984154 , -0.000161045 , -6.57728e-05 , 0 , 0 , 151 , 0.12283085902551488 , 5.119415981102455e-07 , 68.94457405694683 , -0.000795785 , -0.000773682 , 0.00327788305938 , 1574442037.0713956
0.921344276421 , 0.655025243328 , 0.716381053956 , -0.000126222 , -3.13281e-05 , 0 , 0 , 0 , 0.12946919188040582 , -9.132742008378937e-05 , 86.05390122098049 , -0.000719165 , -0.000236409 , 0.00249585722166 , 1574442037.210566
0.90573598304 , 0.60957797192 , 0.589926270211 , -0.000170129 , -3.84329e-05 , 0 , 0 , 151 , 0.06231834786112246 , -1.2542724114129517e-05 , 91.59747421619318 , -0.00277993 , -0.000381796 , 0.00339767325966 , 1574442037.3540225
0.883928540307 , 0.565258838842 , 0.459942515758 , -9.57807e-05 , -2.96433e-05 , 0 , 0 , 148 , 0.0032347966161745704 , 0.0038442818487082107 , 74.40116594432153 , 0.00166588 , 0.000243785 , 0.00186447923617 , 1574442037.4931328
0.857365448444 , 0.525349590994 , 0.333781812906 , -0.000133663 , -1.62925e-05 , 0 , 0 , 145 , -0.0009143620551879075 , 0.0478684845094068 , 52.9010492377555 , -0.000757923 , 0.000154035 , 0.00301661185166 , 1574442037.6324043
0.82833206212 , 0.491803807991 , 0.217031698612 , -9.8464e-05 , -1.96427e-06 , 0 , 0 , 138 , -0.06922452271914006 , 0.13989381713127397 , 26.602210865946397 , -0.000128778 , 0.000313472 , 0.0028783599538 , 1574442037.7760687
0.802970420518 , 0.468617020477 , 0.12660182419 , -9.11268e-05 , -5.56863e-06 , 0 , 0 , 138 , -0.17333078994317141 , 0.7871378243025577 , 13.099784563499076 , 0.000311345 , 0.000103649 , 0.00410295316331 , 1574442037.914972
0.784024201613 , 0.454208023585 , 0.0639625941032 , -0.000111416 , -7.1075e-05 , 0 , 0 , 158 , -0.34141014895461624 , 0.9348501667837851 , 2.8717981592820614 , -0.000835537 , -0.000771037 , 0.00283279455143 , 1574442038.0544012
0.773235090611 , 0.447022157203 , 0.0298492105815 , -0.000115047 , -1.59347e-05 , 0 , 0 , 0 , -0.32460790531632483 , 2.1451426369052644 , 0.3408535326684743 , -0.00019399 , 0.00014842 , 0.00316560731699 , 1574442038.1976378
0.770620712903 , 0.445406839466 , 0.0217619860397 , -7.67771e-05 , -4.69055e-05 , 0 , 0 , 0 , -0.3511829092775348 , 1.8846812323019029 , -0.0003454586586797979 , 4.67175e-05 , -0.000331903 , 0.0025406360997 , 1574442038.336855
0.770143011901 , 0.445116999087 , 0.0202915815776 , -9.15015e-05 , -1.35903e-05 , 0 , 0 , 0 , -0.37925703229811153 , 2.4337104290158007 , -0.19841720846996821 , -6.99956e-05 , -0.00023331 , 0.00270776831435 , 1574442038.476205
0.770143011901 , 0.445116999087 , 0.0202915815776 , -6.67737e-05 , -3.5709e-06 , 0 , 0 , 0 , -0.40025685638651887 , 2.816717137160476 , -0.7304056513383453 , 0.00100476 , 0.000144715 , 0.0044199998316 , 1574442038.6153266
0.770143011901 , 0.445116999087 , 0.0202915815776 , -5.72444e-05 , -2.51264e-05 , 0 , 0 , 0 , -0.5204963049183857 , 3.2640331105422637 , -0.9051040683559383 , 0.00155809 , -0.000401693 , 0.00404013570618 , 1574442038.7546825
0.770143011901 , 0.445116999087 , 0.0202915815776 , -7.68047e-05 , 1.63427e-06 , 0 , 0 , 0 , -0.6985522367606912 , 3.7622434466460564 , -0.9038960473981777 , 0.000960726 , 0.000263214 , 0.0059740147808 , 1574442038.8939204
0.770143011901 , 0.445116999087 , 0.0202915815776 , -0.000122941 , -4.45058e-05 , 0 , 0 , 0 , -0.9252221458755112 , 4.305587843864361 , -0.8566716656156241 , -0.00075115 , -0.000452564 , 0.0025841213767 , 1574442039.0331511
0.770143011901 , 0.445116999087 , 0.0202915815776 , -0.000101658 , 2.90558e-06 , 0 , 0 , 0 , -1.1983774502703854 , 4.894746564173664 , -0.808822560519944 , -0.000446533 , 0.000147795 , 0.00471492978423 , 1574442039.172397
0.770143011901 , 0.445116999087 , 0.0202915815776 , -0.000108337 , -2.69498e-05 , 0 , 0 , 0 , -1.5229517344047436 , 5.530716032973116 , -0.7605928674695639 , 0.000187824 , -0.000273339 , 0.00109642257706 , 1574442039.312623
0.770143011901 , 0.445116999087 , 0.0202915815776 , -7.3636e-05 , -1.99967e-06 , 0 , 0 , 0 , -1.9039965127296594 , 6.2143743266298435 , -0.712227828719042 , 0.000875648 , 0.000386564 , 0.00509742451719 , 1574442039.4556983
0.770143011901 , 0.445116999087 , 0.0202915815776 , -0.000152598 , -4.36853e-05 , 0 , 0 , 0 , -2.3466756788794223 , 6.946480812511546 , -0.6639722612079727 , -0.00112953 , -0.000622394 , 0.00358891152973 , 1574442039.5956528
0.770143011901 , 0.445116999087 , 0.0202915815776 , 1.1917e-05 , -8.46641e-06 , 0 , 0 , 0 , -2.856260038318323 , 7.7276760105537985 , -0.616068977636111 , 0.00286354 , -0.000203722 , 0.00640784779976 , 1574442039.7336276
0.770143011901 , 0.445116999087 , 0.0202915815776 , -0.000115503 , -2.92638e-05 , 0 , 0 , 0 , -3.438121881734312 , 8.558481667052618 , -0.5687571647548022 , -0.00024187 , -0.000376207 , 0.000552760422221 , 1574442039.8768983
0.770143011901 , 0.445116999087 , 0.0202915815776 , -0.000106677 , -2.81143e-05 , 0 , 0 , 0 , -4.097729567784297 , 9.439301032292677 , -0.5222707230571507 , 0.000335646 , -0.000409737 , 0.00114536637723 , 1574442040.0160959
0.770143011901 , 0.445116999087 , 0.0202915815776 , -0.000149721 , -4.24171e-05 , 0 , 0 , 0 , -4.840642091948714 , 10.370419334357656 , -0.4768365723232094 , -0.00161427 , -0.000684836 , 0.00211597812198 , 1574442040.155359
0.770143011901 , 0.445116999087 , 0.0202915815776 , -0.000132316 , -4.80133e-05 , 0 , 0 , 0 , -5.67250362425694 , 11.35200444206079 , -0.4326729277774049 , -0.000513753 , -0.000374785 , 0.00435423850331 , 1574442040.2947085
0.770143011901 , 0.445116999087 , 0.0202915815776 , -9.30838e-05 , -4.98017e-05 , 0 , 0 , 0 , -6.599038003152903 , 12.384107710406903 , -0.3899875519495537 , 0.00041787 , -0.000701257 , 0.00512822830835 , 1574442040.4339426
0.77019195829 , 0.445090048986 , 0.0201445411313 , -8.61009e-05 , -6.79387e-06 , 0 , 0 , 0 , -7.626043176213757 , 13.466665002378637 , -0.3489759877078046 , 0.000264367 , -0.000512809 , 0.00228824737377 , 1574442040.5773127
0.77019195829 , 0.445090048986 , 0.0201445411313 , -0.000143721 , -2.88492e-05 , 0 , 0 , 0 , -8.760105969387352 , 14.602989548444343 , -0.30964656888561204 , -0.00223729 , -0.000545425 , 0.00308168257112 , 1574442040.7190664
0.77019195829 , 0.445090048986 , 0.0201445411313 , -1.74614e-05 , -1.52236e-05 , 0 , 0 , 0 , -10.007142287043683 , 15.789740465199259 , -0.27232738750354596 , 0.00335512 , 7.30428e-05 , 0.00406530026782 , 1574442040.8639581
0.77019195829 , 0.445090048986 , 0.0201445411313 , -0.000114805 , -2.34572e-05 , 0 , 0 , 0 , -11.36414456777201 , 17.00199160886515 , -0.23816380397910072 , -0.000508456 , -0.000450339 , 0.00174712180885 , 1574442041.0073376
0.77019195829 , 0.445090048986 , 0.0201445411313 , -7.38404e-05 , 1.66705e-06 , 0 , 0 , 0 , -12.851841337515856 , 18.283033154067454 , -0.20546656169850008 , 0.000825033 , -0.000143838 , 0.00435206888206 , 1574442041.150683
0.77019195829 , 0.445090048986 , 0.0201445411313 , -0.000103795 , -3.07538e-05 , 0 , 0 , 0 , -14.469887301047574 , 19.61253712847639 , -0.17517361849393415 , 0.000124601 , -0.00047307 , 0.000602282548801 , 1574442041.2940488
0.77019195829 , 0.445090048986 , 0.0201445411313 , -0.00010559 , 7.18082e-06 , 0 , 0 , 0 , -16.22440470346693 , 20.98977833339012 , -0.1473701796260475 , -0.000114481 , 0.000548805 , 0.0030734822781 , 1574442041.4374027
0.77019195829 , 0.445090048986 , 0.0201445411313 , -5.59452e-05 , 1.37163e-06 , 0 , 0 , 0 , -18.121549217419567 , 22.413927663179773 , -0.12211693148929322 , 0.00193378 , 0.000459943 , 0.00541165103051 , 1574442041.5807073
0.77019195829 , 0.445090048986 , 0.0201445411313 , -0.000118857 , -2.98188e-05 , 0 , 0 , 0 , -20.1675038558311 , 23.884054338331946 , -0.09944839314510476 , -0.000155824 , 3.97026e-07 , 0.00171236472289 , 1574442041.7202816
0.77019195829 , 0.445090048986 , 0.0201445411313 , -9.60589e-05 , -3.10909e-05 , 0 , 0 , 0 , -22.368472822084144 , 25.399128267146 , -0.0793713324492853 , 0.000492835 , -0.000330805 , 0.00291377786862 , 1574442041.863335
0.77019195829 , 0.445090048986 , 0.0201445411313 , -0.000117944 , -3.28279e-05 , 0 , 0 , 0 , -24.730675300648315 , 26.95802253112418 , -0.061863264681335614 , -7.06895e-05 , -0.000148239 , 0.0013685002516 , 1574442042.0028567
0.77019195829 , 0.445090048986 , 0.0201445411313 , -7.57369e-05 , -2.02352e-06 , 0 , 0 , 0 , -27.26033919157587 , 28.55951598909243 , -0.046871055751705366 , 0.000869685 , 0.000153737 , 0.00494018414883 , 1574442042.1461844
0.77019195829 , 0.445090048986 , 0.0201445411313 , -0.00012957 , -4.33106e-05 , 0 , 0 , 0 , -29.96369479263476 , 30.20229599509398 , -0.03430965798125074 , -0.000945699 , -0.000592253 , 0.0019334326309 , 1574442042.2893302
0.770193083797 , 0.445034184953 , 0.0202915815776 , -9.37722e-05 , -6.41868e-05 , 0 , 0 , 0 , -32.846968433159454 , 31.884961225086897 , -0.024061015140395436 , 0.000366775 , -0.000952973 , 0.00204387438698 , 1574442042.4326627
0.770193083797 , 0.445034184953 , 0.0202915815776 , -0.000113911 , -3.60157e-05 , 0 , 0 , 0 , -35.921208584358936 , 33.6074744919644 , -0.016002810057514416 , -0.000480554 , -0.000226025 , 0.00162903119956 , 1574442042.5760148
0.770193083797 , 0.445034184953 , 0.0202915815776 , -0.000133284 , -4.39148e-05 , 0 , 0 , 0 , -39.18880718102895 , 35.3696470553936 , -0.009910802342883416 , -0.00095582 , -0.000186038 , 0.00166798320958 , 1574442042.7193716
0.770193083797 , 0.445034184953 , 0.0202915815776 , -7.15054e-05 , -4.72173e-05 , 0 , 0 , 0 , -42.62103662584805 , 37.14690310521882 , -0.005452047925378451 , 0.0012591 , -0.000440747 , 0.00148329051775 , 1574442042.8586526
0.770193083797 , 0.445034184953 , 0.0202915815776 , -0.000155283 , -3.4799e-05 , 0 , 0 , 0 , -46.284975576825794 , 38.97268862203459 , -0.0026080889316686877 , -0.00084237 , -0.000163073 , 0.00179179811372 , 1574442043.0020654
0.770193083797 , 0.445034184953 , 0.0202915815776 , -7.53841e-05 , -2.14687e-05 , 0 , 0 , 0 , -50.15964671094255 , 40.830099020054185 , -0.0009697776785434415 , 0.000674137 , -0.000484139 , 0.00335273379356 , 1574442043.14539
0.770243163908 , 0.444951370985 , 0.0202915815776 , -0.000102927 , -3.35591e-05 , 0 , 0 , 0 , -54.2511158953231 , 42.7172657423195 , -0.000218184828939713 , 0.00104622 , -8.62995e-05 , 0.00431943715049 , 1574442043.288922
0.770526594361 , 0.430985404319 , 0.0570516931311 , -0.000102244 , -6.63684e-05 , -138 , 0 , 0 , -58.57516627675004 , 44.64007707973216 , -1.0316791061365389e-05 , 8.96705e-06 , -0.000955349 , 0.00206921454235 , 1574442043.4323251
0.772412739159 , 0.397961004015 , 0.14409963729 , -9.2445e-05 , -2.20401e-05 , -148 , 0 , 0 , -64.93191274890428 , 47.238810897662916 , -1.1649512947607558e-05 , 4.55375e-05 , -0.000240009 , 0.00365277800366 , 1574442043.5761745
0.778061483434 , 0.359032440564 , 0.247616111425 , -0.000123445 , -4.10257e-05 , 0 , 0 , 0 , -83.73690137860122 , 47.45809988640212 , -0.008013096739055993 , -0.000235537 , -0.00051284 , 0.000608034168114 , 1574442043.7187836
0.789222654747 , 0.314882961348 , 0.367454075089 , -8.8146e-05 , 8.55505e-06 , -145 , 0 , 0 , -88.4432902716982 , 49.49910565489966 , -0.006204163162087179 , 0.000957501 , 0.000420644 , 0.00228379184851 , 1574442043.862229
0.806876588196 , 0.269290496706 , 0.495673344188 , -0.00010915 , -4.4911e-05 , -141 , 98 , 0 , -82.56733233567212 , 43.558822657753595 , 0.0025316015563122307 , -0.000228173 , -0.000438979 , 0.00373371291136 , 1574442044.0054142
0.830156875488 , 0.226234489257 , 0.624480775072 , -0.000101756 , -2.92578e-05 , -133 , 0 , 0 , -64.9500450192567 , 40.49426690574069 , 0.23865452303282134 , 0.000727756 , 0.000174624 , 0.00161686174589 , 1574442044.1493669
0.856935704175 , 0.189160313397 , 0.744612819629 , -0.000121449 , -4.46418e-05 , -138 , 0 , 0 , -56.048856171206154 , 27.70663884599128 , 1.2617941316927213 , -0.0002951 , -0.000472796 , 0.000629566716109 , 1574442044.292459
0.885373085077 , 0.158303246226 , 0.855040194736 , -1.67262e-05 , -7.32603e-06 , -145 , 0 , 0 , -35.80499878968695 , 19.15219705074425 , 3.7217676680866734 , 0.00247242 , -0.000159684 , 0.00654698789096 , 1574442044.4355364
0.912104682303 , 0.135057790271 , 0.948263837635 , -4.6895e-05 , 3.04858e-06 , 0 , 0 , 0 , -19.89405956525297 , 12.06159918397589 , 8.122008027268999 , 0.00217089 , 0.000432232 , 0.00436263693952 , 1574442044.5788178
0.932849463881 , 0.12016844832 , 1.01546132156 , -0.000110274 , -2.0925e-05 , -141 , 0 , 0 , -7.398254156642634 , 8.824489402598893 , 15.125936694284782 , 7.81835e-05 , 1.36515e-05 , 0.00226923834042 , 1574442044.722313
0.944481729435 , 0.112950978895 , 1.05148623088 , -0.000138999 , -8.4993e-06 , 0 , 0 , 0 , -2.952856683339053 , 4.224742528132581 , 20.720695040295496 , -0.00135326 , -0.000129024 , 0.00249616259107 , 1574442044.8615365
0.947586536099 , 0.111120390345 , 1.06074977899 , -8.82654e-05 , -4.69984e-05 , 0 , 0 , 0 , -0.24325490831211086 , 3.0717121585915166 , 27.487046469035352 , -8.26709e-05 , -0.000498437 , 0.00335495252974 , 1574442045.0007148
0.947781590708 , 0.111011272929 , 1.06133794077 , -6.30068e-05 , 4.83445e-06 , 0 , 0 , 0 , -0.0028256213019208242 , 1.8577895409022704 , 33.622503906491886 , 0.00129192 , 0.000626467 , 0.00333837531355 , 1574442045.140202
0.947781590708 , 0.111011272929 , 1.06133794077 , -7.17438e-05 , -7.46613e-05 , 0 , 0 , 0 , 0.002618129986887382 , 1.2496913484245353 , 37.72431722037906 , 0.00137969 , -0.00139979 , 0.00296855034054 , 1574442045.2834322
0.947781590708 , 0.111011272929 , 1.06133794077 , -5.69989e-05 , -6.88589e-07 , 0 , 0 , 0 , 0.0073283764578529345 , 0.9891564582945762 , 41.24362584096933 , 0.00168216 , 0.000143204 , 0.00221594855103 , 1574442045.4226058
0.947781590708 , 0.111011272929 , 1.06133794077 , -5.45199e-05 , 1.16831e-06 , 0 , 0 , 0 , 0.004541081431967973 , 0.8329048035069442 , 44.77215145833736 , 0.00144773 , 0.000184311 , 0.00394799752028 , 1574442045.5618694
0.947782380781 , 0.110955403145 , 1.06119090033 , -5.152e-05 , -1.92763e-05 , 0 , 0 , 0 , 0.0023039046474760587 , 0.6969683272263099 , 48.47831985689439 , 0.00152892 , 0.000375333 , 0.00393907040447 , 1574442045.7011847
0.947783162639 , 0.110899533246 , 1.06104385988 , -6.11596e-05 , -8.39961e-06 , 0 , 0 , 0 , 0.0009924097785507997 , 0.5753356844478702 , 52.392936290852624 , 0.000592144 , -0.00015573 , 0.00162821749583 , 1574442045.8405092
0.948053164009 , 0.0914008985604 , 1.00972674415 , -8.68647e-05 , 5.39478e-06 , 0 , 0 , 145 , 0.0025548962430335907 , 0.7057063504002483 , 62.15666254314135 , 5.95645e-05 , 0.000284374 , 0.00329451667532 , 1574442045.9796531
0.946680021346 , 0.0547723855205 , 0.913268211436 , -7.41795e-05 , -4.42297e-06 , 0 , 0 , 141 , 0.004614703430233421 , 0.46765279364319284 , 71.17415310063605 , -2.90487e-05 , -6.57131e-05 , 0.0029535040131 , 1574442046.1230848
0.941032044462 , 0.0128535120248 , 0.801958593652 , -0.000110613 , -2.82772e-05 , 0 , 0 , 136 , 0.010811214630049627 , 0.2676694553236451 , 92.45355060792616 , 0.000166734 , 0.000199316 , 0.00307814839802 , 1574442046.2623425
0.929053375054 , -0.0350082150641 , 0.672121879645 , -5.96405e-05 , -3.55424e-05 , 0 , 0 , 277 , 0.0029905494626972775 , 0.26503871699633275 , 92.51702115938019 , 0.00222995 , 0.000370552 , 0.00298049171905 , 1574442046.4055321
0.910221391617 , -0.0828398508294 , 0.536844669128 , -7.10676e-05 , -1.90721e-05 , 0 , 0 , 138 , -1.1997972598845685e-05 , 0.5008611830285453 , 71.84827224209646 , 0.00124989 , -0.000295103 , 0.00437185327448 , 1574442046.5489786
0.886993950275 , -0.1243306054 , 0.4117132494 , -7.81744e-05 , -2.0847e-05 , 0 , 0 , 151 , -0.007398052512467289 , 0.9079380033478688 , 49.601264537806706 , 0.000466331 , -0.000162621 , 0.000863456185398 , 1574442046.6881678
0.861124630472 , -0.159405350236 , 0.297021701353 , -3.04083e-05 , -4.04562e-05 , 0 , 0 , 138 , -0.04262194016017035 , 1.6462745216980055 , 26.50002429736687 , 0.00239491 , -1.90078e-05 , 0.00376876499811 , 1574442046.831594
0.838192038636 , -0.184013116267 , 0.208503352732 , -9.70718e-05 , -5.83555e-05 , 0 , 0 , 148 , -0.08944943572529536 , 2.5238266435444427 , 10.070510017619126 , -0.00115763 , -0.000851688 , 0.00162281213888 , 1574442046.971436
0.821111505599 , -0.199363568011 , 0.148069729338 , -8.26178e-05 , -1.76875e-05 , 0 , 0 , 0 , -0.16838252485587124 , 2.5699541886332335 , 1.935416137197225 , 0.000550996 , 9.29435e-05 , 0.00304439955798 , 1574442047.1141665
0.812495046546 , -0.206213424983 , 0.119102761434 , -9.32373e-05 , -6.40428e-05 , 0 , 0 , 0 , -0.177453687232587 , 3.2236459820396655 , 0.09753132949857496 , 0.000966057 , -0.000746675 , 0.00168459932698 , 1574442047.2533777
0.810616508885 , -0.20761998272 , 0.112927062693 , -0.000150123 , -4.34014e-05 , 0 , 0 , 0 , -0.13843214970516407 , 3.359243129320213 , -0.002529838322635861 , -0.00110901 , -0.000298804 , 0.00183123813946 , 1574442047.3926609
0.810481709723 , -0.207719620556 , 0.112485941354 , -4.56347e-05 , -2.98685e-05 , 0 , 0 , 0 , -0.11731176082840009 , 3.37781500112245 , -0.20594606889083797 , 0.00157451 , -9.0703e-05 , 0.00298456081245 , 1574442047.53198
0.810481709723 , -0.207719620556 , 0.112485941354 , -0.000121444 , -3.78845e-05 , 0 , 0 , 0 , -0.13541122058540617 , 3.433696143163267 , -0.5144516794265585 , -0.000678613 , -1.24981e-05 , 0.00164152993755 , 1574442047.6712663
0.810481709723 , -0.207719620556 , 0.112485941354 , -0.000115908 , -4.58934e-05 , 0 , 0 , 0 , -0.19990893656942196 , 3.5307844055785904 , -0.4988458651954011 , 9.85706e-06 , -0.000271096 , 0.00120508025681 , 1574442047.8104374
0.810481709723 , -0.207719620556 , 0.112485941354 , -4.22237e-05 , -8.13339e-05 , 0 , 0 , 0 , -0.2984232397698808 , 3.629751902452899 , -0.38305176086710946 , 0.00295889 , -0.00127048 , 0.0040053508292 , 1574442047.9497666
0.810481709723 , -0.207719620556 , 0.112485941354 , -0.000124012 , -5.08035e-05 , 0 , 0 , 0 , -0.4266451702921118 , 3.723894332526323 , -0.2804248584513291 , -0.000552491 , -0.000463707 , 0.000948213850316 , 1574442048.0889032
0.810481709723 , -0.207719620556 , 0.112485941354 , -0.000125851 , -3.80796e-05 , 0 , 0 , 0 , -0.5872203297938744 , 3.812919245170495 , -0.19776247493476656 , 0.00049719 , -3.71613e-05 , 0.000628843455256 , 1574442048.2282186
0.810481709723 , -0.207719620556 , 0.112485941354 , -9.93042e-05 , -5.48839e-05 , 0 , 0 , 0 , -0.7836887741600399 , 3.8965065942197605 , -0.1330508224893272 , 0.000583747 , -0.000344785 , 0.00147754309874 , 1574442048.367931
0.810481709723 , -0.207719620556 , 0.112485941354 , -0.000141782 , -6.90248e-05 , 0 , 0 , 0 , -1.01952346709883 , 3.9743558903823333 , -0.08419956098725336 , -0.000475287 , -0.000902802 , 0.00113539356486 , 1574442048.5067112
0.810481709723 , -0.207719620556 , 0.112485941354 , -7.02926e-05 , -2.41679e-05 , 0 , 0 , 0 , -1.2981218964455619 , 4.046187298041364 , -0.04904943237070857 , 0.0017505 , -6.20377e-05 , 0.00265517598999 , 1574442048.645862
0.810481709723 , -0.207719620556 , 0.112485941354 , -4.67082e-05 , -2.72903e-05 , 0 , 0 , 0 , -1.6227985730435148 , 4.111742648886814 , -0.025381943685784725 , 0.00246723 , -0.000193573 , 0.0030459839062 , 1574442048.7852774
0.810481709723 , -0.207719620556 , 0.112485941354 , -8.28762e-05 , -5.08441e-05 , 0 , 0 , 0 , -1.996778252344252 , 4.170786370633656 , -0.010932136161961521 , 0.00108607 , -0.000288533 , 0.00150319988165 , 1574442048.9244611
0.810481709723 , -0.207719620556 , 0.112485941354 , -0.000127804 , -5.28391e-05 , 0 , 0 , 0 , -2.4231897638437876 , 4.223106329236535 , -0.00340646994188662 , -0.000399288 , -0.000500135 , 0.00137826019825 , 1574442049.0638502
0.810481709723 , -0.207719620556 , 0.112485941354 , -0.000161975 , -4.55657e-05 , 0 , 0 , 0 , -2.9050603637429844 , 4.268514583164457 , -0.0005105274459533788 , 0.000457452 , -0.000590189 , 0.00209921782443 , 1574442049.2030094
0.810481709723 , -0.207719620556 , 0.112485941354 , -0.000105566 , -5.08878e-05 , 0 , 0 , 0 , -3.4453105472108225 , 4.30684804845495 , -1.6345589050461744e-06 , 0.00022295 , -0.000147425 , 0.00146497924396 , 1574442049.3430045
0.810481709723 , -0.207719620556 , 0.112485941354 , -0.000123405 , -5.44625e-05 , 0 , 0 , 0 , -4.04674927155309 , 4.337969073421777 , 0.00015793689585482843 , -0.000546803 , -0.000616129 , 0.000886507474677 , 1574442049.4815664
0.810481709723 , -0.207719620556 , 0.112485941354 , 2.95765e-05 , -4.13392e-06 , 0 , 0 , 0 , -4.712069552426734 , 4.361765922046193 , 0.0019609391644547346 , 0.00404278 , 0.000653338 , 0.0071103041898 , 1574442049.6249287
0.810481709723 , -0.207719620556 , 0.112485941354 , -9.26714e-05 , -4.92534e-05 , 0 , 0 , 0 , -5.4438444032578355 , 4.378153165237821 , 0.007817826896571596 , 0.000359126 , -0.000287444 , 0.00202848439644 , 1574442049.7682831
0.810481709723 , -0.207719620556 , 0.112485941354 , -6.41676e-05 , -1.95204e-05 , 0 , 0 , 0 , -6.244523094043372 , 4.387071979307704 , 0.02042104630716618 , 0.00124247 , -9.06171e-05 , 0.00391659586067 , 1574442049.907426
0.810481709723 , -0.207719620556 , 0.112485941354 , -7.03918e-05 , -5.933e-05 , 0 , 0 , 0 , -7.116427710302349 , 4.388490351152662 , 0.04267954806205302 , 0.00197108 , -0.000560456 , 0.00223044873192 , 1574442050.046719
0.810481709723 , -0.207719620556 , 0.112485941354 , -0.000137503 , -4.60712e-06 , 0 , 0 , 0 , -8.061749996474807 , 4.382403189807189 , 0.0776920383734101 , -0.00078934 , 0.000760319 , 0.00223635931312 , 1574442050.186364
0.810481709723 , -0.207719620556 , 0.112485941354 , -0.000130017 , -5.60189e-05 , 0 , 0 , 0 , -9.08254847081068 , 4.368832344175829 , 0.12873151735851718 , -0.00127224 , -0.000580907 , 0.00169714551827 , 1574442050.3253708
0.810481709723 , -0.207719620556 , 0.112485941354 , -3.78721e-05 , -1.4921e-05 , 0 , 0 , 0 , -10.18074580094477 , 4.3478265269165695 , 0.19923485595024976 , 0.00177761 , 0.000196629 , 0.00481132080001 , 1574442050.4644802
0.810481709723 , -0.207719620556 , 0.112485941354 , -7.90101e-05 , -8.02543e-07 , 0 , 0 , 0 , -11.358126431048733 , 4.319461144602615 , 0.29279503016273406 , 0.000582517 , 0.00101773 , 0.00306927280526 , 1574442050.6037323
0.810481709723 , -0.207719620556 , 0.112485941354 , -0.000127498 , -4.71361e-05 , 0 , 0 , 0 , -12.616334452796917 , 4.283838034447044 , 0.4131548930037095 , -0.00126711 , -0.000373533 , 0.00175111362412 , 1574442050.7476044
0.810481709723 , -0.207719620556 , 0.112485941354 , -9.86219e-05 , -3.92962e-05 , 0 , 0 , 0 , -13.956871713450495 , 4.241085108032034 , 0.5642018859337096 , 0.000319282 , -1.36171e-05 , 0.000499684483074 , 1574442050.8905144
0.810481709723 , -0.207719620556 , 0.112485941354 , -0.000158826 , -1.36683e-05 , 0 , 0 , 0 , -15.381096155215442 , 4.191355902640846 , 0.7499633412349412 , -0.00231558 , 0.000311424 , 0.00291466491978 , 1574442051.029676
0.810481709723 , -0.207719620556 , 0.112485941354 , -6.52621e-05 , -0.000106357 , 0 , 0 , 0 , -16.89022038070504 , 4.134829040947545 , 0.9746021586532136 , 0.00116064 , -0.00143883 , 0.00241527836975 , 1574442051.169154
0.810481709723 , -0.207719620556 , 0.112485941354 , -8.26853e-05 , -1.5626e-05 , 0 , 0 , 0 , -18.485310439876322 , 4.071707599975372 , 1.24241271498303 , 0.00014436 , -1.10081e-05 , 0.00223829725907 , 1574442051.308203
0.810481709723 , -0.207719620556 , 0.112485941354 , -7.60059e-05 , -1.09143e-05 , 0 , 0 , 0 , -20.16728483423035 , 4.0022183903908015 , 1.5578169108250017 , 0.000820463 , 0.000186707 , 0.00242139296239 , 1574442051.447486
0.810481709723 , -0.207719620556 , 0.112485941354 , -7.98105e-05 , -1.49282e-05 , 0 , 0 , 0 , -21.93691373439874 , 3.9266111473558007 , 1.9253602876431035 , 0.000337425 , 0.000132209 , 0.00340083434045 , 1574442051.587209
0.810481709723 , -0.207719620556 , 0.112485941354 , -5.54851e-05 , -3.1955e-05 , 0 , 0 , 0 , -23.794818407495523 , 3.8451576343154206 , 2.3497081673120404 , 0.00173334 , -0.000106586 , 0.00210552545306 , 1574442051.7301323
0.810481709723 , -0.207719620556 , 0.112485941354 , -9.27138e-05 , 1.68517e-06 , 0 , 0 , 0 , -25.741470850802383 , 3.7581506612528943 , 2.8356417793441113 , 0.000599054 , 0.00027653 , 0.00241137283685 , 1574442051.8693697
0.810481709723 , -0.207719620556 , 0.112485941354 , -6.07881e-05 , -2.52635e-05 , 0 , 0 , 0 , -27.777193628502406 , 3.665903019098564 , 3.3880543501070184 , 0.000933284 , 0.00014705 , 0.00277179298779 , 1574442052.0091023
0.810487981671 , -0.2077751428 , 0.1126329818 , -0.000107167 , -4.10771e-05 , 0 , 0 , 0 , -29.90215990827008 , 3.5687463321318664 , 4.011947134908789 , 0.000167734 , -0.000288655 , 0.000730514174405 , 1574442052.1519415
0.810487981671 , -0.2077751428 , 0.1126329818 , -4.49542e-05 , -3.62743e-05 , 0 , 0 , 0 , -32.12361058395052 , 3.4676249379130737 , 4.711400572934289 , 0.00284319 , 0.000275821 , 0.00323172490739 , 1574442052.2953186
0.810487981671 , -0.2077751428 , 0.1126329818 , -0.00015972 , -3.6965e-05 , 0 , 0 , 0 , -34.4367674252016 , 3.362976850006047 , 5.492031035417423 , -0.00156067 , -0.000104838 , 0.00203050630121 , 1574442052.4346185
0.810487981671 , -0.2077751428 , 0.1126329818 , -0.000592235 , 0.000447462 , 0 , 0 , 0 , -36.78466026328941 , 3.2483536674370517 , 6.368063469938192 , -0.00780647 , 0.0070541 , 0.0109442541054 , 1574442052.5738592
0.810487981671 , -0.2077751428 , 0.1126329818 , 6.5018e-08 , -0.000159079 , 0 , 0 , 0 , -39.26378825594956 , 3.13519520897182 , 7.330358797644918 , 0.00263564 , -0.00296367 , 0.00398070913702 , 1574442052.7171698
0.810487981671 , -0.2077751428 , 0.1126329818 , -9.52258e-05 , -3.72568e-05 , 0 , 0 , 0 , -41.830748995799404 , 3.019030024002031 , 8.390646328500079 , 0.000465743 , 0.000101722 , 0.00436887730332 , 1574442052.8566856
0.810487981671 , -0.2077751428 , 0.1126329818 , -0.000157405 , -5.84918e-05 , 0 , 0 , 0 , -44.48483062092748 , 2.9002743822173604 , 9.554488107123005 , -0.00076991 , -0.000407069 , 0.000872110288349 , 1574442052.9997723
0.810487981671 , -0.2077751428 , 0.1126329818 , -0.000105696 , -4.44009e-05 , 0 , 0 , 0 , -47.22517750413569 , 2.7793532158861143 , 10.82752395313976 , 0.00033957 , 0.000140499 , 0.00114174740376 , 1574442053.1431007
0.810487981671 , -0.2077751428 , 0.1126329818 , -4.0935e-05 , -1.91865e-05 , 0 , 0 , 0 , -50.0507917771534 , 2.6566983999725866 , 12.215466742013136 , 0.00239675 , 0.000207444 , 0.00374273296419 , 1574442053.286623
0.810494261782 , -0.207830664122 , 0.112780022246 , -6.11988e-05 , -1.16593e-05 , 0 , 0 , 0 , -52.960535026071774 , 2.532746973742695 , 13.724097581568683 , 0.000752196 , 0.000344535 , 0.00390885134953 , 1574442053.4257607
0.810494261782 , -0.207830664122 , 0.112780022246 , -4.15051e-05 , -2.60797e-05 , 0 , 0 , 0 , -55.964658311423975 , 2.4085696564614434 , 15.356803232834336 , 0.00191365 , 0.000105716 , 0.0028236735115 , 1574442053.5651157
0.812229825729 , -0.223154293783 , 0.153363185401 , -0.000131919 , -5.04847e-05 , 0 , 0 , 0 , -59.05416278647875 , 2.284518048343721 , 17.12068823734663 , -0.00116455 , -0.000236429 , 0.00151887708211 , 1574442053.7084234
0.817300015136 , -0.25595470927 , 0.240705210453 , -8.92239e-05 , -3.15989e-05 , 0 , 0 , 0 , -65.73818262376564 , 2.324327992340036 , 18.300597850408444 , 0.000311231 , -3.99365e-05 , 0.0018617532258 , 1574442053.8475535
0.826903730298 , -0.295079405413 , 0.346721372173 , -6.64642e-05 , -1.75252e-05 , -145 , 0 , 0 , -83.33109039677187 , 2.936386069408675 , 17.902458430302776 , 0.00190212 , -8.32989e-06 , 0.00357664159394 , 1574442053.9916296
0.842606269651 , -0.338538530204 , 0.468323821192 , -8.48557e-05 , -2.50431e-05 , -141 , 0 , 0 , -94.52818479081029 , 1.898177674127246 , 19.21095703268116 , -0.00119363 , -0.000409579 , 0.00315386459542 , 1574442054.1343727
0.865204869257 , -0.383212242239 , 0.600072061 , -0.00010346 , -5.0275e-05 , -266 , 0 , 0 , -76.17090560971165 , 0.5184310566299382 , 24.29253637375378 , 0.000698586 , -0.000129074 , 0.00128412747625 , 1574442054.277666
0.892757970898 , -0.423565962568 , 0.728438370545 , -9.05099e-05 , -5.88182e-05 , -145 , 0 , 0 , -43.998274768848596 , 0.11321119386222275 , 34.973131407138816 , 0.000770486 , -0.000594729 , 0.0016919177953 , 1574442054.4211397
0.920618164748 , -0.454795542373 , 0.83857166476 , -5.61019e-05 , -4.23048e-05 , 0 , 0 , 0 , -21.371389063393565 , 7.5828829955720015e-06 , 47.018337190449884 , 0.00139298 , 0.000169416 , 0.00196454703977 , 1574442054.5643978
0.94312880464 , -0.475096140855 , 0.918120546162 , -8.4698e-05 , -5.52186e-05 , -148 , 0 , 0 , -5.295435534234661 , -0.09382016330528092 , 55.46401581498305 , 0.00170534 , -0.000517856 , 0.00219030785981 , 1574442054.7078066
0.95402722908 , -0.505415259456 , 0.909739240727 , -0.000118615 , -5.31218e-05 , -136 , 0 , 102 , -0.07112024921198398 , -0.30053729281066954 , 67.46456694064773 , -0.000749831 , -0.000274613 , 0.00171379621321 , 1574442054.8511674
0.952690480134 , -0.545448846708 , 0.823867620138 , -0.00010918 , -2.13279e-05 , 0 , 0 , 0 , 0.30483729407986815 , -1.155974490576561 , 68.79414751076182 , -0.000769134 , -2.42905e-05 , 0.00162739006386 , 1574442054.9904292
0.943736353185 , -0.587277089014 , 0.713734325924 , -0.00014008 , -4.72742e-05 , 0 , 0 , 148 , 4.53779386213786 , -2.911447920120693 , 64.4251509298688 , -0.00106302 , -0.000177776 , 0.00126770341847 , 1574442055.1296659
0.929123454522 , -0.629314413997 , 0.596837171183 , -8.77156e-05 , -1.01964e-05 , 0 , 0 , 0 , 10.801739062235075 , -2.6113226432043604 , 64.30400778376475 , 0.00143104 , -0.00079002 , 0.00163552850064 , 1574442055.2731795
0.910395522131 , -0.668048534593 , 0.483616027599 , -8.95891e-05 , -1.15691e-05 , 0 , 0 , 145 , 9.200567057503351 , -3.764532486879925 , 48.415144864816476 , 0.00027141 , 0.000403759 , 0.0025732479678 , 1574442055.4122074
0.888276978756 , -0.703048994257 , 0.374659056954 , -0.000251354 , 0.000152944 , 0 , 0 , 0 , 5.719311007312789 , -3.4404270437398217 , 38.28448569855092 , -0.0013976 , 0.00216417 , 0.00462017136116 , 1574442055.5586727
0.866034100396 , -0.730978472723 , 0.280700211823 , -0.000133581 , -3.35442e-05 , 0 , 0 , 151 , 3.289574910894797 , -3.3110375928392526 , 28.281128625378198 , -0.000616046 , 0.00012329 , 0.00115510401317 , 1574442055.6991954
0.845299602226 , -0.752511965905 , 0.202033573098 , -8.24139e-05 , -4.84869e-05 , 0 , 0 , 148 , 2.072616163173931 , -2.5221932635092155 , 22.48417770193716 , 0.00183246 , -0.000353067 , 0.00204610295415 , 1574442055.842283
0.827743920132 , -0.76808530426 , 0.140276585688 , -0.000106895 , -4.23219e-05 , 0 , 0 , 136 , 1.1273680714364227 , -2.602776400114926 , 14.805283518841298 , -0.000530201 , -0.000344699 , 0.000686619713981 , 1574442055.9856396
0.814673539938 , -0.778310698178 , 0.0966055731627 , -3.00844e-05 , 5.02924e-06 , 0 , 0 , 0 , 0.5460631812405411 , -2.4703023194549645 , 9.766285026389205 , 0.00160715 , 0.000441693 , 0.00579704459028 , 1574442056.128883
0.807307541802 , -0.783571623321 , 0.072785020876 , -0.000124902 , -6.84178e-05 , 0 , 0 , 158 , 0.16202201619339954 , -3.1951782421473784 , 5.117852274331339 , -4.34116e-05 , -0.000587255 , 0.00145187720281 , 1574442056.2681258
0.805273434099 , -0.78495245932 , 0.0663152412426 , -0.00011774 , -4.76698e-05 , 0 , 0 , 0 , 0.038801704931775836 , -2.9208108883109425 , 3.3241731296475496 , -0.000706852 , -0.000394964 , 0.00154417189254 , 1574442056.4115312
0.805227002309 , -0.784983542206 , 0.0661682007964 , -0.000100555 , -4.26908e-06 , 0 , 0 , 0 , 0.007968314652413499 , -2.9444885558266 , 2.3454344565375864 , -0.000887647 , 0.000492192 , 0.0042135612754 , 1574442056.5508134
0.805227002309 , -0.784983542206 , 0.0661682007964 , -6.93329e-05 , -5.01932e-05 , 0 , 0 , 0 , 0.0009023544544051527 , -3.0292919317101683 , 2.026107679181509 , 0.000895643 , -0.00147191 , 0.0021282671074 , 1574442056.6901083
0.805227002309 , -0.784983542206 , 0.0661682007964 , -0.000125659 , -5.62284e-05 , 0 , 0 , 0 , 3.779491284002389e-05 , -3.224265208496215 , 2.260938083377099 , 0.000258895 , -0.000394542 , 0.00281017541867 , 1574442056.829398
0.805227002309 , -0.784983542206 , 0.0661682007964 , -4.83007e-05 , -2.36913e-05 , 0 , 0 , 0 , -9.770664640924725e-07 , -3.4903123562783303 , 2.766261324404151 , 0.00235367 , -0.000345571 , 0.00349389532325 , 1574442056.9688263
0.805227002309 , -0.784983542206 , 0.0661682007964 , -0.00010991 , -4.32939e-05 , 0 , 0 , 0 , -0.00016134835911937035 , -3.7785947204157444 , 3.3506977986250948 , -5.56126e-05 , -0.000147328 , 0.000947334152545 , 1574442057.107942
0.805227002309 , -0.784983542206 , 0.0661682007964 , -0.000109407 , -4.61763e-05 , 0 , 0 , 0 , -0.0009999768594218022 , -4.089074185028898 , 4.01424834534231 , 0.000153794 , 0.000289168 , 0.00134516193414 , 1574442057.2470481
0.805227002309 , -0.784983542206 , 0.0661682007964 , -0.000113606 , -4.65343e-05 , 0 , 0 , 0 , -0.003093784203422894 , -4.423198632797179 , 4.762256328555777 , 3.93785e-05 , 3.56413e-05 , 0.0013986288403 , 1574442057.3864994
0.805227002309 , -0.784983542206 , 0.0661682007964 , -6.83734e-05 , -2.55716e-05 , 0 , 0 , 0 , -0.006998696991181188 , -4.782488550132115 , 5.600081920944981 , 0.00122998 , 0.000371618 , 0.00338882423009 , 1574442057.5256245
0.805227002309 , -0.784983542206 , 0.0661682007964 , -0.000170782 , -5.74833e-05 , 0 , 0 , 0 , -0.01323581543626651 , -5.168539183537395 , 6.533095114459029 , -0.00184031 , -0.000358236 , 0.00250637990335 , 1574442057.6649835
0.805227002309 , -0.784983542206 , 0.0661682007964 , -0.000100109 , -1.37745e-05 , 0 , 0 , 0 , -0.02228478030242748 , -5.5830226852170295 , 7.566668820731477 , -0.000347115 , 0.000847835 , 0.00281396009797 , 1574442057.8081489
0.805227002309 , -0.784983542206 , 0.0661682007964 , -0.000125939 , -4.16716e-05 , 0 , 0 , 0 , -0.034580150425678254 , -6.027690244263653 , 8.706172049153224 , -0.00071467 , 0.000232788 , 0.000846726624991 , 1574442057.9518113
0.805227002309 , -0.784983542206 , 0.0661682007964 , -0.000115866 , -6.24533e-05 , 0 , 0 , 0 , -0.05050941676911991 , -6.504374199719584 , 9.956963153803404 , 6.69883e-05 , -0.000479608 , 0.000486403200221 , 1574442058.094924
0.805227002309 , -0.784983542206 , 0.0661682007964 , -0.000122969 , -5.53269e-05 , 0 , 0 , 0 , -0.0704120376973517 , -7.014990131770287 , 11.324383143076538 , -0.000710407 , -0.000119919 , 0.000777496174027 , 1574442058.2341778
0.805227002309 , -0.784983542206 , 0.0661682007964 , -9.9189e-05 , -2.42102e-05 , 0 , 0 , 0 , -0.0945791701085752 , -7.561538927298195 , 12.813749047920354 , -0.000110716 , 4.99114e-05 , 0.00135621855665 , 1574442058.373461
0.805227002309 , -0.784983542206 , 0.0661682007964 , -0.000122291 , -5.7119e-05 , 0 , 0 , 0 , -0.1232539045248167 , -8.14610881600171 , 14.430347346260703 , -0.000507516 , -0.000975578 , 0.00110459189367 , 1574442058.5126386
0.805227002309 , -0.784983542206 , 0.0661682007964 , -0.000124824 , -4.85808e-05 , 0 , 0 , 0 , -0.1566318816284196 , -8.770877373264145 , 16.179427442525913 , -0.000865243 , -0.000309051 , 0.00105131130698 , 1574442058.652135
0.805227002309 , -0.784983542206 , 0.0661682007964 , -6.63144e-05 , -2.40611e-05 , 0 , 0 , 0 , -0.1948622071028884 , -9.438113485941004 , 18.066195202259703 , 7.55691e-05 , -0.000359191 , 0.00218059467434 , 1574442058.7938771
0.805227002309 , -0.784983542206 , 0.0661682007964 , -6.99689e-05 , -5.13187e-05 , 0 , 0 , 0 , -0.23804860550644505 , -10.15017927722586 , 20.095806542699687 , 0.00147474 , -7.07993e-05 , 0.00174444493393 , 1574442058.939028
0.805227002309 , -0.784983542206 , 0.0661682007964 , -3.51283e-05 , -7.89306e-05 , 0 , 0 , 0 , -0.2862507691567669 , -10.909531986748362 , 22.273361080913524 , 0.00284371 , -0.00113148 , 0.00317527032607 , 1574442059.0820138
0.805227002309 , -0.784983542206 , 0.0661682007964 , -8.44039e-05 , -4.05999e-05 , 0 , 0 , 0 , -0.33948586817144544 , -11.71872580205879 , 24.603895841681705 , 1.60179e-05 , -0.000602435 , 0.0051129007041 , 1574442059.2253528
0.805227002309 , -0.784983542206 , 0.0661682007964 , -0.000139775 , -5.87459e-05 , 0 , 0 , 0 , -0.39773019482955324 , -12.58041363765773 , 27.092379027801936 , -0.000512595 , -0.000223029 , 0.00159749112328 , 1574442059.368634
0.805227002309 , -0.784983542206 , 0.0661682007964 , -0.000111227 , -5.62729e-05 , 0 , 0 , 0 , -0.4609209204160361 , -13.497348857739109 , 29.743703855891805 , 0.00041036 , -0.000507398 , 0.000738576713555 , 1574442059.511991
0.805180565949 , -0.785014618264 , 0.0660211603502 , -0.000101982 , -5.57603e-05 , 0 , 0 , 0 , -0.5289579463598847 , -14.472386938830113 , 32.56268246109989 , 9.84347e-05 , -0.000216005 , 0.000718138172062 , 1574442059.6558566
0.805180565949 , -0.785014618264 , 0.0660211603502 , -0.000107862 , -7.78942e-06 , 0 , 0 , 0 , -0.601389373615917 , -15.509848008136883 , 35.56024832342692 , -0.000485464 , 0.000393467 , 0.00321854545803 , 1574442059.7988017
0.805180565949 , -0.785014618264 , 0.0660211603502 , -8.28578e-05 , -5.59241e-05 , 0 , 0 , 0 , -0.678181570560339 , -16.61341530350693 , 38.736704307532115 , 0.00149944 , -0.000474546 , 0.00170364057315 , 1574442059.9421184
0.805180565949 , -0.785014618264 , 0.0660211603502 , -0.000137703 , -3.32171e-05 , 0 , 0 , 0 , -0.7618843597667746 , -17.76792599749008 , 42.04952704545935 , -0.00138375 , 0.000158257 , 0.00168975607132 , 1574442060.0876267
0.805180565949 , -0.785014618264 , 0.0660211603502 , -0.000117815 , -8.12092e-05 , 0 , 0 , 0 , -0.8477578252039008 , -19.005403462121915 , 45.58421387805347 , 0.000148749 , -0.000847573 , 0.00136318108589 , 1574442060.2328873
0.805180565949 , -0.785014618264 , 0.0660211603502 , -7.55406e-05 , -2.23859e-05 , 0 , 0 , 0 , -0.9374936530597533 , -20.316812076529757 , 49.30917111068616 , 0.000833972 , 5.56373e-05 , 0.00127424435296 , 1574442060.3764343
0.80513412502 , -0.785045687493 , 0.065874119904 , -0.000112799 , -6.15976e-05 , 0 , 0 , 0 , -1.0308103647384632 , -21.705649818662128 , 53.228602222916315 , -0.00118441 , -0.00062415 , 0.00138224196009 , 1574442060.5196965
0.788738864539 , -0.796010714852 , 0.0139688423904 , -0.000119777 , -3.13972e-05 , 0 , 0 , 158 , -0.8930661580709403 , -20.264408277918175 , 63.286281098432646 , -0.000491099 , -8.55223e-05 , 0.00222357698585 , 1574442060.66297
0.756870500568 , -0.815008340682 , -0.0836660138959 , -0.000101185 , -4.18834e-05 , 0 , 0 , 0 , -0.74093007396462 , -23.877483442063674 , 70.43553362801927 , -0.000240294 , -0.000166786 , 0.000987275786562 , 1574442060.8064427
0.717538762174 , -0.833521726592 , -0.198063481051 , -9.34711e-05 , -2.60871e-05 , 0 , 0 , 0 , -0.43190716521554273 , -28.515756147860458 , 87.84562179676449 , 0.000431176 , -3.148e-05 , 0.00377763969772 , 1574442060.949711
0.671692049714 , -0.848997006197 , -0.325400507472 , -7.65659e-05 , -8.31968e-06 , 0 , 0 , 151 , -0.6520595781342432 , -28.146132776644706 , 91.72473049323081 , 0.000236476 , 0.000610236 , 0.00232256286821 , 1574442061.0931258
0.622005234782 , -0.858975855231 , -0.458766192188 , -6.23695e-05 , -0.000106472 , 0 , 0 , 148 , -1.8809292503567665 , -22.63621566190346 , 78.16076224079382 , 0.00190199 , -0.00185383 , 0.00404876919182 , 1574442061.2365553
0.572492147452 , -0.862190421748 , -0.589338108427 , -0.000113131 , -4.72969e-05 , 0 , 0 , 151 , -4.6191098440667915 , -16.477970445140638 , 59.508188634964576 , -4.58106e-05 , -0.000241654 , 0.000447339444387 , 1574442061.379953
0.52694057727 , -0.859191570665 , -0.709470152984 , -8.91364e-05 , -6.1503e-05 , 0 , 0 , 141 , -9.480891798107617 , -10.540846030924175 , 38.7876485141537 , 0.00128131 , -0.000528509 , 0.00385783321849 , 1574442061.5231416
0.488666251592 , -0.851994394419 , -0.811957343995 , -3.33565e-05 , -1.25428e-05 , 0 , 0 , 148 , -16.37140331936472 , -6.009412111629757 , 20.15719701530157 , 0.00218893 , 0.000300463 , 0.00361367701529 , 1574442061.6665144
0.460489281181 , -0.843636370738 , -0.889300618704 , -0.000113732 , -5.4729e-05 , 0 , 0 , 0 , -24.08178069795264 , -3.068620795421184 , 7.701146251772017 , 0.000118941 , -0.000696862 , 0.00210725051321 , 1574442061.80999
0.443748126782 , -0.837277553346 , -0.936206521046 , -9.73098e-05 , -6.04661e-05 , 0 , 0 , 145 , -33.525732860563494 , -1.9597093574045916 , 1.2699458899487968 , 0.000100915 , -0.000432744 , 0.00179942793597 , 1574442061.9531744
0.437759340227 , -0.834656051329 , -0.953410253253 , -2.93378e-05 , -6.92162e-05 , 0 , 0 , 0 , -40.69884799752015 , -0.8599470516710062 , 0.04736141015537181 , 0.00299671 , -0.00046756 , 0.00375377862242 , 1574442062.0966382
0.436692683289 , -0.834167103396 , -0.956498102623 , -7.05746e-05 , -2.74222e-05 , 0 , 0 , 0 , -44.9599255571231 , -0.4317396304544907 , -0.008564654592139856 , 0.000914937 , 6.56652e-06 , 0.00503413586599 , 1574442062.2357829
0.436692683289 , -0.834167103396 , -0.956498102623 , -7.76478e-05 , -2.93198e-05 , 0 , 0 , 0 , -48.473033763814634 , -0.24590758545400723 , -0.2065361633682387 , 0.000564598 , 0.000364878 , 0.00301455003377 , 1574442062.3791003
0.436692683289 , -0.834167103396 , -0.956498102623 , -0.000105988 , -7.6896e-05 , 0 , 0 , 0 , -52.14890554678864 , -0.18074588007913225 , -0.3495979219157346 , 6.15557e-05 , -0.000788058 , 0.00147109189991 , 1574442062.522558
0.436647023159 , -0.834199309131 , -0.956351062177 , -6.60265e-05 , -3.27716e-05 , 0 , 0 , 0 , -56.075342289967324 , -0.15795278348741443 , -0.3000311072737666 , 0.000716188 , 3.22497e-05 , 0.00161361506147 , 1574442062.6619198
0.42098722281 , -0.845248179121 , -0.905916189126 , -0.000111655 , -6.00982e-05 , -148 , 0 , 0 , -65.98601233356342 , -0.26183082845212147 , -0.30463835121002597 , 5.62605e-05 , -0.000503041 , 0.000850197410463 , 1574442062.8051338
0.391700939389 , -0.86820728808 , -0.807987251947 , -5.29636e-05 , -2.64554e-05 , -151 , 0 , 0 , -72.84908306883496 , -0.22844498595696985 , -0.3007890321121697 , 0.00170078 , 0.00012773 , 0.00187687579586 , 1574442062.9484842
0.360396993284 , -0.89812798991 , -0.694030906131 , -0.000252818 , 0.000152691 , -145 , 0 , 0 , -92.71872833787434 , -0.14271470727271487 , -0.321876971884308 , -0.00119186 , 0.00237068 , 0.00400439692714 , 1574442063.091661
0.329195827178 , -0.935623287678 , -0.565664596586 , -9.28742e-05 , -2.74842e-05 , -141 , 0 , 0 , -93.73539263575351 , -0.17022249931112263 , -0.1757931548908022 , 5.85511e-05 , -3.02999e-05 , 0.00205775635226 , 1574442063.23588
0.301763538483 , -0.978832663178 , -0.430975547854 , -6.70475e-05 , -2.32476e-05 , -136 , 0 , 0 , -73.31020123883545 , -0.4078441305296025 , -0.0357324231637496 , 0.00158771 , 0.000388922 , 0.00240423020665 , 1574442063.3786597
0.281455697502 , -1.02299912648 , -0.303050359647 , -0.000105755 , -6.31767e-05 , -133 , 0 , 0 , -50.211972995943604 , -0.9285830780505001 , -0.0014844054472442675 , -0.000139063 , -0.000318372 , 0.00194287438656 , 1574442063.5219111
0.268665933222 , -1.06390259424 , -0.190270337401 , -0.000123607 , -7.80129e-05 , -151 , 0 , 0 , -27.05733999143862 , -1.8292917758510894 , 0.0002366062660232211 , 0.000285167 , -0.000725449 , 0.000834773166494 , 1574442063.6652188
0.262346631886 , -1.09671305713 , -0.102340150565 , -0.000116472 , -6.67272e-05 , -145 , 0 , 0 , -10.325085578350219 , -3.096557862060399 , 0.006219613390398983 , 0.000175963 , -0.000412023 , 0.00156291174169 , 1574442063.8085477
0.260251679476 , -1.11711202522 , -0.0483763068045 , -0.000124013 , -6.5462e-05 , 0 , 0 , 0 , -2.286118473597492 , -4.375936313270573 , 0.01214564580457782 , -0.0013806 , -0.000237756 , 0.00142639265212 , 1574442063.9478223
0.25985178498 , -1.12537190532 , -0.0266143207648 , -0.000118513 , -8.01462e-05 , 0 , 0 , 0 , -0.05569077535453991 , -4.307529525333227 , 0.022046454906528824 , -0.000159942 , -0.000834146 , 0.00122804591672 , 1574442064.0870697
0.259811638424 , -1.12688000603 , -0.022644228717 , -0.000122287 , -5.54011e-05 , 0 , 0 , 0 , 0.014233192437897559 , -4.82476339274347 , 0.01835145921614282 , -0.000204201 , -0.00123074 , 0.00322117258912 , 1574442064.2264218
0.259811638424 , -1.12688000603 , -0.022644228717 , -0.000106846 , -7.96738e-05 , 0 , 0 , 0 , 0.35975147270183216 , -5.253048287145959 , 0.012953581706577632 , 0.000430778 , -0.000540875 , 0.000808894647309 , 1574442064.3656032
0.259811638424 , -1.12688000603 , -0.022644228717 , -7.90022e-05 , -3.41618e-05 , 0 , 0 , 0 , 0.7604881914257279 , -5.822218341784871 , 0.018408998356747492 , 0.00116988 , 0.000267235 , 0.00259217421136 , 1574442064.5050876
0.259811638424 , -1.12688000603 , -0.022644228717 , -9.67022e-05 , -5.74395e-05 , 0 , 0 , 0 , 0.833872863264938 , -6.540481025733715 , 0.03745637125075722 , 0.000702969 , -0.000179008 , 0.0025851709025 , 1574442064.644294
0.259811638424 , -1.12688000603 , -0.022644228717 , -0.000130635 , -6.97524e-05 , 0 , 0 , 0 , 0.8012754878696774 , -7.345347350244788 , 0.07182620917471377 , -0.000210298 , -0.00159864 , 0.00165015074673 , 1574442064.7834213
0.259811638424 , -1.12688000603 , -0.022644228717 , -7.86604e-05 , -1.82217e-05 , 0 , 0 , 0 , 0.7718663395739005 , -8.222124157325508 , 0.1228171032819944 , 0.000701636 , 0.000313769 , 0.00348531380251 , 1574442064.9226558
0.259811638424 , -1.12688000603 , -0.022644228717 , -1.71937e-05 , -2.86121e-05 , 0 , 0 , 0 , 0.74545938324701 , -9.175009762028768 , 0.19374795043210477 , 0.0021065 , -0.000135895 , 0.00349085155942 , 1574442065.0622823
0.259811638424 , -1.12688000603 , -0.022644228717 , -0.00012427 , -3.61893e-05 , 0 , 0 , 0 , 0.7218867160931443 , -10.208325439066591 , 0.28790836329840414 , 7.45658e-06 , 0.00035321 , 0.00172535745418 , 1574442065.2013376
0.259811638424 , -1.12688000603 , -0.022644228717 , -0.000116059 , -5.61018e-05 , 0 , 0 , 0 , 0.7009977635380125 , -11.326514783481521 , 0.40854482676348086 , -0.000178964 , -0.000588748 , 0.000684260957595 , 1574442065.340825
0.259811638424 , -1.12688000603 , -0.022644228717 , -0.000117296 , -5.99589e-05 , 0 , 0 , 0 , 0.6826585435205444 , -12.534142924023612 , 0.5588493440199732 , 7.62201e-05 , -0.000831075 , 0.00131300475314 , 1574442065.4803357
0.259811638424 , -1.12688000603 , -0.022644228717 , -6.40678e-05 , -3.70663e-05 , 0 , 0 , 0 , 0.6667509996745 , -13.835895587691713 , 0.7419498344340069 , 0.000904287 , -0.000412802 , 0.00314203043893 , 1574442065.6233058
0.259811638424 , -1.12688000603 , -0.022644228717 , -0.000106034 , -5.34513e-05 , 0 , 0 , 0 , 0.6531724038224735 , -15.23657801406885 , 0.9609018300229168 , -0.000291421 , -0.000210879 , 0.000683251658857 , 1574442065.7622676
0.259811638424 , -1.12688000603 , -0.022644228717 , -0.000107993 , -9.50378e-05 , 0 , 0 , 0 , 0.6418348281456359 , -16.74111371824592 , 1.2186811762181935 , -0.000752472 , -0.00114064 , 0.00240427722203 , 1574442065.9015477
0.259811638424 , -1.12688000603 , -0.022644228717 , -0.000109718 , -5.77213e-05 , 0 , 0 , 0 , 0.6326646873384539 , -18.35454310130195 , 1.5181775371803874 , 0.000159092 , -0.000426894 , 0.00112557758475 , 1574442066.0410016
0.259811638424 , -1.12688000603 , -0.022644228717 , -0.000102864 , -1.76322e-05 , 0 , 0 , 0 , 0.6256023510072023 , -20.08202190747346 , 1.8621885652693804 , -0.000583717 , 5.5865e-06 , 0.00232738494564 , 1574442066.180034
0.259811638424 , -1.12688000603 , -0.022644228717 , -9.22492e-05 , -5.91236e-05 , 0 , 0 , 0 , 0.6206018265242785 , -21.928819527316413 , 2.2534146330851974 , 0.000588538 , -0.000401103 , 0.00184111855198 , 1574442066.3233707
0.259811638424 , -1.12688000603 , -0.022644228717 , -4.50834e-05 , -2.3226e-05 , 0 , 0 , 0 , 0.6176305125071362 , -23.90031714633319 , 2.694454052770039 , 0.00169614 , -4.3689e-05 , 0.00264484295572 , 1574442066.4667265
0.259811638424 , -1.12688000603 , -0.022644228717 , -7.34194e-05 , -2.58052e-05 , 0 , 0 , 0 , 0.6166690230498184 , -26.00200573870589 , 3.187798725570254 , -4.6402e-05 , -0.000185805 , 0.000693026641067 , 1574442066.6101584
0.259811638424 , -1.12688000603 , -0.022644228717 , -4.48515e-05 , -3.54738e-05 , 0 , 0 , 0 , 0.6177110827967645 , -28.239483905948934 , 3.735830177730192 , 0.00225129 , 0.000456571 , 0.00233483245674 , 1574442066.7493708
0.259811638424 , -1.12688000603 , -0.022644228717 , -6.03045e-05 , -4.11894e-05 , 0 , 0 , 0 , 0.620763492911723 , -30.618455560462483 , 4.340815948316952 , 0.00109416 , -0.000437899 , 0.00203195160065 , 1574442066.8885896
0.259811638424 , -1.12688000603 , -0.022644228717 , -0.000149103 , -5.16443e-05 , 0 , 0 , 0 , 0.6258461679588205 , -33.14472745414007 , 5.0049063016454625 , -0.00191896 , -0.00023629 , 0.00252873258485 , 1574442067.0278666
0.259811638424 , -1.12688000603 , -0.022644228717 , -8.63717e-05 , -6.65692e-05 , 0 , 0 , 0 , 0.6329922436773048 , -35.82420655235505 , 5.730131242299439 , 0.00098803 , -0.000550135 , 0.00153790692395 , 1574442067.1670983
0.259763893914 , -1.12685097986 , -0.0224971882708 , -8.58346e-05 , -4.43891e-05 , 0 , 0 , 0 , 0.6422482555956754 , -38.66289725381868 , 6.518397814806876 , 0.00126438 , -0.000128155 , 0.00198263309415 , 1574442067.3065119
0.259763893914 , -1.12685097986 , -0.0224971882708 , -8.65477e-05 , -4.26071e-05 , 0 , 0 , 0 , 0.6533354821199713 , -41.67427209106123 , 7.372470742153805 , -0.000695828 , -0.000186207 , 0.00385048458672 , 1574442067.4456203
0.259763893914 , -1.12685097986 , -0.0224971882708 , -5.69672e-05 , -2.53009e-05 , 0 , 0 , 0 , 0.6665720701148675 , -44.85872384009834 , 8.293976079528505 , 0.00183583 , 0.000252485 , 0.00358044747933 , 1574442067.5849106
0.259763893914 , -1.12685097986 , -0.0224971882708 , -3.9774e-05 , -3.47368e-05 , 0 , 0 , 0 , 0.6844455310685235 , -48.169090278847825 , 9.273179672320365 , 0.00184903 , -5.58407e-05 , 0.00395134926589 , 1574442067.7248292
0.259716145136 , -1.12682196071 , -0.0223501478246 , -0.00010035 , -7.09177e-05 , 0 , 0 , 0 , 0.7029369644077458 , -51.70545774352176 , 10.329615969724335 , 0.000252976 , -0.000503985 , 0.00133627582048 , 1574442067.8675015
0.245246972619 , -1.11803128549 , 0.0222031073783 , -0.000143099 , -7.17361e-05 , 0 , 0 , 0 , 0.4732144179549445 , -59.01700691906635 , 9.707766682640791 , -0.00137128 , -0.00126947 , 0.00189559834571 , 1574442068.0108302
0.214329351385 , -1.10108484032 , 0.11498562894 , -0.000166663 , -3.42009e-05 , 0 , 0 , 0 , 0.6320440039426337 , -64.17912849576054 , 13.827219846819723 , -0.00216476 , 0.000172087 , 0.00368029106669 , 1574442068.1543474
0.176231800343 , -1.08458923462 , 0.224236680477 , -8.61812e-05 , -2.9868e-05 , 0 , -133 , 0 , 0.3637959844393196 , -76.76152629145017 , 16.42992989488711 , -0.000419584 , 9.19929e-05 , 0.00341683814361 , 1574442068.2975354
0.132131411055 , -1.07097820328 , 0.34569208905 , -8.94198e-05 , -6.42945e-05 , 0 , -133 , 0 , 0.28881657029605445 , -85.27949822582224 , 14.894409618370675 , 0.00144538 , -0.000749837 , 0.00172390850549 , 1574442068.4409187
0.0831322474621 , -1.06216777538 , 0.476705126626 , -8.51622e-05 , -8.41781e-05 , 0 , -141 , 0 , 0.8858582616789871 , -74.2757650873445 , 12.495459325132275 , 0.000695692 , -0.00135286 , 0.00274722401614 , 1574442068.5841773
0.0340159754661 , -1.05986284439 , 0.606100719295 , -0.000761699 , 0.000689973 , 0 , -136 , 0 , 2.2989058203686947 , -56.91215313692751 , 9.07430272450724 , -0.00585184 , 0.00677838 , 0.0113695864947 , 1574442068.7276232
-0.0108107051787 , -1.06356954647 , 0.724468278497 , 9.85717e-06 , -0.000107148 , 0 , -141 , 0 , 4.937248594460838 , -37.951895666879366 , 5.8746622739175445 , 0.00303544 , -0.00115223 , 0.00339224636355 , 1574442068.8710794
-0.0468374615783 , -1.07090514986 , 0.821220892106 , -0.000224304 , 0.000129189 , 0 , -145 , 0 , 8.889420972540828 , -20.15744329848514 , 3.221808433923242 , -0.000738444 , 0.00299532 , 0.00431630810253 , 1574442069.010231
-0.0727990434608 , -1.07886841699 , 0.892682548966 , -7.09687e-05 , -3.42249e-05 , 0 , 0 , 0 , 15.728392108973049 , -6.977638458544697 , 2.0943437039040838 , 0.00107914 , 8.26397e-05 , 0.00213681014908 , 1574442069.1494865
-0.0872342408189 , -1.08445208809 , 0.933412752568 , -5.36e-05 , -5.01641e-05 , 0 , -148 , 0 , 20.54753933347232 , -1.3933108160220076 , 0.8985712184771292 , 0.00149604 , -0.000691211 , 0.00329966485429 , 1574442069.2888153
-0.091692869646 , -1.0863889613 , 0.946205271388 , -7.4154e-05 , -6.21886e-05 , 0 , 0 , 0 , 24.34095590212648 , -0.09234478889195484 , 0.4259985510613284 , 0.000609056 , -0.000636583 , 0.00332378867214 , 1574442069.4280095
-0.0923553447444 , -1.086686878 , 0.948116797189 , -0.000117449 , -9.84524e-05 , 0 , 0 , 0 , 27.318575243636143 , 0.00020992251117037073 , 0.20948921286098143 , -0.000210079 , -0.00108183 , 0.00178976707779 , 1574442069.567294
-0.0924007333484 , -1.08665429071 , 0.947969756743 , -9.36183e-05 , -4.77567e-05 , 0 , 0 , 0 , 29.966352063523154 , 0.04941966858894026 , 0.11920127716953517 , 0.000350131 , -2.19717e-05 , 0.00220356544817 , 1574442069.706558
-0.0924007333484 , -1.08665429071 , 0.947969756743 , -0.000259819 , 0.000112384 , 0 , 0 , 0 , 32.68580260110429 , 0.07773676725030956 , 0.08994966692806379 , -0.00317097 , 0.00204299 , 0.00463070781641 , 1574442069.8460233
-0.0924007333484 , -1.08665429071 , 0.947969756743 , -0.000110294 , -8.10724e-05 , 0 , 0 , 0 , 35.56498309817251 , 0.05404346461618652 , 0.07862185798244745 , 0.000368094 , -0.000943318 , 0.00154762120248 , 1574442069.9891407
-0.0924007333484 , -1.08665429071 , 0.947969756743 , -4.54818e-05 , -3.54101e-05 , 0 , 0 , 0 , 38.56304080299239 , 0.029688087439653198 , 0.07066309461063752 , 0.00087067 , -0.000292178 , 0.00317826944558 , 1574442070.128386
-0.0924007333484 , -1.08665429071 , 0.947969756743 , -5.64513e-05 , -2.46946e-05 , 0 , 0 , 0 , 41.787923227117645 , 0.014302544279597651 , 0.06266746348902585 , 0.000950037 , -5.04915e-05 , 0.00125495993641 , 1574442070.26768
-0.0924007333484 , -1.08665429071 , 0.947969756743 , -0.000649051 , 0.000535569 , 0 , 0 , 0 , 45.2038374260946 , 0.00555657209967442 , 0.05493528166348424 , -0.00472106 , 0.00484967 , 0.00813113445913 , 1574442070.407261
-0.0924007333484 , -1.08665429071 , 0.947969756743 , -3.59154e-05 , -5.02114e-05 , 0 , 0 , 0 , 48.81750895312789 , 0.0014439648826277797 , 0.04753948856358692 , 0.00113042 , -0.000293908 , 0.00116803188741 , 1574442070.5461686
-0.0924007333484 , -1.08665429071 , 0.947969756743 , -0.000102206 , -4.82942e-05 , 0 , 0 , 0 , 52.63571734019256 , 0.00013241070643664384 , 0.04054771461631202 , -0.000132976 , -0.00021384 , 0.000569254813836 , 1574442070.6859646
-0.0924461171602 , -1.08662169675 , 0.947822716297 , -6.4731e-05 , -3.15388e-05 , 0 , 0 , 0 , 56.66529103487943 , -2.708025921356835e-07 , 0.03402107034359914 , 0.00119248 , -0.000249787 , 0.00258519981931 , 1574442070.824763
-0.101612678941 , -1.08003636792 , 0.918120546162 , -6.20835e-05 , -6.02847e-05 , 141 , 0 , 0 , 66.58498520565239 , 3.2407385426576156e-05 , 0.051902363685590265 , 0.000599362 , -0.000502482 , 0.000822837459262 , 1574442070.9680774
-0.128247180394 , -1.05967601858 , 0.829896278433 , -7.54576e-05 , -2.75887e-05 , 0 , 0 , 0 , 72.14067240899556 , -7.955977695229884e-08 , 0.052491609462631 , 0.000507311 , -3.07799e-05 , 0.00212267386046 , 1574442071.1073048
-0.159415757519 , -1.03116483261 , 0.718733701095 , -9.00288e-05 , -1.8434e-05 , 145 , 0 , 0 , 89.17842518119838 , 1.2585301702784e-08 , 0.022277282551768758 , 3.98777e-05 , 0.000224676 , 0.00125027951048 , 1574442071.2506742
-0.190871326151 , -0.995208625011 , 0.593014119582 , -9.29896e-05 , -5.58874e-05 , 141 , 0 , 0 , 101.53542090700327 , -6.0223259239438295e-05 , 0.014557012512876742 , 0.00101776 , -0.000334522 , 0.00284007183953 , 1574442071.394091
-0.219631097744 , -0.952533899179 , 0.457589868619 , -9.37995e-05 , -3.39778e-05 , 138 , 0 , 0 , 83.60662976210655 , -0.014505436003224754 , 0.0691448629597228 , -0.000384663 , -0.000546005 , 0.00245374821316 , 1574442071.5373013
-0.241822934257 , -0.90746981237 , 0.325400507472 , -0.000105935 , -4.44183e-05 , 141 , 0 , 0 , 62.95768803488781 , -0.05817648935795273 , 0.3600532230963604 , 0.000250391 , -0.000184949 , 0.000327012257351 , 1574442071.6807272
-0.256523937992 , -0.863897571399 , 0.204386220238 , -0.000115742 , -3.49106e-06 , 145 , 0 , 0 , 32.21339753493657 , -0.3376934753755606 , 0.8877432590156288 , -0.00103226 , 0.000561446 , 0.00318064017187 , 1574442071.8247015
-0.26402021412 , -0.82773269787 , 0.10719248529 , -5.77019e-05 , -5.83681e-05 , 141 , 0 , 0 , 13.492168786717126 , -0.6205187546304637 , 1.7814558440493065 , 0.00182907 , -0.000671854 , 0.00480249732817 , 1574442071.9674938
-0.266578779438 , -0.803955300641 , 0.0442591743105 , -0.000102942 , -7.13445e-05 , 0 , 0 , 0 , 3.2420820314026497 , -0.7940519521772305 , 3.0206682440553245 , 0.00125047 , -0.000558319 , 0.00137290238642 , 1574442072.1067154
-0.267095467235 , -0.792288784357 , 0.0135277210517 , -8.72041e-05 , -3.23303e-05 , 148 , 0 , 0 , 0.10092854434608113 , -1.0940804662082433 , 3.60427371747934 , 5.47776e-06 , -0.00013763 , 0.000183623945548 , 1574442072.2501168
-0.267126456813 , -0.789998103817 , 0.00749906275692 , -8.88545e-05 , -2.92395e-05 , 0 , 0 , 0 , -0.013408315262603417 , -0.9157971855543096 , 4.016994611469322 , 0.00104097 , 0.000302872 , 0.00126351976561 , 1574442072.3893223
-0.267126875822 , -0.789942230019 , 0.00735202231071 , -7.22987e-05 , -3.08892e-05 , 0 , 0 , 0 , -0.47542305773005855 , -0.8051281424314097 , 4.4717953122314835 , 0.000653158 , -8.61411e-06 , 0.00297823744759 , 1574442072.5287695
-0.267126875822 , -0.789942230019 , 0.00735202231071 , -0.000142243 , -3.79147e-05 , 0 , 0 , 0 , -1.1950017703589988 , -0.8414906596686008 , 4.896809306456561 , -0.00176245 , 0.000134361 , 0.00212257647995 , 1574442072.6719928
-0.267126875822 , -0.789942230019 , 0.00735202231071 , -7.98239e-05 , -3.23302e-05 , 0 , 0 , 0 , -1.2815192354109843 , -1.0586006337948564 , 5.3519970049181405 , 0.000427883 , 0.000174216 , 0.00293058420796 , 1574442072.8152018
-0.267126875822 , -0.789942230019 , 0.00735202231071 , -6.49573e-05 , -3.08414e-05 , 0 , 0 , 0 , -1.1422127577360282 , -1.3690748374672939 , 5.8254977724949475 , 0.00119802 , 0.000240209 , 0.00275622336399 , 1574442072.954487
-0.267126875822 , -0.789942230019 , 0.00735202231071 , -8.65852e-05 , -6.58311e-05 , 0 , 0 , 0 , -1.00611097284302 , -1.7382554240381276 , 6.318329827733668 , 0.000778852 , -0.000112794 , 0.00326737134662 , 1574442073.093879
-0.267126875822 , -0.789942230019 , 0.00735202231071 , -3.00509e-05 , -4.10842e-05 , 0 , 0 , 0 , -0.8792298630707448 , -2.1700885956338762 , 6.83013897502014 , 0.00197955 , -0.000194935 , 0.00255355662642 , 1574442073.233051
-0.267126875822 , -0.789942230019 , 0.00735202231071 , -8.06178e-05 , -2.94257e-05 , 0 , 0 , 0 , -0.761663622678422 , -2.6698017779742225 , 7.360294625488783 , 0.000775425 , 0.000399643 , 0.00273153417298 , 1574442073.3725123
-0.267126875822 , -0.789942230019 , 0.00735202231071 , -0.000101146 , -5.79293e-05 , 0 , 0 , 0 , -0.6534533963214114 , -3.2426504010721957 , 7.908106809200975 , 0.00010459 , -0.000197175 , 0.000441197394032 , 1574442073.5116584
-0.267126875822 , -0.789942230019 , 0.00735202231071 , -0.000223552 , 0.000102036 , 0 , 0 , 0 , -0.5545854078961956 , -3.8939102226674605 , 8.47282881369906 , -0.000667107 , 0.00171179 , 0.00490073413982 , 1574442073.650807
-0.267126875822 , -0.789942230019 , 0.00735202231071 , -0.000111449 , -6.09133e-05 , 0 , 0 , 0 , -0.46498921351960815 , -4.628869850274471 , 9.053659888735304 , -4.49082e-05 , -0.000264467 , 0.00102453749084 , 1574442073.7903073
-0.267126875822 , -0.789942230019 , 0.00735202231071 , -7.03322e-05 , -3.84368e-05 , 0 , 0 , 0 , -0.38453609548217704 , -5.452823427737061 , 9.649748011122094 , 0.000670234 , -0.000193079 , 0.00437376309362 , 1574442073.933384
-0.267126875822 , -0.789942230019 , 0.00735202231071 , -9.29991e-05 , -4.01851e-05 , 0 , 0 , 0 , -0.31303761688114773 , -6.37106346084174 , 10.260192703786881 , -0.000231598 , 5.72257e-05 , 0.00215555202917 , 1574442074.0726721
-0.267126875822 , -0.789942230019 , 0.00735202231071 , -0.000102018 , -5.76671e-05 , 0 , 0 , 0 , -0.2502443604338497 , -7.388873763003126 , 10.884047903236377 , 0.000388022 , -0.000159091 , 0.00150584459081 , 1574442074.2118993
-0.267126875822 , -0.789942230019 , 0.00735202231071 , -0.000119142 , -6.89599e-05 , 0 , 0 , 0 , -0.19584488009672538 , -8.511522506929465 , 11.520324869741808 , -3.973e-05 , -0.000484564 , 0.000669070391149 , 1574442074.351339
-0.267126875822 , -0.789942230019 , 0.00735202231071 , -7.43507e-05 , -2.94137e-05 , 0 , 0 , 0 , -0.14946490118763256 , -9.74425537194281 , 12.167995134659993 , 0.000635514 , 0.000213945 , 0.00315343993912 , 1574442074.4904566
-0.267126875822 , -0.789942230019 , 0.00735202231071 , -0.000103243 , -8.95198e-05 , 0 , 0 , 0 , -0.11066681471989462 , -11.09228877955416 , 12.825993479393176 , 0.000482522 , -0.000817082 , 0.00386527936058 , 1574442074.6363692
-0.267126875822 , -0.789942230019 , 0.00735202231071 , -7.06892e-05 , -2.73915e-05 , 0 , 0 , 0 , -0.07894952624976638 , -12.560803212200153 , 13.493220940580168 , 0.000525585 , -3.79807e-05 , 0.00103284284652 , 1574442074.7776117
-0.267126875822 , -0.789942230019 , 0.00735202231071 , -0.000104601 , -5.82673e-05 , 0 , 0 , 0 , -0.05374874157089877 , -14.154936611876472 , 14.168547836192136 , 1.432e-05 , -0.000223365 , 0.00293114811869 , 1574442074.92048
-0.267126875822 , -0.789942230019 , 0.00735202231071 , -0.000151433 , -6.78425e-05 , 0 , 0 , 0 , -0.03443780628850852 , -15.87977785686715 , 14.850816807284046 , -0.00164577 , -0.000770251 , 0.00335383539262 , 1574442075.063858
-0.267126875822 , -0.789942230019 , 0.00735202231071 , -9.65834e-05 , -2.34588e-05 , 0 , 0 , 0 , -0.020329273889323592 , -17.74036031595296 , 15.53884587023274 , -0.000356703 , 0.000381251 , 0.00284119289231 , 1574442075.2071757
-0.267126875822 , -0.789942230019 , 0.00735202231071 , -6.0943e-05 , -6.47627e-05 , 0 , 0 , 0 , -0.010677479050208676 , -19.74165548043684 , 16.23143147436623 , 0.00204845 , -0.000398058 , 0.00249039687244 , 1574442075.346522
-0.267126875822 , -0.789942230019 , 0.00735202231071 , -0.000125963 , -2.66498e-05 , 0 , 0 , 0 , -0.004682590669182293 , -21.888566675105206 , 16.927351559963817 , -0.00176521 , 4.11957e-05 , 0.00238263037056 , 1574442075.4898865
-0.267126875822 , -0.789942230019 , 0.00735202231071 , -4.82521e-05 , -4.14922e-05 , 0 , 0 , 0 , -0.0014970518762815247 , -24.185922849882683 , 17.625368611683914 , 0.00126 , -0.000126568 , 0.00292959303594 , 1574442075.633168
-0.267126875822 , -0.789942230019 , 0.00735202231071 , -0.00010601 , -2.40146e-05 , 0 , 0 , 0 , -0.00023645693579898912 , -26.638472454454558 , 18.32423270255083 , -0.000289007 , 3.66355e-05 , 0.00228270548418 , 1574442075.776584
-0.267126875822 , -0.789942230019 , 0.00735202231071 , -8.7934e-05 , -5.53485e-05 , 0 , 0 , 0 , -1.2123686425237734e-06 , -29.250877398563787 , 19.02268452371022 , 0.00098798 , -0.000435282 , 0.00129504285842 , 1574442075.9157512
-0.267126875822 , -0.789942230019 , 0.00735202231071 , -9.39909e-05 , -7.13986e-05 , 0 , 0 , 0 , 5.8605053978266334e-05 , -32.02770710103099 , 19.719458395241197 , -0.000219954 , -0.000477179 , 0.00100129687158 , 1574442076.059159
-0.267126875822 , -0.789942230019 , 0.00735202231071 , -3.67521e-05 , -1.98714e-05 , 0 , 0 , 0 , 0.0007961077252676112 , -34.973432630833045 , 20.41328525339316 , 0.00137143 , -7.95097e-05 , 0.00470415166075 , 1574442076.2026498
-0.267126875822 , -0.789942230019 , 0.00735202231071 , -0.000111516 , -5.27317e-05 , 0 , 0 , 0 , 0.003276994035799168 , -38.09242094380186 , 21.1028956097 , -0.000326772 , -0.000302853 , 0.000446568650193 , 1574442076.345865
-0.2671754694 , -0.789914648847 , 0.00749906275692 , -8.62265e-05 , -3.01329e-05 , 0 , 0 , 0 , 0.008730922733379014 , -41.388929218683096 , 21.787022477506483 , -0.000456601 , -2.1463e-06 , 0.00236413325009 , 1574442076.4891458
-0.2671754694 , -0.789914648847 , 0.00749906275692 , -1.8121e-05 , -2.87165e-05 , 0 , 0 , 0 , 0.01849255439250584 , -44.873618980793516 , 22.466228752701632 , 0.00237803 , 0.000515881 , 0.00461558621299 , 1574442076.6325378
-0.2671754694 , -0.789914648847 , 0.00749906275692 , -0.000118659 , -5.6455e-05 , 0 , 0 , 0 , 0.034050333377745656 , -48.546230112123006 , 23.13940304770104 , -0.000930128 , -0.000403777 , 0.00160489410311 , 1574442076.7717705
-0.2671754694 , -0.789914648847 , 0.00749906275692 , -5.40491e-05 , -3.89535e-05 , 0 , 0 , 0 , 0.05750420287082304 , -52.36092831020291 , 23.784456001519864 , 0.00148633 , -0.000530376 , 0.00443596681095 , 1574442076.9150937
-0.267224067033 , -0.78988707482 , 0.00764610320314 , -6.00457e-05 , -4.08314e-05 , 0 , 0 , 0 , 0.08992151905614242 , -56.40633861414852 , 24.433613279295205 , 0.000893643 , -0.000145036 , 0.00323854723258 , 1574442077.05849
-0.28316542048 , -0.78084513795 , 0.0558753695614 , -0.00013513 , -7.77391e-05 , 0 , -141 , 0 , 0.06284442359545721 , -64.37734718236285 , 22.113740958177612 , -0.000183617 , -0.000768683 , 0.00114148864042 , 1574442077.201895
-0.316880371626 , -0.763815541537 , 0.155274711202 , -0.000106717 , -8.77596e-05 , 0 , -148 , 0 , 0.06958789071470499 , -73.93904286763295 , 24.61287910622907 , 0.000366551 , -0.00155505 , 0.00244993422779 , 1574442077.3453178
-0.358634839354 , -0.747700974556 , 0.27305410862 , -6.29987e-05 , -5.86884e-05 , 0 , -145 , 0 , 0.026495786555366243 , -90.8343057092569 , 28.191937074788992 , 0.00151118 , -0.00072681 , 0.00192746489083 , 1574442077.4885151
-0.407027776561 , -0.735316148523 , 0.404508267535 , -0.000103717 , -2.09488e-05 , 0 , -145 , 0 , 0.07024518470213993 , -97.55099220283117 , 27.414563964166998 , 0.000593054 , 0.000437106 , 0.00330889987877 , 1574442077.631844
-0.459566967275 , -0.729029481146 , 0.5437555701 , -6.508e-05 , -4.9301e-05 , 0 , -138 , 0 , 0.5885234697276017 , -83.86898521336443 , 21.88254154842622 , 0.000858379 , -0.000374731 , 0.00234716907572 , 1574442077.7752733
-0.511352912857 , -0.730073461201 , 0.680062063741 , -9.50649e-05 , -2.33542e-05 , 0 , -145 , 0 , 1.7141094070583351 , -68.11594318167185 , 12.937699209042988 , -0.00060214 , 0.000215284 , 0.00302357546832 , 1574442077.9187803
-0.559205094667 , -0.737622271891 , 0.807546130608 , -0.000116358 , -3.1264e-05 , 0 , -141 , 0 , 5.809190289242992 , -43.65284638017529 , 9.264068624014875 , -1.04991e-05 , 6.35682e-05 , 0.00319280014559 , 1574442078.0620358
-0.598360802987 , -0.749049198011 , 0.914885656345 , -6.99847e-05 , -3.55441e-05 , 0 , 0 , 0 , 11.644749836492448 , -21.415785489594178 , 4.428752353708993 , 0.00135789 , -0.000284827 , 0.00313613981251 , 1574442078.2011988
-0.626562934393 , -0.760684270251 , 0.995169739978 , -0.000112207 , -6.98763e-05 , 0 , -145 , 0 , 20.824002150481654 , -6.828389831520738 , 2.3882581881601044 , 0.000240825 , -0.000650594 , 0.00069649930862 , 1574442078.3404746
-0.642591093806 , -0.768857730712 , 1.04251676366 , -9.91505e-05 , -3.45654e-05 , 0 , 0 , 0 , 24.04810157104668 , -1.2244186567532733 , 0.5370492944420207 , 0.000153444 , 0.00023811 , 0.00217775159183 , 1574442078.479783
-0.648025041945 , -0.771905474362 , 1.05869121274 , -0.000103976 , -6.38503e-05 , 0 , 0 , 0 , 31.70470011287637 , -0.011863745531708063 , 0.30599451639948305 , -0.000339414 , -0.000487931 , 0.00126231941325 , 1574442078.6189969
-0.648938280632 , -0.772446822355 , 1.06148498122 , -0.000163869 , -4.6654e-05 , 0 , 0 , 0 , 34.309049000124965 , 0.09638161700113732 , 0.07110443874125336 , -0.00139441 , 4.50146e-05 , 0.00149292515986 , 1574442078.758292
-0.648938280632 , -0.772446822355 , 1.06148498122 , -0.000112809 , -4.13673e-05 , 0 , 0 , 0 , 36.31088738269039 , 0.7703706689856653 , 0.017358563558381338 , -0.000289539 , -0.000226225 , 0.000737134565687 , 1574442078.897485
-0.648938280632 , -0.772446822355 , 1.06148498122 , -5.21088e-05 , -4.4147e-05 , 0 , 0 , 0 , 38.813495910181686 , 1.2623615002329285 , 0.004141693553235074 , 0.000920097 , -0.000166224 , 0.002306097073 , 1574442079.0372617
-0.648938280632 , -0.772446822355 , 1.06148498122 , -7.68002e-05 , -3.62541e-05 , 0 , 0 , 0 , 41.87720986941867 , 1.3336103257415801 , 0.0006759417000904953 , 0.000852831 , -4.55066e-05 , 0.00353700693917 , 1574442079.1761692
-0.648938280632 , -0.772446822355 , 1.06148498122 , -6.88891e-05 , -2.6831e-05 , 0 , 0 , 0 , 45.198746505349796 , 1.2925716030262788 , 1.107448301479848e-05 , 0.0013814 , 0.000306511 , 0.0042507274487 , 1574442079.3153245
-0.648938280632 , -0.772446822355 , 1.06148498122 , -0.000115636 , -5.8736e-05 , 0 , 0 , 0 , 48.67933501973726 , 1.2555808609665438 , -6.33215819897716e-05 , -0.000905018 , -0.000300572 , 0.000953646135302 , 1574442079.4545522
-0.648938280632 , -0.772446822355 , 1.06148498122 , -6.06679e-05 , -4.21463e-05 , 0 , 0 , 0 , 52.32097270112116 , 1.2224435409901044 , -0.0012295507032290946 , 0.00122679 , -0.000191972 , 0.00221848863368 , 1574442079.5939424
-0.649035848022 , -0.772392335364 , 1.06119090033 , -0.0001117 , -5.88607e-05 , 0 , 0 , 0 , 56.12548591606273 , 1.192984666156541 , -0.005522615209756457 , -0.000418113 , -0.000511766 , 0.00189438566927 , 1574442079.7371073
-0.666741420194 , -0.762497739222 , 1.00781521835 , -6.46105e-05 , -3.57895e-05 , 141 , 0 , 0 , 65.72310073045685 , 1.590303417940506 , -0.005830782038289271 , 0.000928087 , -0.000276042 , 0.00184436740454 , 1574442079.88058
-0.697218961642 , -0.743263051832 , 0.912974130544 , -7.57425e-05 , -3.72647e-05 , 0 , 0 , 0 , 72.15318891024322 , 1.74543906417112 , -0.012166573041995938 , 0.000206977 , -0.000342773 , 0.00166364601874 , 1574442080.0199282
-0.730911256946 , -0.717231669666 , 0.800929310529 , -7.21514e-05 , -7.29591e-05 , 141 , 0 , 0 , 88.33926372576266 , 2.2767571299320197 , -0.048014813217374 , 0.0017963 , -0.00077806 , 0.00221344663403 , 1574442080.1631386
-0.76513250486 , -0.684057238136 , 0.675503809908 , -7.54886e-05 , -3.13478e-05 , 138 , 0 , 0 , 88.50207979595888 , 1.9573981070790614 , -0.05777989574448035 , 0.00184374 , -0.00120179 , 0.00236753360228 , 1574442080.306508
-0.796227628723 , -0.645249061663 , 0.544637812777 , -0.000106835 , -3.49207e-05 , 145 , 0 , 0 , 73.91755234496607 , 1.1520348523521444 , -0.03186873996208617 , -0.00140201 , 0.000136796 , 0.00514801841074 , 1574442080.4498549
-0.821037345929 , -0.604292138956 , 0.418624150372 , -4.70059e-05 , -3.82229e-05 , 145 , 0 , 0 , 55.78990659217153 , 0.5403934699985551 , -0.010232818652778397 , 0.00100087 , -8.65179e-05 , 0.00101584621211 , 1574442080.5931587
-0.838708487628 , -0.564574864956 , 0.304226683217 , -7.91339e-05 , -4.28691e-05 , 141 , 0 , 0 , 36.9325811763238 , 0.19789906123925521 , -0.0008579947324876866 , -0.000192884 , -0.000460641 , 0.00452651252321 , 1574442080.7365272
-0.849571301664 , -0.529976992629 , 0.208797433624 , -9.46288e-05 , -3.52109e-05 , 148 , 0 , 0 , 17.76562213857571 , 0.015922993406740162 , -0.00012006977877076995 , -0.000333882 , 0.000172116 , 0.00109285461992 , 1574442080.8799822
-0.854783223211 , -0.505379179701 , 0.142629232828 , -5.39254e-05 , -4.34049e-05 , 0 , 0 , 0 , 9.869961325065404 , 0.007045641380228788 , 0.00029460942749928666 , 0.00149419 , -0.000648143 , 0.00282785938431 , 1574442081.0194793
-0.856808552545 , -0.491275641403 , 0.105133919043 , 8.42732e-07 , -5.8623e-05 , 0 , 0 , 0 , 2.5765510088279804 , -3.706076435597439e-05 , 0.0008773756989580695 , 0.00264314 , -0.000358922 , 0.00394049593917 , 1574442081.158467
-0.857271775428 , -0.48688585988 , 0.0935177237922 , -4.4971e-05 , -1.03743e-05 , 0 , 0 , 0 , 0.6241217544829656 , -0.001911337829982297 , 0.0008785080823814654 , 0.00142696 , 0.000583215 , 0.00245963143626 , 1574442081.2976668
-0.857313517223 , -0.486440810146 , 0.0923414002225 , -9.49329e-05 , -3.41667e-05 , 0 , 0 , 0 , 0.09731951993556716 , -0.007940075709459374 , 0.0013467974253908404 , -0.000352804 , -0.000151327 , 0.00235086567023 , 1574442081.4374635
-0.857313517223 , -0.486440810146 , 0.0923414002225 , -7.45067e-05 , -4.24921e-05 , 0 , 0 , 0 , 0.01542735034052039 , -0.020013216855964147 , 0.0015425343372434137 , 0.000694107 , -0.000522307 , 0.00104982381111 , 1574442081.5761313
-0.857313517223 , -0.486440810146 , 0.0923414002225 , -9.62457e-05 , -5.84071e-05 , 0 , 0 , 0 , 0.012958247483822904 , -0.04026105287646271 , 0.0013523422399073254 , 0.000639731 , -0.000440377 , 0.00153673997023 , 1574442081.7158618
-0.857313517223 , -0.486440810146 , 0.0923414002225 , -0.000108436 , -2.87189e-05 , 0 , 0 , 0 , 0.028829293350457252 , -0.0703057668864897 , 0.0009708906931610425 , -0.000716901 , -3.46773e-06 , 0.0026946756804 , 1574442081.8549001
-0.857313517223 , -0.486440810146 , 0.0923414002225 , -6.65786e-05 , -2.24919e-05 , 0 , 0 , 0 , 0.059081071028545304 , -0.11223776924703921 , 0.0006322557548064134 , 0.00132652 , -0.000140993 , 0.00341076161602 , 1574442081.9940789
-0.857313517223 , -0.486440810146 , 0.0923414002225 , -6.67204e-05 , -7.66212e-05 , 0 , 0 , 0 , 0.10606969509582197 , -0.1680687333400318 , 0.00037178624401346046 , 0.000970255 , -0.000603106 , 0.00136117802464 , 1574442082.1334324
-0.857313517223 , -0.486440810146 , 0.0923414002225 , -0.000334471 , 0.000111495 , 0 , 0 , 0 , 0.17390140358377257 , -0.23964179988279516 , 0.00018801460450036398 , 0.00187143 , -0.00300929 , 0.00414877873758 , 1574442082.2724948
-0.857313517223 , -0.486440810146 , 0.0923414002225 , -7.4499e-05 , -3.76681e-05 , 0 , 0 , 0 , 0.266848870427672 , -0.328722794028491 , 7.423433556102635e-05 , 0.000594884 , -0.000193618 , 0.00195371021622 , 1574442082.4116938
-0.857313517223 , -0.486440810146 , 0.0923414002225 , -9.82671e-05 , -7.23354e-05 , 0 , 0 , 0 , 0.3893395117568286 , -0.4369947416089729 , 1.801506249574445e-05 , 0.000644094 , -0.000857816 , 0.00107406706683 , 1574442082.5550635
-0.857313517223 , -0.486440810146 , 0.0923414002225 , -0.000148784 , -5.81284e-05 , 0 , 0 , 0 , 0.5459458450064464 , -0.5660534516624157 , 1.0157777546641878e-06 , -0.000919982 , -0.000388108 , 0.00122398461886 , 1574442082.6943955
-0.857313517223 , -0.486440810146 , 0.0923414002225 , -3.73715e-05 , -2.24543e-05 , 0 , 0 , 0 , 0.7413771418936084 , -0.7174039305344866 , -1.85826736846054e-07 , 0.00143373 , 9.29639e-05 , 0.00256073272514 , 1574442082.8341627
-0.857313517223 , -0.486440810146 , 0.0923414002225 , -7.88019e-05 , -2.44659e-05 , 0 , 0 , 0 , 0.9804719286689025 , -0.8924574676614043 , -1.2490007299555465e-05 , 0.000410153 , 0.000448033 , 0.00208165294324 , 1574442082.9730659
-0.857313517223 , -0.486440810146 , 0.0923414002225 , -0.000119862 , -6.63048e-05 , 0 , 0 , 0 , 1.26819105423605 , -1.0925292797786657 , -7.458047758282518e-05 , -0.000137889 , -0.000558628 , 0.000989216809926 , 1574442083.1122594
-0.857313517223 , -0.486440810146 , 0.0923414002225 , -9.39713e-05 , -5.52455e-05 , 0 , 0 , 0 , 1.6096111429923132 , -1.3188366306709671 , -0.00023988657413930234 , 0.000498665 , -0.000316044 , 0.000594989281895 , 1574442083.251662
-0.857313517223 , -0.486440810146 , 0.0923414002225 , -0.000108775 , -6.20979e-05 , 0 , 0 , 0 , 2.009918307924169 , -1.5724973640821034 , -0.0005768449683291246 , 1.53064e-05 , -0.000310002 , 0.00164857148889 , 1574442083.3905919
-0.857313517223 , -0.486440810146 , 0.0923414002225 , -3.83102e-05 , -2.14213e-05 , 0 , 0 , 0 , 2.474402036949768 , -1.8545288016638388 , -0.001170167869864385 , 0.00209364 , 7.15733e-05 , 0.00412708188421 , 1574442083.5299175
-0.857313517223 , -0.486440810146 , 0.0923414002225 , -6.53366e-05 , -6.90281e-05 , 0 , 0 , 0 , 3.0084491903439625 , -2.1658469680187893 , -0.002122363488463805 , 0.00187896 , -0.000322432 , 0.00194808336402 , 1574442083.668971
