0.0 , 0.0 , 0.0 , 3.09591e-05 , -2.54275e-05 , 0.0 , 0.0 , 0.0 , 318.3098861837907 , -131.58849832080574 , -186.72138786298495 , 0.000899732 , -0.000416896 , 0.0078468789278 , 1572825188.0752044
0.000145168468458 , 0.000977818967325 , -0.00191152580078 , 2.34413e-05 , -1.34328e-05 , 4.0 , 0.0 , 0.0 , 317.97566624106463 , -128.6661681269312 , -189.30949811413342 , 4.97366e-05 , -9.10868e-05 , 0.00988696469858 , 1572825188.2231777
0.0126378942084 , 0.0812190537872 , 0.00632273918721 , 5.50306e-05 , -3.45751e-05 , 206.0 , -98.0 , -154.0 , 317.1827926160797 , -125.73097142346546 , -191.79864200186282 , 0.00161634 , -0.00123848 , 0.0132815243085 , 1572825188.3709803
0.027880463199 , 0.196085733019 , 0.0942529260233 , 6.8773e-05 , -1.11482e-05 , 208.0 , -141.0 , -195.0 , 291.7414354594482 , -112.95821379704667 , -177.63604513950247 , 0.00122105 , 0.000263957 , 0.0100608312987 , 1572825188.5184586
0.0306623859385 , 0.318335272062 , 0.213355687457 , 0.0001137 , -4.32557e-05 , 205.0 , -155.0 , -202.0 , 260.06665607458467 , -90.60048137439027 , -152.3652409518618 , 0.00414425 , -0.00126944 , 0.0136510638437 , 1572825188.670089
0.0194778888343 , 0.44148972671 , 0.338340066739 , 8.22604e-05 , -1.10772e-05 , 208.0 , -151.0 , -206.0 , 227.89544379805224 , -61.7355085884641 , -127.44939719269175 , 0.00303987 , -0.000829433 , 0.00855096639634 , 1572825188.8216257
-0.00274436045541 , 0.561792433213 , 0.454354978802 , 5.74358e-05 , -9.85564e-06 , 209.0 , -131.0 , -209.0 , 195.76026973304795 , -28.509069932824328 , -105.86391656322941 , 0.00173883 , 0.000269979 , 0.008437902233 , 1572825188.9735548
-0.0301386612067 , 0.677195760371 , 0.5437555701 , 0.000104164 , -6.02751e-05 , 209.0 , -98.0 , -201.0 , 163.95878940282 , 6.775138098308391 , -88.29728899512573 , 0.00334543 , -0.00190096 , 0.00865995107119 , 1572825189.1206796
-0.055482271533 , 0.786648103421 , 0.587867703964 , 0.000132659 , -2.32066e-05 , 206.0 , -50.0 , -191.0 , 132.07569554874672 , 41.10681926808367 , -74.52533384751068 , 0.00149814 , -0.000265912 , 0.0111423775134 , 1572825189.2721696
-0.0738058140959 , 0.891273147825 , 0.583015369239 , 8.09599e-05 , -2.11342e-05 , 207.0 , -14.0 , -177.0 , 99.31638911475272 , 71.19786087035685 , -63.853511879284774 , 0.00268587 , 0.000295559 , 0.00925094805305 , 1572825189.4194849
-0.0866961897493 , 0.986583854052 , 0.539344356714 , 8.43059e-05 , -3.03774e-05 , 202.0 , 0.0 , -144.0 , 65.10092761719943 , 95.63459961458301 , -54.9551804109732 , 0.00189826 , -0.000925254 , 0.0105107249489 , 1572825189.567002
-0.101005701036 , 1.06843727244 , 0.469941266101 , 4.856e-05 , 2.78511e-06 , 194.0 , 0.0 , -95.0 , 31.471248025506792 , 114.75365643110253 , -48.36807920094016 , 0.000837836 , 0.00158437 , 0.00800409983692 , 1572825189.7145712
-0.0922905205424 , 1.13537598124 , 0.313784312221 , 8.22528e-05 , -3.14766e-05 , 177.0 , 92.0 , -52.0 , 0.5376200654595259 , 130.5757557077477 , -45.84881374563944 , 0.00133483 , -0.000584247 , 0.00951478124753 , 1572825189.8619866
-0.0652326976863 , 1.18101804977 , 0.119837963665 , 0.000251109 , -5.86396e-05 , 141.0 , 126.0 , -22.0 , -30.92650549654885 , 132.43981351465666 , -44.58133825376812 , 0.00400095 , -0.00101167 , 0.0118916594238 , 1572825190.0051413
-0.0236593380887 , 1.19640757947 , -0.0570516931311 , 5.01167e-05 , -5.02565e-05 , 74.0 , 151.0 , -11.0 , -57.92830961632958 , 123.58179903360319 , -43.910492529768085 , 0.000606791 , -0.000760914 , 0.00564861393376 , 1572825190.1528528
0.0228920446126 , 1.19254558084 , -0.22217811423 , 1.42629e-05 , -1.32296e-05 , 59.0 , 160.0 , -14.0 , -74.29993707489919 , 106.94805685638815 , -42.99938701136892 , 0.000954832 , 0.000149165 , 0.0100098808424 , 1572825190.300253
0.0658976812457 , 1.16375490742 , -0.341721997002 , 4.65043e-05 , -3.50954e-05 , -7.0 , 158.0 , -22.0 , -83.86318306601949 , 86.59815579611062 , -43.04622217428856 , 0.00124735 , -0.00139702 , 0.00703763478752 , 1572825190.443598
0.103545574126 , 1.12910384229 , -0.444503268906 , 7.77341e-05 , -2.42706e-05 , 0.0 , 149.0 , -22.0 , -82.76552166800184 , 66.02329514815192 , -45.258662764276366 , 0.00130365 , -0.000175361 , 0.00833760591411 , 1572825190.5909975
0.130911769038 , 1.08438206325 , -0.502878326053 , -2.52743e-05 , -2.89823e-06 , -67.0 , 131.0 , -26.0 , -78.81948910753097 , 47.014483646378785 , -48.844171951031036 , -0.000837703 , 0.00030769 , 0.00816468873535 , 1572825190.7343247
0.146095045051 , 1.03266684261 , -0.499055274451 , 3.72774e-05 , -2.794e-05 , -86.0 , 98.0 , -33.0 , -69.0129572757486 , 31.9305309405195 , -54.15812502092919 , 0.000683967 , -0.000734971 , 0.00693162513332 , 1572825190.8819656
0.157755567804 , 0.990260702471 , -0.46141292022 , 0.00013854 , -8.08153e-05 , -82.0 , 67.0 , -41.0 , -53.24932874595711 , 22.86102213757591 , -60.15860312927999 , 0.00325031 , -0.00307681 , 0.00983273617457 , 1572825191.0295215
0.168652709253 , 0.960006941554 , -0.397597366563 , 3.58489e-05 , -3.46478e-05 , -67.0 , 33.0 , -49.0 , -38.43408292764913 , 18.296654524016034 , -63.57977924421041 , 0.00095127 , -0.00082864 , 0.00490530355355 , 1572825191.1766357
0.181571192822 , 0.940279394904 , -0.318342566054 , 6.83937e-05 , -2.90768e-05 , -55.0 , 15.0 , -56.0 , -25.934601701396574 , 17.46655239774198 , -63.67067902004484 , 0.000618242 , 0.000185538 , 0.00753837593889 , 1572825191.3283088
0.196257469708 , 0.930733012585 , -0.244381221608 , 8.33208e-05 , -4.69237e-05 , -35.0 , 3.0 , -58.0 , -15.882339088684205 , 18.694763973219963 , -60.57142888631433 , 0.000359062 , -0.000227001 , 0.0100795555127 , 1572825191.4715362
0.211686864004 , 0.928209944546 , -0.176742616349 , 5.40115e-05 , -2.72318e-05 , -20.0 , 0.0 , -57.0 , -9.421250857317286 , 20.742063035650474 , -55.660518714571516 , 0.00126871 , -7.71928e-05 , 0.00660887012526 , 1572825191.614963
0.227331701371 , 0.930211863998 , -0.120573165896 , 8.57699e-05 , -6.13664e-05 , -16.0 , 0.0 , -54.0 , -5.6083069354592245 , 23.325764768166046 , -49.78504342630399 , 0.00168449 , -0.00217452 , 0.00651640519755 , 1572825191.7617464
0.24238437517 , 0.935367284768 , -0.0735202231071 , 7.42466e-05 , -2.80133e-05 , 0.0 , 0.0 , -50.0 , -3.959406563782047 , 25.88214493726255 , -43.79912787992781 , 0.00235875 , -0.000589054 , 0.00724706703346 , 1572825191.909853
0.254811168787 , 0.941371314353 , -0.0372012328922 , 5.07893e-05 , -2.69496e-05 , 0.0 , 0.0 , -39.0 , -3.895595581766377 , 28.55752329734213 , -38.00118960975095 , -0.000621336 , 6.43626e-05 , 0.00749130900561 , 1572825192.0572543
0.26473958109 , 0.946621157295 , -0.00764610320314 , 0.000131776 , -3.84592e-05 , 0.0 , 0.0 , -31.0 , -4.78091108697526 , 31.447551065410575 , -33.41630649688797 , 0.00225717 , -0.000612645 , 0.0122323748796 , 1572825192.2082648
0.272807033963 , 0.951141385755 , 0.016468529976 , 5.35106e-05 , -2.94481e-05 , 0.0 , 3.0 , -27.0 , -5.864943655472966 , 34.50177887772581 , -30.024118459247067 , -0.000393842 , -0.000747551 , 0.00960799575413 , 1572825192.356294
0.279228696656 , 0.954991308142 , 0.0361719497687 , 0.000128657 , -2.70294e-05 , 0.0 , 0.0 , -19.0 , -7.0753592369954985 , 37.62812172356809 , -27.564767822277354 , 0.00067496 , -0.000410003 , 0.00877121463138 , 1572825192.5043616
0.294565480126 , 0.952666846494 , 0.0210267838086 , 5.84312e-05 , -8.88948e-06 , 0.0 , 61.0 , -15.0 , -8.368663395767312 , 40.83863696775649 , -25.907056720054992 , 0.00110511 , 0.000291105 , 0.00507093214937 , 1572825192.6553414
0.315320520143 , 0.94617324481 , -0.0154392468525 , 6.07552e-05 , -3.22956e-05 , 0.0 , 50.0 , -15.0 , -9.833545897333162 , 38.504919933849166 , -24.8563451347819 , 0.000399759 , -0.000267005 , 0.00715918825769 , 1572825192.802618
0.330781389891 , 0.941380136233 , -0.0394068395854 , 2.3911e-05 , -1.86413e-05 , 0.0 , 38.0 , -15.0 , -11.290025453222155 , 32.72789966157021 , -24.23911920612485 , -0.00142434 , -0.000315592 , 0.00664271118046 , 1572825192.9461708
0.342894455294 , 0.937854977746 , -0.0554342482228 , 4.77228e-05 , -3.38561e-05 , 0.0 , 27.0 , -19.0 , -12.560979029133504 , 29.439827663150368 , -24.02869300929477 , 0.000331272 , -0.00070465 , 0.00705101375779 , 1572825193.0893536
0.352888613484 , 0.935425686326 , -0.0652859581191 , 9.30574e-05 , -4.34858e-05 , 0.0 , 27.0 , -15.0 , -13.78426727521946 , 27.759321983482604 , -24.03285817647124 , 0.00118741 , -0.000553657 , 0.00976524620393 , 1572825193.232903
0.361213896405 , 0.933705500883 , -0.0714616568601 , 4.86983e-05 , -2.10733e-05 , 0.0 , 23.0 , -11.0 , -15.011690953579176 , 27.21319851610625 , -24.046772124554646 , 0.00109462 , -0.000448691 , 0.00323417958073 , 1572825193.3762777
0.368788057916 , 0.932435077014 , -0.0752847084617 , 5.33365e-05 , -1.15698e-05 , 0.0 , 15.0 , -11.0 , -16.271178002209098 , 27.46434708013082 , -24.158931639060008 , 0.000230934 , 1.38469e-05 , 0.00851709262903 , 1572825193.5195663
0.375933541851 , 0.931307754772 , -0.0783725578322 , 7.43925e-06 , -4.32634e-05 , 0.0 , 15.0 , -15.0 , -17.560068751488025 , 28.138144711044177 , -24.23748013919155 , -0.00159669 , -0.00112287 , 0.00893632471847 , 1572825193.6631122
0.382987778042 , 0.930277358529 , -0.0808722454178 , 6.01519e-05 , -3.64532e-05 , 0.0 , 19.0 , -15.0 , -18.8784253577164 , 28.998757896873567 , -24.339985718347922 , 0.000651323 , -0.000558915 , 0.00594335547912 , 1572825193.8143954
0.390613678698 , 0.929126730163 , -0.0832248925572 , 9.40072e-05 , -2.47493e-05 , 0.0 , 7.0 , -11.0 , -20.22029345982224 , 29.936607657171162 , -24.38950228094163 , 0.0016209 , -3.43172e-05 , 0.00840963839975 , 1572825193.9618752
0.397988773926 , 0.927894753795 , -0.086459782374 , 8.83679e-05 , -0.00170225 , 0.0 , 11.0 , -7.0 , -21.543076137827867 , 30.707392592100422 , -24.26436091847887 , 0.000973683 , -0.0144284 , 0.0207334286336 , 1572825194.1051834
0.40525860283 , 0.926591616707 , -0.0899887530831 , 1.34726e-05 , -0.000974045 , 0.0 , 15.0 , -3.0 , -22.921245807565782 , 31.481457285907506 , -24.24718346589175 , 9.29727e-05 , 0.000383721 , 0.00678200235762 , 1572825194.249278
0.413132730956 , 0.925011528024 , -0.0945470069157 , 6.0324e-05 , -0.000975649 , 0.0 , 15.0 , -15.0 , -24.32231634908125 , 32.25555462180216 , -24.260494831191345 , 0.00148546 , 0.000176433 , 0.00802313766662 , 1572825194.40072
0.418846129117 , 0.917089153445 , -0.092635481115 , -1.06611e-05 , -0.000993342 , -47.0 , 15.0 , 0.0 , -25.725086456495468 , 32.75654587153921 , -24.18575021095304 , -0.00108722 , -0.00013821 , 0.0065686852889 , 1572825194.5520377
0.422117634679 , 0.896330954172 , -0.0621981087486 , 3.68731e-05 , -0.00101317 , -48.0 , 22.0 , 0.0 , -24.745202350244575 , 33.234538373151466 , -25.296806009567636 , 0.00084788 , -0.000865994 , 0.00702064030983 , 1572825194.7029457
0.426480619973 , 0.881531483851 , -0.0476411045734 , 6.07218e-06 , -0.00100655 , -32.0 , 15.0 , 0.0 , -17.98161449766353 , 34.06716623889733 , -27.370567303706018 , 0.00116588 , -0.00120221 , 0.0060954394604 , 1572825194.8505585
0.431029337665 , 0.87228049131 , -0.0466118214499 , 1.41081e-05 , -0.00100726 , -16.0 , 19.0 , 0.0 , -14.102284715877703 , 34.585692650889534 , -29.12724964243736 , 0.000935725 , -0.00106765 , 0.00757601437923 , 1572825194.9938936
0.436216740703 , 0.866137260691 , -0.0560224100076 , -2.3602e-05 , -0.000999066 , -4.0 , 19.0 , 0.0 , -12.834169355021308 , 35.116472283399894 , -30.739394969285662 , -0.000171939 , 7.18792e-06 , 0.00600229745304 , 1572825195.145991
0.441726895642 , 0.862414491989 , -0.0730791017685 , -2.36651e-06 , -0.00101478 , 0.0 , 23.0 , 0.0 , -13.213440880623342 , 35.33262030829057 , -32.283696991028734 , 0.000572928 , -0.000883547 , 0.00613156250934 , 1572825195.2935493
0.44736579536 , 0.858584151896 , -0.0910180362066 , 0.00010357 , -0.00104653 , 0.0 , 23.0 , 0.0 , -14.852184366274898 , 35.3804858376836 , -33.78752779421885 , 0.00309877 , -0.00140473 , 0.00905167629847 , 1572825195.4405258
0.45316840724 , 0.854547820354 , -0.109398091983 , -4.77942e-05 , -0.00103089 , 0.0 , 23.0 , 0.0 , -16.53645190382305 , 35.319952353127576 , -35.297506674293416 , -0.000312932 , -0.00133595 , 0.00553808817333 , 1572825195.5878513
0.464176552853 , 0.85283282029 , -0.112044820015 , -5.13124e-05 , -0.00100554 , 0.0 , 19.0 , -57.0 , -18.20805503610984 , 35.1520762320017 , -36.792842894424545 , 0.000673968 , -0.000380694 , 0.00492197693204 , 1572825195.7393353
0.494922110924 , 0.859494481288 , -0.0586691380395 , -4.17052e-06 , -0.00101566 , 0.0 , 23.0 , -87.0 , -19.69306861868942 , 34.86713642350497 , -35.50310293153854 , 0.00146794 , -0.000269599 , 0.0067216427521 , 1572825195.8906608
0.521150108463 , 0.865342199906 , -0.0198504602389 , -7.63147e-05 , -0.00100926 , 0.0 , 23.0 , -57.0 , -20.48213833297981 , 33.85926648477706 , -24.021859143349058 , -0.00044534 , -0.00056094 , 0.00358703226069 , 1572825196.045767
0.537499071361 , 0.867281021223 , -0.00794018409557 , -2.63619e-05 , -0.00103528 , 0.0 , 27.0 , -30.0 , -21.918178381983115 , 33.08308845351893 , -14.766510782963126 , 0.00125706 , -0.000754444 , 0.00672431766763 , 1572825196.1902468
0.548816531087 , 0.866520631049 , -0.0114691548047 , -5.92542e-05 , -0.0010181 , 0.0 , 23.0 , -7.0 , -23.76284044795701 , 32.77667653624357 , -10.45447637285749 , 0.00146983 , -0.000496939 , 0.00414430078646 , 1572825196.341461
0.556384664372 , 0.86394720966 , -0.0241146331791 , -3.62752e-05 , -0.00103127 , 0.0 , 19.0 , -3.0 , -25.707343082998566 , 32.489590592888156 , -8.863172365380926 , 0.00132551 , -0.00112889 , 0.00674107349869 , 1572825196.489027
0.561796561636 , 0.851520522107 , -0.0173507726533 , -3.32551e-05 , -0.00104429 , -55.0 , 19.0 , 0.0 , -27.65117674592481 , 32.391495513546516 , -9.11559666891117 , -0.000509599 , -0.00088233 , 0.00471389811317 , 1572825196.6405303
0.5668301088 , 0.832013563429 , 0.0092635481115 , -5.61645e-05 , -0.00104188 , -44.0 , 19.0 , 0.0 , -25.309644142101764 , 32.48848472575315 , -10.326906390676742 , 0.000460213 , -0.00146618 , 0.00688347476644 , 1572825196.7915313
0.572132044043 , 0.818624076585 , 0.0210267838086 , 2.82813e-05 , -0.00106489 , -28.0 , 19.0 , 0.0 , -19.5385361776376 , 32.758156928448734 , -11.538873752145069 , 0.00202202 , -0.00137997 , 0.00915447073553 , 1572825196.93967
0.577550794465 , 0.809516557846 , 0.0214679051473 , -5.61708e-05 , -0.00104883 , -12.0 , 19.0 , 0.0 , -16.63733067566818 , 33.023689665582516 , -12.571330088180241 , 0.00150045 , -0.00200641 , 0.00657315393043 , 1572825197.0905437
0.583117898401 , 0.802705947554 , 0.0149981255138 , -1.18785e-05 , -0.0010563 , -4.0 , 23.0 , 0.0 , -15.80813324167414 , 33.24785023241704 , -13.544652517643756 , 0.00197195 , -0.000841472 , 0.00799587076898 , 1572825197.2383752
0.588459218087 , 0.798287590152 , 0.00279376847807 , -6.89448e-05 , -0.00104106 , 0.0 , 19.0 , 0.0 , -16.152084876463732 , 33.372483739620456 , -14.499189436744988 , 0.000860615 , -0.0010941 , 0.00646596697414 , 1572825197.381853
0.594032963563 , 0.795090315659 , -0.0141158828366 , -2.44578e-05 , -0.00103702 , 0.0 , 23.0 , 0.0 , -17.628179875518 , 33.58673048891445 , -15.451658661417799 , 0.00227676 , -0.00113864 , 0.00722013118075 , 1572825197.5292685
0.599551849969 , 0.791799252662 , -0.0310255341512 , -0.000109151 , -0.00104247 , 0.0 , 15.0 , 0.0 , -19.801158928475946 , 33.63981786502879 , -16.399797220234483 , 0.000674324 , -0.00109152 , 0.00550608873864 , 1572825197.6802993
0.605109298412 , 0.788356491557 , -0.0482292663583 , -6.5644e-05 , -0.00104672 , 0.0 , 23.0 , 0.0 , -21.96769774463248 , 33.68593061750462 , -17.347401392214067 , 0.00147607 , -0.0010968 , 0.00631593392374 , 1572825197.8286006
0.610512726382 , 0.784879111942 , -0.0651389176729 , -7.58581e-05 , -0.00103294 , 0.0 , 19.0 , 0.0 , -24.126929664501308 , 33.67200219489929 , -18.295628332976914 , 0.00118131 , -0.0010647 , 0.00438050029825 , 1572825197.9758127
0.616085287899 , 0.781099965645 , -0.0826367307724 , -5.02577e-05 , -0.0010439 , 0.0 , 19.0 , 0.0 , -26.280329455244683 , 33.705015267267775 , -19.243271850262317 , 0.0017467 , -0.00133019 , 0.0071180144864 , 1572825198.123375
0.621733239964 , 0.777184070259 , -0.100722705657 , -1.68728e-05 , -0.00106339 , 0.0 , 19.0 , 0.0 , -28.3959945013531 , 33.59970289666465 , -20.19703876436447 , 0.00202752 , -0.00150231 , 0.00798093885057 , 1572825198.2708387
0.627179062699 , 0.773320249654 , -0.11807347831 , -6.78864e-05 , -0.00102637 , 0.0 , 19.0 , -3.0 , -30.526225500206586 , 33.407861006829954 , -21.15642430164338 , 0.00150566 , -0.000577738 , 0.00564620279589 , 1572825198.4218748
0.632033088435 , 0.765767315002 , -0.125866621959 , -3.94341e-05 , -0.00104431 , -36.0 , 22.0 , 0.0 , -32.65086309887452 , 33.31577157273999 , -22.087763075910836 , 0.00113052 , -0.0008189 , 0.00733878843682 , 1572825198.5697594
0.635025433941 , 0.743930410141 , -0.0958703709317 , -6.44434e-05 , -0.00102624 , -56.0 , 19.0 , 0.0 , -33.045248916032264 , 33.368686557109385 , -23.16025400390505 , 0.00107449 , -0.000979137 , 0.00374623894873 , 1572825198.7214465
0.638820941096 , 0.726781607034 , -0.0766080724776 , -6.67359e-06 , -0.00102502 , -36.0 , 19.0 , 0.0 , -26.629277248237404 , 33.93756297486441 , -24.70268323663146 , 0.00203976 , -0.00060301 , 0.00649634341344 , 1572825198.8687387
0.643142203816 , 0.714793650026 , -0.0698442119518 , -8.66499e-05 , -0.00101907 , -28.0 , 19.0 , 0.0 , -22.376348874392725 , 34.372354573356525 , -25.89551659269435 , 0.00100581 , -0.00156252 , 0.0047709475347 , 1572825199.013223
0.648048076968 , 0.705180469992 , -0.0708734950753 , -4.38737e-05 , -0.00104252 , -16.0 , 22.0 , 0.0 , -20.543420023552724 , 34.71775331112914 , -26.84663208704285 , 0.00139191 , -0.00150055 , 0.00764502651874 , 1572825199.1634133
0.653225365372 , 0.697474826339 , -0.0771962342625 , -7.90396e-05 , -0.00102371 , -16.0 , 19.0 , -3.0 , -19.958847228147945 , 34.798385694310255 , -27.698586932147194 , 0.000880641 , -0.00131492 , 0.00414627579813 , 1572825199.3182898
0.661040189336 , 0.694348447903 , -0.0869009037126 , -6.31973e-05 , -0.00103258 , 0.0 , 23.0 , -19.0 , -20.3224835744828 , 34.777100629572296 , -28.46084204397345 , 0.00145024 , -0.00174575 , 0.00728843500108 , 1572825199.4622805
0.690545281812 , 0.701284703788 , -0.037054192446 , -5.01882e-05 , -0.00102481 , 0.0 , 23.0 , -84.0 , -22.368916427239952 , 34.54216718914612 , -27.940258320821247 , 0.00234425 , -0.00140401 , 0.00634385944664 , 1572825199.6138754
0.715858784225 , 0.707503262922 , 0.000588161784857 , -8.33708e-05 , -0.00104577 , 0.0 , 23.0 , -57.0 , -24.03717485647964 , 33.519965242792836 , -16.2057783809775 , 0.000615866 , -0.00133413 , 0.00766842138443 , 1572825199.7612321
0.731922875997 , 0.709580100239 , 0.0119102761434 , -4.17083e-05 , -0.00102532 , 0.0 , 23.0 , -30.0 , -26.235231939183535 , 32.789454259509625 , -6.44750822517269 , 0.00271521 , -0.000550365 , 0.00581452759435 , 1572825199.904862
0.741616058883 , 0.708354450194 , 0.00485233472507 , -8.59017e-05 , -0.00100649 , 0.0 , 23.0 , -7.0 , -28.726649890127266 , 32.345934158442866 , -1.4583238414592254 , 0.00140759 , -4.63691e-06 , 0.00395427333105 , 1572825200.0481994
0.748064392528 , 0.70578750464 , -0.00882242677285 , -0.000109421 , -0.00101634 , 0.0 , 19.0 , 0.0 , -31.298100397858022 , 32.009389136129165 , 0.1691025467444184 , -0.000494549 , -0.000259407 , 0.00563584674003 , 1572825200.1873972
0.753277594329 , 0.693336695551 , -0.000441121338643 , -5.56203e-05 , -0.00103011 , -58.0 , 21.0 , 0.0 , -33.862169446219674 , 31.94134062397755 , 0.32011739494109726 , 0.00244023 , -0.00221763 , 0.00754364125597 , 1572825200.330359
0.75854397601 , 0.675035187125 , 0.0236735118405 , -4.67206e-05 , -0.00104579 , -41.0 , 23.0 , 0.0 , -31.965313722635322 , 31.961998595744184 , -0.07672044447391567 , 0.000242051 , -0.00132717 , 0.00854835263711 , 1572825200.4740217
0.764101981934 , 0.663122272162 , 0.0313196150436 , -0.000100799 , -0.00102884 , -29.0 , 22.0 , 0.0 , -27.27346411598101 , 31.97543391171879 , -0.40672746581337016 , 0.00127979 , -0.00161424 , 0.00460366527065 , 1572825200.613443
0.769526202846 , 0.653788738732 , 0.032937059952 , -5.75011e-05 , -0.00102008 , -17.0 , 21.0 , 0.0 , -25.629781549502546 , 31.916035698720545 , -0.6037285822993782 , 0.00229156 , -0.000456904 , 0.00325881918345 , 1572825200.7649467
0.775078402206 , 0.645446060066 , 0.0313196150436 , -0.000107146 , -0.00100462 , -17.0 , 23.0 , 0.0 , -25.190103406140157 , 31.92592035674766 , -0.7598276220170275 , 0.0011301 , -0.000195634 , 0.00375892372553 , 1572825200.9082177
0.780258418525 , 0.637726056516 , 0.0295551296891 , -0.000115714 , -0.00100324 , -11.0 , 21.0 , 0.0 , -25.279559018687046 , 31.848781824343718 , -0.8866972387380513 , 0.000923736 , -0.000185508 , 0.00494318115887 , 1572825201.0510957
0.785752650889 , 0.630369965861 , 0.0252909567488 , -0.000108518 , -0.00101742 , -11.0 , 17.0 , 0.0 , -25.59393878203545 , 31.950360999837617 , -0.9940389363437453 , 0.00126754 , -0.000917634 , 0.00328929926313 , 1572825201.1950758
0.791261720282 , 0.623075523736 , 0.02058566247 , -6.43469e-05 , -0.000999471 , -17.0 , 27.0 , 0.0 , -26.192895083589683 , 31.857686821944945 , -1.0760856467590003 , 0.00262593 , -0.000211844 , 0.00667520550004 , 1572825201.334077
0.796597594437 , 0.615445003064 , 0.0173507726533 , -9.71385e-05 , -0.00100488 , -17.0 , 21.0 , 0.0 , -26.855446154053492 , 31.72939529987419 , -1.1389558154516566 , 0.00131873 , -0.000352847 , 0.00437568394224 , 1572825201.4775412
0.801762156056 , 0.607878543162 , 0.0145570041752 , -0.000144728 , -0.00102981 , -17.0 , 23.0 , 0.0 , -27.339114611774864 , 31.669343365673644 , -1.1821629468734387 , -0.00102506 , -0.00102757 , 0.00768864020933 , 1572825201.620962
0.807103976157 , 0.599965285046 , 0.0117632356971 , -0.000105711 , -0.00102314 , -17.0 , 22.0 , 0.0 , -27.833246958406395 , 31.67816419474895 , -1.2037433812958653 , 9.88825e-05 , -0.000798 , 0.00531834924887 , 1572825201.760241
0.812230780322 , 0.591978985704 , 0.00999875034257 , -0.000117725 , -0.00102681 , -17.0 , 22.0 , 0.0 , -28.23346787869301 , 31.567419819672743 , -1.1996700379117133 , -0.00038178 , -0.00089845 , 0.00745066871123 , 1572825201.9032443
0.817294259722 , 0.584066977666 , 0.008234264988 , -0.000119127 , -0.00101083 , -11.0 , 23.0 , 0.0 , -28.56439202932665 , 31.5507869995478 , -1.1722553526133295 , 0.000778186 , -0.000716861 , 0.00443343315646 , 1572825202.0468292
0.822537782109 , 0.576091767828 , 0.00573457740235 , -0.000102062 , -0.00102955 , -11.0 , 21.0 , 0.0 , -28.9348900697668 , 31.54737124366106 , -1.1184838417466405 , 0.00152453 , -0.00100645 , 0.0062595543585 , 1572825202.1860883
0.827667458992 , 0.567600050711 , 0.00499937517128 , -9.20986e-05 , -0.000998274 , -17.0 , 21.0 , 0.0 , -29.34538256883224 , 31.423461968831575 , -1.0376169722536785 , 0.00193846 , -0.000163988 , 0.00549607060575 , 1572825202.3291943
0.832693275569 , 0.559271704722 , 0.00426417294021 , -0.000177856 , -0.00102193 , -11.0 , 11.0 , 0.0 , -29.500119821719633 , 31.338832077529165 , -0.9316424470056253 , 7.40653e-05 , -0.000664741 , 0.00618260590756 , 1572825202.4727664
0.83780998413 , 0.550884203811 , 0.00323488981671 , -0.000136297 , -0.000999905 , -23.0 , 16.0 , 0.0 , -29.721946616805592 , 31.291948382052244 , -0.7963245753844934 , -0.000857536 , 0.000150096 , 0.00700720017329 , 1572825202.6119492
0.842968343984 , 0.541904909027 , 0.00352897070914 , -3.39049e-05 , -0.0010255 , -17.0 , 22.0 , 0.0 , -29.957533562272673 , 31.175651947131293 , -0.6311908615149197 , 0.00296415 , -0.000519638 , 0.00573825266631 , 1572825202.763603
0.848370008511 , 0.53329117307 , 0.00176448535457 , -9.77677e-05 , -0.00102588 , -23.0 , 21.0 , 0.0 , -29.939230845860852 , 31.016296678563034 , -0.43678126178178317 , 0.00110262 , -0.00102721 , 0.00740110240249 , 1572825202.9027538
0.853418282179 , 0.524360007637 , 0.00235264713943 , -0.000122744 , -0.000996672 , -23.0 , 22.0 , 0.0 , -30.17602288042003 , 30.705858583229183 , -0.2096934173489543 , 0.000970524 , -0.000135823 , 0.00542324632326 , 1572825203.0456529
0.858471413578 , 0.515599438595 , 0.00249968758564 , -1.7924e-05 , -0.00101203 , -23.0 , 23.0 , 0.0 , -30.18343530984341 , 30.566644056857506 , 0.04364763359950512 , 0.00417711 , -0.000973737 , 0.00559838760157 , 1572825203.189559
0.863671210602 , 0.506756162746 , 0.00220560669321 , -7.5545e-05 , -0.00101844 , -17.0 , 22.0 , 0.0 , -30.28548699241619 , 30.40834061837258 , 0.33068127844556466 , 0.00252225 , -0.00116637 , 0.00459594047919 , 1572825203.328806
0.868771997737 , 0.497743518961 , 0.00279376847807 , -7.85106e-05 , -0.00103795 , -23.0 , 22.0 , 0.0 , -30.40125906617616 , 30.151280413384935 , 0.6501565096164779 , 0.00153157 , -0.00128347 , 0.00797317289226 , 1572825203.4719296
0.873780057459 , 0.489180607657 , 0.00264672803186 , -0.000106595 , -0.00100025 , -17.0 , 23.0 , 0.0 , -30.42283957953553 , 29.929170315942358 , 1.0005612155718293 , 0.00197017 , -0.000807613 , 0.00301735397272 , 1572825203.6154692
0.878738542655 , 0.480588894398 , 0.00279376847807 , -0.00010609 , -0.0010129 , -23.0 , 16.0 , 0.0 , -30.64482297547624 , 29.740731827110842 , 1.3843045765556974 , 0.00125839 , -0.000738565 , 0.00499361022845 , 1572825203.7547145
0.883699227744 , 0.471662659421 , 0.00382305160157 , -0.000101972 , -0.00105457 , -17.0 , 22.0 , 0.0 , -30.852343250613632 , 29.55990161721949 , 1.7993335853727948 , 0.00142933 , -0.00155804 , 0.00617965384521 , 1572825203.9062889
0.888764808028 , 0.463021279916 , 0.00367601115536 , -0.000119133 , -0.00100305 , -11.0 , 16.0 , 0.0 , -30.912220295381267 , 29.3590674191292 , 2.2467944947491745 , 0.000849264 , -0.00042021 , 0.00408900025383 , 1572825204.0455496
0.893442620519 , 0.454210107645 , 0.00573457740235 , -0.000110693 , -0.00100452 , -17.0 , 11.0 , 0.0 , -31.145811429660668 , 29.08374444909799 , 2.7290300752714356 , 0.00052971 , -0.000546576 , 0.00195429424813 , 1572825204.1884284
0.898186149112 , 0.445548547242 , 0.0072049818645 , -0.00010285 , -0.00100058 , -23.0 , 16.0 , 0.0 , -31.203564743792956 , 29.001667685427925 , 3.242359486110695 , 0.000272277 , -0.000698476 , 0.00555987286701 , 1572825204.3322752
0.902847242412 , 0.436669778144 , 0.00970466945014 , -7.42889e-05 , -0.001012 , -17.0 , 16.0 , 0.0 , -31.355815183810424 , 28.86945005817953 , 3.7936127912600597 , 0.00147691 , -0.000699433 , 0.00685061185531 , 1572825204.4715433
0.907678117004 , 0.427552669517 , 0.0122043570358 , -0.00010332 , -0.000993815 , -19.0 , 15.0 , 0.0 , -31.387679062537998 , 28.767125088917773 , 4.3813365436513445 , 0.000864891 , -0.000398806 , 0.00492640994117 , 1572825204.6230001
0.912432948913 , 0.418614097568 , 0.0147040446214 , -0.000103518 , -0.00100699 , -20.0 , 15.0 , 0.0 , -31.35437919388924 , 28.559308219462622 , 5.0093884488596965 , 0.0011523 , -0.00062921 , 0.00410016239099 , 1572825204.7704298
0.917010821597 , 0.410075678449 , 0.0170566917608 , -0.000131224 , -0.0010002 , -20.0 , 19.0 , 0.0 , -31.388309403817576 , 28.379869917134027 , 5.67629186551858 , 0.000470438 , -0.000878856 , 0.00492198201754 , 1572825204.913824
0.921562769537 , 0.401407559641 , 0.0199975006851 , -0.000114848 , -0.00102958 , -16.0 , 15.0 , 0.0 , -31.568602114090673 , 28.282767477820926 , 6.380543395718391 , 0.000872901 , -0.00131628 , 0.00446528692819 , 1572825205.0572584
0.926087898697 , 0.392947421792 , 0.022644228717 , -0.000145134 , -0.00103444 , -20.0 , 15.0 , 0.0 , -31.681831781170583 , 28.186263475176982 , 7.12384754120925 , 0.00117928 , -0.00146399 , 0.0061345573577 , 1572825205.2007074
0.930641729397 , 0.384219985124 , 0.0260261589799 , -0.000139633 , -0.000991441 , -20.0 , 19.0 , 0.0 , -31.888537520970296 , 28.090754859714387 , 7.906275324661863 , 0.000118057 , -0.000248686 , 0.00437049835765 , 1572825205.3439176
0.935131211492 , 0.375393767679 , 0.0301432914739 , -0.000120981 , -0.00100514 , -16.0 , 19.0 , 0.0 , -31.974877222518757 , 27.967309586458196 , 8.729666346598579 , 0.000717556 , -0.000671041 , 0.00579035263147 , 1572825205.4871917
0.939804622682 , 0.366506708993 , 0.0338193026293 , -0.000120293 , -0.00100332 , -24.0 , 19.0 , 0.0 , -31.994184957207917 , 27.868167117890085 , 9.595115215929658 , 0.000617294 , -0.000304086 , 0.0030038120485 , 1572825205.6305547
0.944461364677 , 0.357663175349 , 0.0376423542308 , -0.000145904 , -0.00102829 , -24.0 , 15.0 , 0.0 , -32.02937220865402 , 27.659552236627896 , 10.505880443346701 , -0.000457988 , -0.000998294 , 0.00675607625465 , 1572825205.773982
0.948997353685 , 0.349083307107 , 0.0414654058324 , -0.000139592 , -0.00100165 , -20.0 , 11.0 , 0.0 , -32.07777979924833 , 27.44871735852563 , 11.458764530540396 , 0.000853542 , -0.000689155 , 0.00532643542882 , 1572825205.9178548
0.953778032173 , 0.340082247775 , 0.0455825383264 , -0.000159557 , -0.00100907 , -19.0 , 19.0 , 0.0 , -32.21806396557115 , 27.290273357776716 , 12.451134316109238 , -0.000750212 , -0.000918507 , 0.00475279067038 , 1572825206.0688343
0.958700045224 , 0.33093790527 , 0.0496996708204 , -0.000129982 , -0.00100515 , -24.0 , 15.0 , 0.0 , -32.21413218008931 , 26.992045498452896 , 13.49242905602503 , 0.000690846 , -0.000706206 , 0.00572336879484 , 1572825206.2202084
0.963609947261 , 0.321839404027 , 0.0539638437606 , -0.000118775 , -0.00101216 , -20.0 , 19.0 , 0.0 , -32.17191994615823 , 26.608749475058733 , 14.580511511561925 , 0.000706507 , -0.000837801 , 0.00539041298655 , 1572825206.3678133
0.968564629698 , 0.312650334047 , 0.0585220975933 , -0.000125754 , -0.00100818 , -23.0 , 11.0 , 0.0 , -32.14242284962414 , 26.221459719795256 , 15.711981360153471 , 0.00207136 , -0.00105347 , 0.00515073529844 , 1572825206.5199182
0.973374456184 , 0.303361063769 , 0.0642566749956 , -9.9996e-05 , -0.00100606 , -24.0 , 11.0 , 0.0 , -32.07301494733665 , 25.801460172790062 , 16.889607242310042 , 0.00129925 , -0.000256857 , 0.00712872551199 , 1572825206.666798
0.977954764408 , 0.294725233014 , 0.0694030906131 , -0.000118044 , -0.00100737 , -20.0 , 19.0 , 0.0 , -31.90696024913657 , 25.452637708634608 , 18.112837436011077 , 0.00252741 , -0.00120594 , 0.00363529944204 , 1572825206.8101459
0.982637415377 , 0.285977092237 , 0.0746965466768 , -0.000145875 , -0.00101139 , -24.0 , 11.0 , 0.0 , -31.990550094599026 , 25.211351257292332 , 19.37146206540807 , 0.000505315 , -0.000964498 , 0.00481599434233 , 1572825206.9535363
0.98721529003 , 0.277326607156 , 0.0804311240792 , -0.000123066 , -0.001018 , -24.0 , 11.0 , 0.0 , -32.03526025906952 , 24.908501467795542 , 20.67944887575597 , 0.00169176 , -0.000740709 , 0.00794980970229 , 1572825207.0969028
0.99160487105 , 0.269243912375 , 0.0855775396967 , -8.89234e-05 , -0.00100885 , -20.0 , 11.0 , 0.0 , -32.08982427893424 , 24.652180451755942 , 22.030796339405956 , 0.00217052 , -0.000696618 , 0.00662160536659 , 1572825207.2402701
0.995987324273 , 0.260618934215 , 0.0921943597763 , -0.00017291 , -0.00101428 , -24.0 , 19.0 , 0.0 , -32.3658250460699 , 24.47778176482556 , 23.414944126064256 , 2.67368e-06 , -0.000807698 , 0.00347453444799 , 1572825207.3836012
1.00062463111 , 0.251985324168 , 0.0985170989635 , -9.28634e-05 , -0.00102132 , -24.0 , 15.0 , 0.0 , -32.38509935380399 , 24.282989413000813 , 24.82954435609886 , 0.00158737 , -0.000944123 , 0.00697936599339 , 1572825207.5269606
1.00514723738 , 0.243617148489 , 0.104839838151 , -0.000157739 , -0.00102014 , -20.0 , 7.0 , 0.0 , -32.42391135882437 , 23.97360503216978 , 26.324917264849343 , 0.000267144 , -0.000895723 , 0.00454233171663 , 1572825207.6702976
1.00954186198 , 0.235146342562 , 0.112338900908 , -0.000141732 , -0.00100636 , -20.0 , 11.0 , 0.0 , -32.551396443167924 , 23.71271018879319 , 27.860473715468554 , 0.00161236 , -0.000295291 , 0.00451288725243 , 1572825207.8136415
1.01055732818 , 0.223986824839 , 0.108074727967 , -0.000114369 , -0.00104937 , -24.0 , 7.0 , 41.0 , -32.57893591790892 , 23.516335915779013 , 29.444992176429608 , 0.00171022 , -0.00167492 , 0.00666617535453 , 1572825207.9608512
1.00020377984 , 0.204119696563 , 0.0677856457048 , -0.000130546 , -0.00103449 , -23.0 , 15.0 , 56.0 , -32.46560675220627 , 23.086367387525577 , 28.98795434911822 , 0.00236619 , -0.00223314 , 0.00498987988519 , 1572825208.1126778
0.993056160154 , 0.18795333088 , 0.0392597991392 , -0.000207513 , -0.000974924 , -23.0 , 19.0 , 34.0 , -31.762534682793834 , 22.199879190843475 , 21.861454958379888 , -0.0015207 , 0.000369729 , 0.0038186358726 , 1572825208.264196
0.989701167582 , 0.174736627548 , 0.0238205522867 , -0.000143794 , -0.00102673 , -23.0 , 15.0 , 22.0 , -31.528935725918657 , 21.703919199729523 , 16.948182377678688 , 0.000718025 , -0.00214244 , 0.00556675615208 , 1572825208.4157114
0.986993127399 , 0.164471959646 , 0.0213208647011 , -0.000163501 , -0.00103371 , -15.0 , 3.0 , 11.0 , -31.44537296999002 , 21.397066573375767 , 14.370227250327021 , -0.000254425 , -0.00157518 , 0.00578502637072 , 1572825208.5672348
0.98554851785 , 0.157315425491 , 0.0323488981671 , -0.000155892 , -0.00100078 , -16.0 , 0.0 , 0.0 , -31.521175664158076 , 22.137776291290166 , 13.251785322178721 , -1.65757e-05 , -0.000235847 , 0.00520597146758 , 1572825208.7148066
0.985763573628 , 0.150669735225 , 0.0498467112666 , -0.000127486 , -0.00102061 , -24.0 , 0.0 , 0.0 , -31.77014088653472 , 23.816344499006412 , 13.82307162096539 , 0.000548345 , -0.00117965 , 0.00534189538721 , 1572825208.8661418
0.986097659647 , 0.143973019147 , 0.0674915648123 , -0.000159626 , -0.00100731 , -24.0 , 0.0 , 0.0 , -31.79206258882847 , 25.483140242431748 , 15.352941910647507 , 0.000460719 , -0.00108841 , 0.00401443735848 , 1572825209.013709
0.986542313596 , 0.137394736433 , 0.0848423374656 , -0.000127164 , -0.00100651 , -20.0 , 0.0 , 0.0 , -31.79016471138426 , 27.090872775826956 , 16.94473435441013 , 0.00131913 , -0.000427232 , 0.00563471980148 , 1572825209.1611698
0.987124707735 , 0.130546786647 , 0.10292831235 , -0.000159059 , -0.000981996 , -24.0 , 0.0 , 0.0 , -31.844746624370643 , 28.641996750590604 , 18.596258099658215 , 0.000241976 , 0.000107928 , 0.00400177085524 , 1572825209.3087592
0.987899078639 , 0.123520932489 , 0.121308368127 , -0.000148717 , -0.000996967 , -20.0 , 0.0 , 0.0 , -31.769702449382276 , 30.12933639716543 , 20.315332704062115 , 0.000485622 , -0.000332588 , 0.00307309387176 , 1572825209.4596627
0.994560888062 , 0.11406030554 , 0.122778772589 , -0.000128031 , -0.00100654 , -20.0 , 53.0 , 0.0 , -31.62059983246019 , 31.525702189292595 , 22.10467976855666 , 0.000550533 , -0.000743021 , 0.00376634211046 , 1572825209.607526
1.01284988367 , 0.0997933480645 , 0.0911650766528 , -0.000127802 , -0.00100221 , -23.0 , 57.0 , 0.0 , -31.719197784554723 , 29.861241974806408 , 24.134523173020884 , 0.000953317 , -0.000673799 , 0.00180229006184 , 1572825209.759264
1.026112772 , 0.0875959210835 , 0.0711675759677 , -7.88523e-05 , -0.0010421 , -16.0 , 38.0 , 0.0 , -32.28849868044488 , 22.197894836156642 , 26.631288593065477 , 0.00277822 , -0.00151431 , 0.0048216325435 , 1572825209.906514
1.0331173649 , 0.0764436932995 , 0.0611688256251 , -0.000123894 , -0.00100495 , -20.0 , 22.0 , 3.0 , -32.813413452746104 , 16.923976641120145 , 28.80184232518755 , 0.00161909 , -0.000717976 , 0.00257619094267 , 1572825210.0539536
1.02371659464 , 0.0565828085261 , 0.0172037322071 , -0.000133306 , -0.000998958 , -23.0 , 15.0 , 57.0 , -33.06538877418837 , 14.118155926381316 , 30.04549874376082 , 0.00131936 , -0.000595297 , 0.00278291220212 , 1572825210.2056782
1.01367597403 , 0.0410141127201 , -0.00867538632664 , -9.36498e-05 , -0.00102628 , -20.0 , 0.0 , 38.0 , -32.59831561983985 , 12.366134073354365 , 23.353568829722484 , 0.00197944 , -0.00100385 , 0.00694036176164 , 1572825210.3572023
1.00622652521 , 0.0301826340927 , -0.0148510850676 , -0.000155884 , -0.00102549 , -20.0 , 0.0 , 23.0 , -32.40210639382431 , 12.538986770176173 , 18.289086720135476 , -0.000432575 , -0.00108183 , 0.00630478958567 , 1572825210.5045807
1.00149685106 , 0.0212838941778 , -0.0122043570358 , -0.000170572 , -0.000995032 , -16.0 , 0.0 , 15.0 , -32.52027729212746 , 13.914540972233723 , 15.911205417270354 , 0.000708119 , -0.000406148 , 0.00418201687956 , 1572825210.6478872
0.998494821538 , 0.013218001837 , -0.004117132494 , -0.000176612 , -0.000973437 , -20.0 , 0.0 , 3.0 , -32.717886105632 , 15.352786641253605 , 15.150781989945319 , -0.000151011 , 0.000224578 , 0.0041608803017 , 1572825210.791208
0.997983325267 , 0.00651500657114 , 0.0113221143585 , -0.000106714 , -0.000993175 , -20.0 , 0.0 , 0.0 , -32.84904293929225 , 16.747491229982565 , 15.354553043235882 , 0.000888227 , -0.000147064 , 0.00419315496413 , 1572825210.9345393
0.998063034606 , -0.00052483874965 , 0.0298492105815 , -0.000143446 , -0.000989506 , -20.0 , 0.0 , 0.0 , -32.96654208403649 , 18.08818422633012 , 16.932604189409357 , 0.00139116 , 1.17019e-05 , 0.00362737220043 , 1572825211.082051
0.998274818285 , -0.00761784966144 , 0.0485233472507 , -0.000155852 , -0.0010064 , -20.0 , 0.0 , 0.0 , -32.78691113593216 , 19.36989390618757 , 18.832757558779722 , -0.000239769 , -0.000860383 , 0.00533998557467 , 1572825211.233394
0.998619013194 , -0.0147056692123 , 0.0671974839199 , -0.000177064 , -0.000995268 , -20.0 , 0.0 , 0.0 , -32.57798832038132 , 20.586349037848887 , 20.79555213268807 , 8.70929e-05 , -0.000338061 , 0.00501589317329 , 1572825211.3811374
0.999103003027 , -0.0218973243144 , 0.0861657014815 , -0.00015998 , -0.00100336 , -20.0 , 0.0 , 0.0 , -32.366924251670476 , 21.73772427581178 , 22.821285347134825 , 0.000108912 , -0.000701399 , 0.00416350079662 , 1572825211.5287979
0.999732927663 , -0.0291898419742 , 0.104986878597 , -0.000175708 , -0.000990639 , -24.0 , 0.0 , 0.0 , -32.100911460941695 , 22.82229321716107 , 24.91223318375395 , -1.20303e-05 , -0.000264508 , 0.00311627924138 , 1572825211.6767447
1.0005058418 , -0.0365247805266 , 0.124396217497 , -0.000154991 , -0.00100299 , -24.0 , 0.0 , 0.0 , -31.807257773979597 , 23.812036419470658 , 27.04368733939112 , 0.000444372 , -0.000502259 , 0.00521161703328 , 1572825211.823341
1.00145858415 , -0.0437541673259 , 0.143364435059 , -0.000192496 , -0.00102991 , -24.0 , 0.0 , 0.0 , -31.459784955866848 , 24.761412709042876 , 29.2684033717684 , 0.000333906 , -0.00102856 , 0.00570568646557 , 1572825211.9748893
