0.00222591651636 , 0.00346427291281 , 0.0010292831235 , -0.000360732 , -0.00038724 , 3 , 0 , -15 , 318.3098861837907 , -21.322719236447313 , -296.9871669473434 , -0.000952598 , -0.000529944 , 0.00607600472754 , 1585858081.3194013
0.0390807378467 , 0.067954479902 , -0.000294080892428 , -0.000419823 , -0.000374549 , 165 , 0 , -169 , 304.2363748444688 , 5.769826220557698 , -309.81945139850814 , -0.00145027 , 0.00016194 , 0.00150754826278 , 1585858081.4663255
0.0898668370455 , 0.154741935047 , 0.00264672803186 , -0.000527657 , -0.000296806 , 192 , 0 , -194 , 269.65208574159607 , 31.42493874038249 , -301.13038152955534 , -0.00011898 , 0.000549745 , 0.00150163342448 , 1585858081.6141837
0.143433818186 , 0.246296137391 , 0.00691090097207 , -0.000645477 , -0.000147815 , 195 , 0 , -202 , 225.72379483950564 , 58.38901723685844 , -283.6325986481738 , -0.00101936 , 0.000498702 , 0.00612476847993 , 1585858081.7615995
0.198297516973 , 0.338955677519 , 0.0117632356971 , -0.000728945 , -0.000204569 , 195 , 0 , -203 , 178.6276122419192 , 85.1390786751991 , -262.5128002990659 , -0.00117152 , -0.00048286 , 0.00282111403011 , 1585858081.9128258
0.274358138677 , 0.422328189594 , -0.0385245969081 , -0.000317715 , -0.000248133 , 195 , 88 , -208 , 129.1770683335341 , 111.70679572821254 , -238.7495821586786 , 0.00142072 , 2.1689e-05 , 0.00376642624088 , 1585858082.0605576
0.363723979865 , 0.495741424771 , -0.10719248529 , -0.000180934 , -0.000168771 , 186 , 108 , -211 , 89.24168307746137 , 116.51842210757319 , -212.74987841758235 , 0.00131031 , 0.000703201 , 0.00657920328506 , 1585858082.212099
0.459742108302 , 0.55720224812 , -0.173066605194 , -0.000312036 , -0.000244181 , 167 , 113 , -211 , 51.57055284906709 , 116.54551893973768 , -187.56471563051224 , 0.000503729 , -0.000210746 , 0.004968744369 , 1585858082.363691
0.557833431714 , 0.602959878477 , -0.219237305305 , -0.000260891 , -0.000336339 , 137 , 113 , -209 , 14.228547086200805 , 117.8588441173947 , -163.4880137024839 , -0.000405928 , -0.000725864 , 0.00231262440871 , 1585858082.515214
0.653129794361 , 0.626148668164 , -0.223060356907 , -0.000302247 , -0.000249649 , 84 , 117 , -203 , -22.86361668132678 , 122.3103178627213 , -139.22438014982495 , -0.000389651 , 0.000165653 , 0.0019357814459 , 1585858082.6667993
0.742001372545 , 0.626386447568 , -0.175272211887 , -0.000359382 , -0.000210356 , 15 , 119 , -198 , -58.37848862495142 , 129.101224363735 , -111.19405632571113 , 0.00127551 , 0.000194008 , 0.00485596043117 , 1585858082.8142145
0.827744192041 , 0.621331245033 , -0.114838588493 , -0.000304601 , -0.00020007 , 0 , 124 , -188 , -90.10822994267926 , 134.0131161784807 , -75.70568659151513 , -0.000359012 , 0.000172236 , 0.000905276467076 , 1585858082.9653227
0.909689247861 , 0.608363837766 , -0.0423476485097 , -0.00021224 , -0.000219292 , -69 , 128 , -170 , -120.32197900190378 , 134.86210691964183 , -35.376054996439656 , 0.00204548 , -0.000240722 , 0.00481270958809 , 1585858083.1131678
0.983525325001 , 0.575790402936 , 0.0520523179598 , -0.000355564 , -0.000196576 , -108 , 131 , -130 , -145.43279269600075 , 128.7863853230075 , 8.96299252194834 , -0.000779622 , -9.40821e-05 , 0.00672821370628 , 1585858083.2646735
1.03951535183 , 0.529750191754 , 0.100869746103 , -0.000317807 , -0.00013109 , -128 , 128 , -22 , -160.93860724591082 , 114.37101520971359 , 56.011789457273245 , -0.0022659 , 0.00117993 , 0.00701650375379 , 1585858083.4121406
1.07830492663 , 0.469905579866 , 0.109692172876 , -0.000506493 , -0.000197434 , -140 , 123 , 3 , -169.20162908652063 , 100.10997594089146 , 87.39312046443754 , 6.13252e-05 , -1.48561e-05 , 0.00641230046426 , 1585858083.559787
1.11102895428 , 0.406166178883 , 0.122631732143 , -0.000226078 , -0.000195749 , -152 , 111 , 54 , -174.36279414863245 , 89.68768866512879 , 104.57728422961301 , -0.000148237 , 0.000315777 , 0.00386297297661 , 1585858083.7071671
1.12365713283 , 0.32744142747 , 0.0941058855771 , -0.000330233 , -0.00023624 , -159 , 97 , 102 , -177.45946360320445 , 78.0175849788286 , 121.69176746386006 , -0.000782653 , -0.000544607 , 0.0059917822547 , 1585858083.8587718
1.12551009308 , 0.244469057487 , 0.0620510683024 , -0.000257493 , -0.000364026 , -166 , 83 , 114 , -180.31210560747127 , 73.24570662517614 , 124.14065420683936 , -0.000917555 , -0.000829381 , 0.00125621014599 , 1585858084.006146
1.12007878145 , 0.160212920916 , 0.034995626199 , -0.000291007 , -0.000317576 , -171 , 76 , 121 , -181.44635750703603 , 69.49628033668976 , 123.2084142090301 , 0.000937586 , -0.000146471 , 0.0092269680558 , 1585858084.1576889
1.10982173843 , 0.0756260070412 , 0.0141158828366 , -0.000947568 , 0.000149806 , -170 , 73 , 121 , -182.1035619885754 , 65.2823362579926 , 123.17071439221017 , -0.00311351 , 0.00264405 , 0.00498920793829 , 1585858084.3050532
1.0963509438 , -0.00886055096383 , -0.00117632356971 , -8.99218e-05 , -0.000315509 , -173 , 66 , 124 , -180.89944908421998 , 59.64955566307813 , 123.81103170482345 , 0.00583982 , -0.000900407 , 0.00912222140791 , 1585858084.4567904
1.08009020852 , -0.0927104108068 , -0.0111750739123 , -0.0002791 , -0.000307655 , -173 , 62 , 121 , -179.1766618777417 , 52.35344306166785 , 126.60979062576702 , 0.00304508 , -0.000548882 , 0.00316133642968 , 1585858084.6040676
1.06062440348 , -0.176059703074 , -0.0155862872987 , -0.000564894 , -0.000184949 , -178 , 55 , 124 , -175.62224888135262 , 43.354860883715766 , 130.23982018972217 , -0.00150184 , 0.000914416 , 0.00441569839063 , 1585858084.7554579
1.03780526723 , -0.258381660258 , -0.0157333277449 , -0.000263177 , -0.000312598 , -174 , 44 , 128 , -171.1992644199412 , 32.641769524482946 , 135.72957137389307 , -4.59966e-05 , -3.71797e-05 , 0.00546897981464 , 1585858084.9030492
1.01136592217 , -0.339330255323 , -0.0107339525736 , -0.000304467 , -0.000176272 , -174 , 38 , 132 , -164.87699683859165 , 20.646182328333715 , 141.37621246490443 , -0.000348967 , 0.0016619 , 0.00571052233803 , 1585858085.0545452
0.980899213718 , -0.418574324772 , -0.00161744490836 , -0.00026135 , -0.00037408 , -171 , 24 , 136 , -157.39213545188696 , 7.180374760346793 , 148.26422845499056 , -0.00115757 , -0.00131123 , 0.00346505839516 , 1585858085.2019858
0.945450937698 , -0.495178096405 , 0.0148510850676 , -0.000339048 , -0.000359072 , -172 , 0 , 141 , -147.75475600885682 , -7.050829335464013 , 154.51212158264892 , -0.000192819 , 0.000141182 , 0.00555999830427 , 1585858085.349483
0.907695016012 , -0.569586298463 , 0.0302903319201 , -0.000348184 , -0.000255828 , -165 , 0 , 143 , -136.0190632888 , -22.053762286091256 , 160.76735647751465 , -0.000331911 , 0.000651352 , 0.00512466041824 , 1585858085.5004194
0.867714966909 , -0.646543549602 , 0.0367601115536 , -0.000302739 , -0.000120587 , -157 , 0 , 150 , -123.47262004776921 , -37.89976037471589 , 166.86815632288526 , -0.00102968 , 0.000948719 , 0.00263791086009 , 1585858085.6524293
0.828604469844 , -0.718041072192 , 0.0313196150436 , -0.000324871 , -0.000101735 , -145 , 0 , 156 , -109.76514119005112 , -54.276181545522654 , 170.7109536826614 , 0.000346713 , 0.000473466 , 0.00709583797014 , 1585858085.8000515
0.784577682339 , -0.78387633678 , 0.0208797433624 , -0.000424287 , -0.000190038 , -128 , -37 , 161 , -97.89933838540524 , -69.99462999649018 , 173.57649394881403 , -0.00149444 , -8.70112e-05 , 0.00478553134975 , 1585858085.9473562
0.720429121588 , -0.836297159097 , 0.0476411045734 , -0.000371526 , -0.000285307 , -112 , -82 , 164 , -87.20629460350493 , -84.507860801819 , 175.5025057832697 , 0.000162345 , -0.000457023 , 0.0036084027432 , 1585858086.0990129
0.653507721827 , -0.884658395287 , 0.0691090097207 , -0.000134688 , -0.000301975 , -100 , -89 , 166 , -71.3011062248398 , -96.56405931605505 , 176.50900724832033 , 0.00202401 , -0.000689047 , 0.00582478126291 , 1585858086.2464666
0.584902158577 , -0.928529554123 , 0.0794018409557 , -0.00024777 , -0.000311852 , -81 , -93 , 169 , -55.52763321802605 , -107.10866449071321 , 175.1752038892639 , 0.000769154 , 7.89026e-05 , 0.0032446605234 , 1585858086.397831
0.513656735739 , -0.966540477601 , 0.0804311240792 , -0.000312142 , -0.000350534 , -66 , -104 , 171 , -41.64052792596258 , -117.14707793249013 , 173.1940087041619 , -0.000733099 , -0.000276793 , 0.005266444499 , 1585858086.5451314
0.439605553614 , -0.998239349743 , 0.0738143039995 , -0.000270662 , -0.00021236 , -50 , -114 , 170 , -29.772827044862954 , -125.27349062984425 , 169.63947018693483 , 0.000204185 , 0.000341089 , 0.00221813375353 , 1585858086.6969442
0.363054191757 , -1.02404226308 , 0.0607277042865 , -0.000311565 , -0.000265816 , -35 , -118 , 171 , -19.704377054049075 , -132.91678492162353 , 166.01378091742447 , -0.00179419 , -0.000196032 , 0.00210090334981 , 1585858086.8442428
0.284220922346 , -1.04386576316 , 0.0448473360953 , -0.000286521 , -0.00038814 , -23 , -129 , 171 , -11.26459348712479 , -138.84592676005914 , 161.12875057177263 , 0.00074605 , -0.000520931 , 0.0018780609621 , 1585858086.9918213
0.203580955062 , -1.05811168281 , 0.0273495229958 , -0.000517277 , -0.00025055 , -19 , -132 , 168 , -3.5336852377567984 , -144.04559459603746 , 155.71622958924112 , 0.000127869 , 0.000606155 , 0.00319575925013 , 1585858087.1433165
0.122460644343 , -1.06558508765 , 0.0072049818645 , -0.000298455 , -0.000323575 , 0 , -139 , 163 , 4.127525526771777 , -149.32542521821225 , 150.16010511607357 , 0.00175702 , -0.00120939 , 0.00694716706612 , 1585858087.2912264
0.0410447852619 , -1.06916110745 , -0.00852834588042 , -0.000208938 , -0.000301884 , 0 , -142 , 162 , 10.709313192290711 , -153.4599441165585 , 144.05787858989694 , 0.000526376 , -0.000403207 , 0.00556764337028 , 1585858087.4381828
-0.0404058212056 , -1.07011483501 , -0.0172037322071 , -0.000325167 , -0.000336393 , 0 , -146 , 155 , 18.851212956759927 , -157.39821966362445 , 136.99965232714018 , 0.000361447 , -0.000730001 , 0.0036676043126 , 1585858087.5856433
-0.121302997365 , -1.06883473161 , -0.0177918939919 , -0.000315007 , -0.00025134 , 0 , -152 , 148 , 29.61316642240226 , -161.4541501024483 , 128.719596396809 , -0.000316782 , 0.000601961 , 0.00415146738041 , 1585858087.7329707
-0.20482611169 , -1.06553230343 , -0.00867538632664 , -0.000264141 , -0.00018451 , 0 , -158 , 140 , 43.20967205536842 , -165.3919409987866 , 118.95416756502775 , -0.00107154 , 0.000872362 , 0.00581992283635 , 1585858087.885236
-0.282842701484 , -1.06108373301 , 0.0107339525736 , -0.000179288 , -0.000161882 , 0 , -157 , 128 , 60.458118459044925 , -168.7194427795149 , 106.68729141695728 , 0.00136245 , 0.000858096 , 0.0020429336907 , 1585858088.0319505
-0.359783021636 , -1.03885972067 , -0.002058566247 , -0.000290553 , -0.00014851 , 70 , -164 , 116 , 80.35240473303227 , -171.23379240453718 , 92.82891990805449 , -0.00068171 , 0.00079756 , 0.00531635076738 , 1585858088.183636
-0.433891774864 , -1.00364529398 , -0.0248498354102 , -0.000348743 , -0.000194823 , 85 , -166 , 102 , 89.74063410324923 , -173.20527731774195 , 83.09114388145578 , -0.00139184 , 0.000331997 , 0.00713130765232 , 1585858088.3311775
-0.503827300613 , -0.962390963342 , -0.0388186778006 , -0.000269741 , -0.000280273 , 89 , -167 , 87 , 93.89748894206154 , -173.5809294380424 , 75.17476997574964 , -0.000300118 , -0.000207842 , 0.00625595047095 , 1585858088.4831636
-0.570563471155 , -0.917637260154 , -0.0451414169878 , -0.000321188 , -0.000264091 , 89 , -167 , 80 , 99.98843349431024 , -173.85630382617603 , 66.82474005174124 , -5.81229e-05 , 0.000360901 , 0.00334992462747 , 1585858088.6301224
-0.634407532509 , -0.869420121596 , -0.0445532552029 , -0.000259995 , -0.000198638 , 97 , -167 , 69 , 107.00443102918369 , -172.3506089927892 , 57.15587116058192 , 0.000827556 , 0.00078278 , 0.00217612103688 , 1585858088.7815177
-0.695421014946 , -0.817956217713 , -0.0392597991392 , -0.000295201 , -0.000172474 , 104 , -173 , 61 , 115.99131068357492 , -170.26512866229874 , 46.19022527085362 , 0.00092677 , 0.000673282 , 0.00802915550758 , 1585858088.9290557
-0.753763470668 , -0.763408727634 , -0.0304373723663 , -0.000222951 , -0.000264578 , 108 , -170 , 51 , 125.06277564981082 , -166.21323884840515 , 34.02729734710475 , 0.00113126 , 0.000535572 , 0.00149049294895 , 1585858089.0769053
-0.809020745007 , -0.705210145972 , -0.0198504602389 , -0.000258388 , -0.000242188 , 119 , -166 , 36 , 134.4102556000589 , -160.66082105862566 , 20.728111034378244 , -0.000670337 , 0.000681378 , 0.00318214812862 , 1585858089.2281258
-0.860352481245 , -0.643274899373 , -0.00632273918721 , -0.000400927 , -0.000483055 , 128 , -167 , 22 , 143.82773783573134 , -153.98441703392396 , 6.555078486765279 , -0.00129541 , -0.0015296 , 0.00205274618081 , 1585858089.3754566
-0.906536403819 , -0.577467706227 , 0.0124984379282 , -0.000294815 , -0.000117781 , 135 , -165 , 7 , 152.0172229389213 , -145.16132036506255 , -8.003079096757833 , 0.000328388 , 0.00168571 , 0.00400991602699 , 1585858089.5270517
-0.952085047591 , -0.506930061231 , 0.0280847252269 , -0.000323261 , -0.000162273 , 139 , -156 , 0 , 160.32341148445727 , -134.84217051055234 , -23.213566451895144 , -0.000510027 , 0.00112631 , 0.00434262074201 , 1585858089.6792226
-0.994552503697 , -0.439257449292 , 0.0317607363823 , -0.000290844 , -0.000179646 , 150 , -147 , 0 , 166.47245849743464 , -122.4391597675423 , -38.93770068631744 , -0.000615536 , 0.00065951 , 0.00411765812954 , 1585858089.826142
-1.03437185551 , -0.371481665858 , 0.0222031073783 , -0.00036124 , -0.000336577 , 154 , -137 , 0 , 170.99342367363792 , -111.05564219589978 , -54.17522033945446 , -0.00223189 , -0.000706127 , 0.00869452590334 , 1585858089.9735205
-1.07029350322 , -0.303563665303 , -0.00132336401593 , -0.000252569 , -0.000333846 , 157 , -126 , 0 , 174.1803253875641 , -101.23291768591676 , -68.91895060960644 , -0.000254171 , -0.000795166 , 0.00129739003799 , 1585858090.120922
-1.09594255909 , -0.23240031451 , -0.0217619860397 , -0.000210157 , -0.00038431 , 163 , -111 , -55 , 176.44064358366012 , -93.83464763447842 , -82.84610266327688 , 0.00130646 , -0.00147071 , 0.00201846099378 , 1585858090.268347
-1.09404546131 , -0.14746298476 , 0.0147040446214 , -9.01381e-05 , -0.000352303 , 166 , -103 , -112 , 178.01406303261857 , -86.6749781855844 , -95.28750636771001 , 0.00266339 , -0.000630728 , 0.00591238494841 , 1585858090.4199321
-1.08978993552 , -0.061678323129 , 0.048082225912 , -0.00015187 , -0.000338897 , 166 , -92 , -114 , 178.19521850343386 , -70.60027405181638 , -104.92709207278244 , 0.000797243 , -0.000382983 , 0.00318788133911 , 1585858090.5673492
-1.085264603 , 0.0224774342539 , 0.0667563625813 , -0.000237769 , -0.00048231 , 170 , -78 , -111 , 175.74882065188572 , -53.43636716688701 , -113.58857620620815 , 0.000191793 , -0.00140557 , 0.00263253680775 , 1585858090.718949
-1.07757751502 , 0.104807510408 , 0.0711675759677 , -0.000138144 , -0.000428196 , 173 , -59 , -110 , 172.47953040548163 , -37.82824388461448 , -122.53923672095608 , 0.00203056 , -0.000371761 , 0.00512309787324 , 1585858090.8665197
-1.06431462941 , 0.185521442181 , 0.0651389176729 , -0.000195268 , -0.000350053 , 170 , -45 , -121 , 167.71907616073491 , -24.677387324408272 , -130.12928332276505 , 0.000411089 , 4.94895e-05 , 0.00559251898391 , 1585858091.0178425
-1.04436849628 , 0.264822363423 , 0.0517582370674 , -0.000151808 , -0.000300877 , 171 , -27 , -125 , 162.9082623635316 , -13.713690457536607 , -137.37598586775582 , 0.000634258 , -0.000455846 , 0.00378159341929 , 1585858091.1652026
-1.01791665418 , 0.342536866743 , 0.0348485857528 , -0.000280327 , -0.000332816 , 167 , -13 , -132 , 157.10761008477016 , -4.79412026616785 , -142.92264944510296 , -0.000603183 , -6.89152e-05 , 0.000635223995839 , 1585858091.3167734
-0.985242595697 , 0.417783769569 , 0.0135277210517 , -0.00014322 , -0.000344362 , 166 , 0 , -139 , 151.33549571877336 , 3.3347323657698795 , -148.34741794670418 , 0.00296407 , -0.000387941 , 0.00321412020206 , 1585858091.4642248
-0.948431545713 , 0.490563173711 , -0.00441121338643 , -0.000171964 , -0.000258455 , 161 , 0 , -143 , 144.89287180450148 , 9.993596843514966 , -152.4320444594882 , 0.000730274 , -0.000449799 , 0.00323790084361 , 1585858091.6116724
-0.909114012652 , 0.56202265528 , -0.0151451659601 , -0.000407373 , -0.000333672 , 157 , 0 , -146 , 137.9187120078299 , 17.753667423731805 , -156.47273514521223 , -0.00115789 , -0.000551946 , 0.00129349778822 , 1585858091.7592535
-0.865999756421 , 0.635133580285 , -0.0177918939919 , -0.000402049 , -0.000282143 , 153 , 0 , -150 , 129.73789308808736 , 28.09112459107131 , -160.57690562935872 , -0.000825705 , 0.000361255 , 0.00734034092955 , 1585858091.910726
-0.823654474658 , 0.703005913351 , -0.0113221143585 , -0.000288849 , -0.000277734 , 142 , 0 , -154 , 119.39514730495814 , 41.61465238585602 , -164.23790106920455 , -0.000108787 , 0.000435696 , 0.00306422507584 , 1585858092.0581684
-0.780610695897 , 0.769126255642 , 0.00529345606371 , -0.000286312 , -0.000341257 , 133 , 0 , -158 , 108.0518574529585 , 57.7860960343808 , -167.89219981904225 , 0.000688132 , -0.000143468 , 0.00341284403765 , 1585858092.2056139
-0.722548082757 , 0.825030382046 , -0.0122043570358 , -0.0002587 , -0.00025421 , 124 , 69 , -158 , 94.49514650731743 , 77.11750223209987 , -170.65222188303667 , -0.000795094 , -0.000422302 , 0.00229164748773 , 1585858092.357099
-0.655527481397 , 0.872296734541 , -0.037054192446 , -0.000340506 , -0.000246414 , 108 , 83 , -165 , 85.2654521909122 , 85.33682837124044 , -172.81659803658573 , -0.00157119 , -0.000273244 , 0.00674176783081 , 1585858092.5045366
-0.585528875281 , 0.913538185243 , -0.0539638437606 , -0.000313034 , -0.000422699 , 96 , 87 , -165 , 77.50557760863715 , 89.21252935001505 , -173.44109495331645 , 0.00101453 , -0.00111416 , 0.00171116389885 , 1585858092.6560867
-0.513722059364 , 0.94922092335 , -0.060433623394 , -0.000176397 , -0.000301494 , 85 , 90 , -168 , 69.25540665325765 , 94.96966654588199 , -174.0160914294642 , 0.00108706 , 4.78865e-05 , 0.00408794525176 , 1585858092.8035684
-0.440685903455 , 0.980935217302 , -0.0594043402705 , -0.000176875 , -0.000199906 , 74 , 93 , -169 , 59.785089051110965 , 102.15402714305007 , -172.90398947117305 , 0.000136961 , 0.000602454 , 0.000624240626901 , 1585858092.9512546
-0.366159104074 , 1.00899575389 , -0.0536697628682 , -0.000199186 , -0.000300704 , 61 , 100 , -172 , 48.90414650173753 , 110.89393047549912 , -170.5762005877302 , 0.00144188 , -0.000875102 , 0.00210552918614 , 1585858093.102703
-0.290338545239 , 1.03301245233 , -0.0441121338643 , -0.000214458 , -0.000189312 , 50 , 104 , -168 , 36.653267579806645 , 121.00508407073687 , -167.3960128332914 , 0.000556771 , 0.000251552 , 0.00141087545448 , 1585858093.2500868
-0.213043978323 , 1.05253181935 , -0.0324959386133 , -0.000294755 , -0.000198986 , 42 , 114 , -171 , 23.305023584191083 , 130.76654481289924 , -162.0751255335954 , 0.00115428 , -0.00047744 , 0.00604483943285 , 1585858093.401757
-0.133848694617 , 1.06706428263 , -0.0197034197927 , -0.000265719 , -0.000240966 , 27 , 122 , -169 , 9.006141000977564 , 140.86860198945382 , -155.7706967476568 , -0.000103542 , -0.000460151 , 0.00116841752326 , 1585858093.5490415
-0.0536622764513 , 1.07635400077 , -0.00485233472507 , -0.000191637 , -0.000216469 , 15 , 129 , -164 , -5.603181262114173 , 149.29834474448094 , -147.27008567000576 , 0.000369972 , -6.87963e-05 , 0.000784547661085 , 1585858093.7003212
0.026782340531 , 1.08054548774 , 0.0108809930199 , -0.000211037 , -0.000295744 , 0 , 141 , -159 , -20.858175077563068 , 157.5366084933635 , -137.55882470081596 , 0.00143025 , -0.00040444 , 0.00206363952097 , 1585858093.848064
0.110381661132 , 1.08262861949 , 0.0170566917608 , -0.000208966 , -0.000147368 , 0 , 148 , -148 , -36.07229123546487 , 164.1353148476012 , -126.08881285179837 , 0.00196497 , 0.00130204 , 0.00238828994641 , 1585858093.9996295
0.189509363529 , 1.08266514501 , 0.0105869121274 , -0.00010038 , -0.000124694 , 0 , 151 , -140 , -51.57452107359429 , 168.80193854539246 , -114.1327087123495 , 0.00223478 , 0.0013214 , 0.00285456634724 , 1585858094.147086
0.266925073617 , 1.07921006362 , -0.00749906275692 , -0.000208847 , -0.000384771 , 0 , 158 , -128 , -66.35937760398987 , 172.27852734470673 , -103.99829602795562 , 0.000218545 , -0.00179799 , 0.0018946390319 , 1585858094.2946198
0.342638847889 , 1.05101112345 , 0.0129395592669 , -0.000173953 , -0.000301623 , -77 , 160 , -113 , -80.49660018783973 , 174.79604741312602 , -95.66005193849209 , 0.000695312 , -0.0002783 , 0.00218785027281 , 1585858094.4460719
0.416650315222 , 1.01598210205 , 0.0352897070914 , -0.000131055 , -0.000279675 , -89 , 166 , -102 , -92.3360865455632 , 176.72716184834792 , -82.04336520940988 , 0.00058058 , -0.000339938 , 0.00307301047051 , 1585858094.593602
0.488771121183 , 0.978272951486 , 0.0485233472507 , -0.000245549 , -0.000327158 , -93 , 170 , -88 , -102.72383344746692 , 176.37517102929422 , -67.24849187262325 , 5.23597e-05 , -0.00089785 , 0.00298586119181 , 1585858094.7450814
0.557936300481 , 0.936710919269 , 0.0523463988523 , -0.000241369 , -0.000253619 , -96 , 171 , -72 , -113.03374797678053 , 175.2102787123137 , -53.37261788537754 , 0.000759207 , -1.0848e-05 , 0.00320077232806 , 1585858094.8926213
0.623419898899 , 0.890092810896 , 0.0482292663583 , -0.000158109 , -0.000308033 , -108 , 172 , -55 , -121.77970398908111 , 172.27805423390794 , -41.000795776174066 , 0.00131771 , -0.000635058 , 0.00147419576888 , 1585858095.0440958
0.685034418796 , 0.838077309895 , 0.0392597991392 , -0.000251839 , -0.000274634 , -113 , 169 , -43 , -130.02576857737927 , 169.07587508674376 , -30.299550706785556 , 0.00014294 , -0.000865289 , 0.00140361383194 , 1585858095.1916194
0.742925645819 , 0.780826077224 , 0.0266143207648 , -0.00030662 , -0.000269703 , -123 , 172 , -29 , -136.60408963615367 , 164.55527324854557 , -20.82801776090229 , -0.00098011 , -0.000304673 , 0.00563779393606 , 1585858095.3429024
0.796984933615 , 0.719411056011 , 0.0113221143585 , -0.000249919 , -0.000320004 , -131 , 166 , -21 , -142.87588392897857 , 159.76480848306016 , -12.06011174839019 , 0.00144927 , -0.000169274 , 0.00165692308422 , 1585858095.4905794
0.846987495653 , 0.654151810542 , -0.00470529427885 , -0.000194073 , -0.000268816 , -135 , 169 , -18 , -147.93126307682743 , 153.86797474718327 , -3.8824653386528016 , 0.000274012 , 0.000604458 , 0.007947578303 , 1585858095.641697
0.892297924384 , 0.585853718565 , -0.0216149455935 , -0.000257044 , -0.000282704 , -140 , 162 , 0 , -153.0920077301623 , 147.75383338853266 , 4.484461580402451 , 8.67032e-05 , 0.000274271 , 0.00212465195607 , 1585858095.7895644
0.9356241449 , 0.512318015039 , -0.0352897070914 , -0.000290422 , -0.000316326 , -146 , 156 , 0 , -157.31107317683947 , 140.83812313391897 , 12.551207046032985 , -0.000895082 , -5.42416e-05 , 0.00430099848039 , 1585858095.9410672
0.97455745942 , 0.441111684072 , -0.0404361227089 , -0.000546646 , -0.000273669 , -149 , 154 , 0 , -161.07733210287412 , 132.50728658790604 , 22.16719980576398 , -0.00210628 , -0.000170277 , 0.00224451895978 , 1585858096.0885599
1.01141913167 , 0.36946733187 , -0.037054192446 , -0.00066286 , -0.000423908 , -154 , 144 , 0 , -165.12880716207962 , 123.46471853675602 , 34.327494583527276 , -0.000413358 , -0.000954207 , 0.00393975631691 , 1585858096.2359657
1.0461627462 , 0.298287157854 , -0.0239675927329 , -0.000100294 , -0.000198342 , -157 , 136 , 3 , -168.90070330022078 , 112.75405957883154 , 49.423655726724974 , 0.00265863 , 0.000693666 , 0.00759399804098 , 1585858096.3835301
1.07860374393 , 0.228064384379 , -0.00117632356971 , -1.49051e-05 , -0.000240256 , -161 , 126 , 0 , -172.12292476301388 , 100.11275516829583 , 67.66157021721695 , 0.00376419 , -3.95828e-05 , 0.00383785461233 , 1585858096.5309193
1.09167161991 , 0.148091303159 , -0.0192622984541 , -0.000233466 , -0.000183835 , -162 , 114 , 80 , -174.17938709964886 , 85.22620243622612 , 88.73975647311595 , -0.00136594 , 0.000614613 , 0.00230075837746 , 1585858096.6823864
1.0930413237 , 0.06594082565 , -0.04117132494 , -0.000243611 , -0.000238004 , -166 , 97 , 91 , -175.58321756558533 , 75.91889410268959 , 96.16943684662182 , 0.001113 , -0.000666371 , 0.00249995185378 , 1585858096.8299453
1.08707507823 , -0.0154047034694 , -0.0538168033144 , -0.000218858 , -0.000258648 , -170 , 85 , 95 , -175.56975677683502 , 67.90548171905236 , 100.19428839704457 , -5.51539e-05 , -0.000239115 , 0.00420355884555 , 1585858096.981508
1.07626321879 , -0.0955673402974 , -0.0582280167008 , -0.000164855 , -0.000165522 , -171 , 75 , 99 , -175.1916971506677 , 59.31886532374474 , 106.10849212038674 , 0.000807684 , 0.000458017 , 0.00557112010785 , 1585858097.128828
1.06116590287 , -0.174948563235 , -0.0569046526849 , -0.000142432 , -0.000228157 , -171 , 61 , 103 , -172.98993999933776 , 49.41883404863895 , 113.00641053051206 , 0.0015474 , -0.000322564 , 0.00549176356838 , 1585858097.2762005
1.04211010241 , -0.25336267077 , -0.0511700752825 , -9.08982e-05 , -0.000122281 , -170 , 51 , 106 , -169.44435918151223 , 38.27499553370359 , 120.84477494171706 , 0.00291054 , 0.000791164 , 0.00552375464032 , 1585858097.4277265
1.01944371697 , -0.330753652331 , -0.0410242844938 , -0.000223663 , -0.000194579 , -170 , 41 , 114 , -165.06441103190264 , 25.823122003842755 , 129.95716274971394 , 0.00153287 , -0.000302853 , 0.00666492189368 , 1585858097.5751822
0.992439627864 , -0.406957954651 , -0.0272024825496 , -0.000233304 , -0.000206939 , -167 , 27 , 125 , -158.40672733989155 , 12.157965833106722 , 138.80545336983505 , -0.000213072 , -0.000642149 , 0.00199905402173 , 1585858097.7267518
0.960446697561 , -0.481519171093 , -0.010292831235 , -0.000171221 , -0.000222296 , -164 , 17 , 129 , -150.41646570866118 , -2.674911221173784 , 148.15585002899016 , 0.000349549 , -0.000304756 , 0.000957899385227 , 1585858097.8743203
0.924078806188 , -0.554513075908 , 0.0072049818645 , -0.000195834 , -0.000231251 , -159 , 3 , 139 , -140.09627779111975 , -17.85846371941405 , 156.08724484534932 , -3.70462e-05 , -0.000680566 , 0.00155767869723 , 1585858098.0217454
0.885977074488 , -0.625862917841 , 0.0182330153306 , -0.000159879 , -0.000164181 , -157 , 0 , 143 , -128.16854307334478 , -33.33354847768099 , 162.80933921665496 , 0.000414223 , -8.33252e-05 , 0.00386717125857 , 1585858098.1691773
0.846943126756 , -0.696123160829 , 0.0174978130995 , -0.000270955 , -0.000186816 , -149 , 0 , 154 , -115.90557255909184 , -48.976713052460454 , 168.19042256130777 , 0.00113199 , 0.000201073 , 0.00674033759874 , 1585858098.3165104
0.805874346119 , -0.763651079682 , 0.00470529427885 , -0.000200663 , -0.000101214 , -137 , 0 , 153 , -104.29308126088777 , -64.49188782106442 , 171.9597134127659 , 0.00039641 , 0.000971732 , 0.00148148165376 , 1585858098.464
0.744674870763 , -0.818026999831 , 0.0297021701353 , -0.000298764 , -0.00023174 , -120 , -76 , 161 , -94.29878355565583 , -79.42053987592782 , 174.5730361928109 , -0.00107004 , -0.000351356 , 0.00280895115635 , 1585858098.6154516
0.678425771069 , -0.867761892753 , 0.0558753695614 , -0.000121023 , -0.000168958 , -108 , -86 , 165 , -78.97357574257201 , -92.13605651689133 , 176.49869406471015 , 0.00172695 , 9.12937e-05 , 0.00213473494274 , 1585858098.7629411
0.610816825728 , -0.913683421626 , 0.0717557377525 , -7.19323e-05 , -0.000136977 , -89 , -94 , 166 , -62.51043222519948 , -103.25171976977478 , 175.8999910345474 , 0.00194972 , -0.000155949 , 0.00587367396121 , 1585858098.9145873
0.540832372207 , -0.954482312216 , 0.0771962342625 , -0.000137652 , -0.000136345 , -74 , -100 , 172 , -47.45735922591416 , -114.05252101032657 , 174.5289998449557 , 0.00132838 , 4.88305e-06 , 0.00499341636347 , 1585858099.0619206
0.468225123892 , -0.988988270001 , 0.0738143039995 , -0.000255741 , -0.000198039 , -54 , -107 , 171 , -34.359441695163596 , -122.93780744787831 , 171.30347413192584 , -0.0017345 , -0.000638528 , 0.0019682819548 , 1585858099.2133045
0.392820225412 , -1.01717163309 , 0.0641096345494 , -0.000298229 , -0.000188082 , -38 , -115 , 167 , -23.322723323926276 , -131.20936386801253 , 167.92470613369068 , -0.00179168 , -3.61187e-05 , 0.00516758728335 , 1585858099.3609052
0.314669797974 , -1.03929376844 , 0.0505819134977 , -0.000295455 , -0.000184316 , -27 , -122 , 171 , -13.976053092916972 , -137.72077434003597 , 163.32866380467374 , -7.06997e-05 , 0.000181901 , 0.00496260882342 , 1585858099.5121343
0.234429353073 , -1.05546845799 , 0.0345545048603 , -0.000233464 , -0.000192895 , -19 , -132 , 168 , -5.460247398024838 , -143.87218106296487 , 158.50984064418225 , 0.00083644 , 6.45156e-05 , 0.0014935111761 , 1585858099.6598084
0.153066041362 , -1.06468259766 , 0.0141158828366 , -0.000210765 , -0.000109995 , 0 , -139 , 163 , 2.3041358087530273 , -148.6763062084284 , 152.6416234899377 , 0.000468602 , 0.000529726 , 0.00111427234098 , 1585858099.80735
0.0715376011019 , -1.06924225716 , -0.00382305160157 , -0.000185077 , -0.000148566 , 0 , -143 , 162 , 8.671978498241405 , -152.6948268176668 , 146.583986603107 , -0.000851636 , -0.00024772 , 0.00413079119266 , 1585858099.9547586
-0.0101513775626 , -1.07105323402 , -0.0149981255138 , -0.000278561 , -0.000143401 , 0 , -146 , 158 , 15.991905090658783 , -156.61934906477327 , 139.9338023556174 , 0.00049289 , 0.000129475 , 0.00463061751042 , 1585858100.1024017
-0.0915434007696 , -1.07050299455 , -0.018527096223 , -0.000195506 , -0.000241586 , 0 , -150 , 151 , 25.837692216889973 , -160.65425582202508 , 132.0953541787233 , 0.000920467 , -0.000755556 , 0.00158750855472 , 1585858100.2497191
-0.171934297219 , -1.06800748495 , -0.0132336401593 , -0.000328225 , -0.000159201 , 0 , -153 , 144 , 38.40101749612313 , -164.5683444671231 , 122.80583297366785 , -0.00296641 , 7.69549e-05 , 0.00464236499753 , 1585858100.3970551
-0.251051902336 , -1.06388699546 , 0.00249968758564 , -0.000272548 , -0.00018359 , 0 , -157 , 136 , 53.976622039654295 , -168.2556307673337 , 111.87794158672787 , 0.00219099 , -0.000147389 , 0.00503104894406 , 1585858100.544588
-0.328602070543 , -1.05189997844 , 0.0101457907888 , -0.000187085 , -0.000156713 , 58 , -157 , 123 , 72.79316535314791 , -171.17036419959558 , 98.83073375084965 , 0.000587843 , -0.00032158 , 0.0014779572946 , 1585858100.6919584
-0.404658504297 , -1.02006670133 , -0.0149981255138 , -0.000223307 , -0.000108576 , 81 , -164 , 109 , 88.66238056104888 , -172.84958050439135 , 86.02801808473863 , -0.000783743 , 0.000390268 , 0.00371760947969 , 1585858100.843707
-0.476755640943 , -0.980594601655 , -0.0348485857528 , -0.000160296 , -0.000261808 , 92 , -164 , 98 , 93.35219917387562 , -174.17860141039898 , 78.10519281011162 , 0.000422347 , -0.00111873 , 0.0022207846865 , 1585858100.9910998
-0.544600457584 , -0.936437135283 , -0.0448473360953 , -0.000208913 , -0.000298167 , 93 , -167 , 83 , 97.63043325601474 , -173.99933415004963 , 70.04609075619587 , -9.12499e-05 , -0.00158187 , 0.00599644176135 , 1585858101.1424856
-0.609405979532 , -0.88883947596 , -0.0467588618961 , -0.000214462 , -0.00031555 , 97 , -170 , 72 , 104.30188388937759 , -173.60251783339692 , 61.163684188572475 , 0.00174492 , -0.00174862 , 0.00367151156606 , 1585858101.290077
-0.671510282107 , -0.838135685171 , -0.0438180529718 , -0.000123084 , -0.000314873 , 100 , -170 , 65 , 112.03588723394621 , -171.37339469506085 , 50.853736896419214 , 0.00244242 , -0.00091021 , 0.00450514843101 , 1585858101.4414499
-0.730790647526 , -0.78388599037 , -0.0377893946771 , -0.000183937 , -0.000196743 , 108 , -172 , 51 , 121.22689691051907 , -168.44501536211894 , 39.26791836267146 , 0.00187082 , 0.000490753 , 0.00240436887809 , 1585858101.5890262
-0.787218688076 , -0.726620117906 , -0.0283788061193 , -0.000207292 , -0.000279914 , 116 , -169 , 43 , 129.98436816367084 , -163.56012145659741 , 26.7193726793205 , 0.00156468 , -0.000602647 , 0.00263876063003 , 1585858101.736416
-0.840158138423 , -0.666228942738 , -0.0149981255138 , -0.000263563 , -0.000258904 , 120 , -170 , 29 , 138.77751174639434 , -157.05857082691654 , 13.132103989370561 , 0.000332594 , 0.000588458 , 0.00228033598601 , 1585858101.888011
-0.889193182443 , -0.602431006676 , 0.0010292831235 , -0.000172858 , -0.000180382 , 132 , -166 , 18 , 148.19173196219265 , -149.33360589781498 , -1.5793354907894404 , 0.000635687 , -0.000196479 , 0.00166441562388 , 1585858102.0354795
-0.934215921973 , -0.535510681946 , 0.0182330153306 , -0.00014652 , -0.000197915 , 137 , -163 , 3 , 156.17305303616683 , -139.3807478733084 , -16.605555496339978 , 0.000256059 , -6.95521e-05 , 0.00038745268317 , 1585858102.183028
-0.976775496855 , -0.468163358579 , 0.0273495229958 , -0.00024889 , -0.000320318 , 145 , -154 , 0 , 163.0684412108147 , -127.89236810387423 , -31.867936157185053 , -0.00175354 , -0.000368281 , 0.0033686839186 , 1585858102.3303611
-1.01774510259 , -0.400308135882 , 0.0245557545178 , -0.000182024 , -0.00028372 , 153 , -141 , -3 , 168.50703322717575 , -116.43533192060082 , -47.109495881941776 , 0.00161312 , -0.000423242 , 0.00208595270478 , 1585858102.4779117
-1.05542349553 , -0.332486112903 , 0.00779314364935 , -0.000139059 , -5.52423e-05 , 157 , -133 , 0 , 172.40434811604936 , -105.75283415728265 , -62.1962004861122 , 0.00142863 , 0.00123456 , 0.00188950788736 , 1585858102.6252866
-1.0883742708 , -0.26462876435 , -0.0227912691632 , -0.000123646 , -0.000108614 , 161 , -116 , 0 , 175.12994878142376 , -97.13726031205096 , -76.57872670859024 , 0.00101673 , 0.000215587 , 0.00443894012687 , 1585858102.7726462
-1.094607481 , -0.183474289091 , -0.00147040446214 , -0.00028497 , -0.000162808 , 167 , -107 , -101 , 177.11092389873053 , -91.32262304147277 , -89.92347204445208 , -0.00016556 , -0.000588969 , 0.00363657193854 , 1585858102.9242623
-1.09114261845 , -0.0977944119925 , 0.0344074644141 , -0.000272587 , -0.000201195 , 166 , -96 , -113 , 178.27907596828163 , -77.92489949033752 , -100.6209617158276 , -0.000948143 , -0.000325011 , 0.00154819666069 , 1585858103.07165
-1.0877242106 , -0.0128356578909 , 0.0594043402705 , -0.000200493 , -0.000210832 , 170 , -86 , -110 , 176.6187044265244 , -60.92628192319469 , -109.44964793685574 , 0.000869408 , -0.00110077 , 0.0026331304547 , 1585858103.223274
-1.08238336793 , 0.0701557357161 , 0.0689619692745 , -0.000299911 , -0.000198008 , 170 , -69 , -110 , 173.93425534255246 , -44.371734064028125 , -118.78439766803079 , -0.000953604 , -0.000345225 , 0.00366298546728 , 1585858103.3707702
-1.07193921226 , 0.151389345209 , 0.0669034030275 , -0.000178993 , -8.40538e-05 , 170 , -51 , -117 , 169.52578513285223 , -30.124315883382355 , -126.88924159273357 , 0.00171507 , 0.000383651 , 0.0040984157116 , 1585858103.5222294
-1.05488534548 , 0.231268932006 , 0.0564635313463 , -0.000211551 , -3.56716e-05 , 171 , -34 , -121 , 165.02392607756036 , -18.20568084533431 , -134.6795169085266 , 0.000878258 , 0.000286418 , 0.00973642278433 , 1585858103.669636
-1.03130911758 , 0.309776669696 , 0.04117132494 , -0.000201656 , -1.65419e-05 , 170 , -20 , -129 , 159.43726114821922 , -8.511694359727205 , -140.68101365376543 , 0.00104383 , -0.000424636 , 0.0013490597801 , 1585858103.821129
-1.00287575783 , 0.384905820232 , 0.0194093389003 , -0.000224267 , -0.000108445 , 164 , 0 , -132 , 153.8740927724213 , 0.10060030751253181 , -146.5047064191957 , 0.00169746 , -0.000209197 , 0.00314833450086 , 1585858103.9644244
-0.967938307361 , 0.457537109272 , 0.00588161784857 , -0.000189453 , -0.000166183 , 161 , -3 , -141 , 147.49064340603852 , 6.743515963627187 , -150.71259422960347 , -0.000604313 , -0.000423315 , 0.0037251701529 , 1585858104.1120403
-0.929697906532 , 0.529535180927 , -0.00676386052585 , -0.000360981 , -8.60999e-05 , 157 , 0 , -147 , 141.0202509012043 , 15.183604089013473 , -155.13671403868372 , -0.001407 , -0.000192327 , 0.00423818416908 , 1585858104.2593596
-0.887339875159 , 0.60348079925 , -0.0113221143585 , -0.000227038 , -0.000165963 , 153 , 0 , -151 , 133.3538313501971 , 24.605213555706055 , -159.1862570001673 , 0.000406932 , -0.00116786 , 0.0030098034608 , 1585858104.4109004
-0.845520613954 , 0.672576590669 , -0.00779314364935 , -0.000198933 , -0.000119 , 145 , 0 , -153 , 123.56675193844058 , 37.212812599254995 , -162.83381086939855 , -1.90728e-05 , -0.000448694 , 0.00628998312575 , 1585858104.5584302
-0.80309014116 , 0.739801290418 , 0.00499937517128 , -0.000110435 , -9.9832e-05 , 137 , 0 , -156 , 112.80004476573684 , 52.329261865405165 , -166.5432683919246 , 0.00139704 , 0.000292363 , 0.00592671258657 , 1585858104.705829
-0.75365168708 , 0.801120996002 , 0.00838130543421 , -0.000340706 , -0.00015319 , 127 , 55 , -158 , 100.05793205486447 , 70.50605153005009 , -169.65691377611066 , -0.000233207 , -0.000822379 , 0.00253397251723 , 1585858104.8570204
-0.688213397193 , 0.85148410874 , -0.02058566247 , -0.000189187 , -0.000166952 , 116 , 83 , -162 , 88.10623294899835 , 85.63789246320549 , -172.2234495562679 , 0.00324869 , -0.000782322 , 0.00398767008191 , 1585858105.0049093
-0.618691519127 , 0.894762521262 , -0.0416124462786 , -0.000112011 , -0.000182016 , 101 , 86 , -168 , 80.53780732021066 , 88.89604261318846 , -173.16884326376817 , 9.24946e-05 , -0.000101628 , 0.00244070152831 , 1585858105.1521332
-0.547313001997 , 0.932922512069 , -0.0524934392985 , -0.0001922 , -0.000192665 , 85 , 90 , -168 , 72.730866120683 , 92.97337842528775 , -173.25426677807388 , -0.000480211 , -0.000320589 , 0.00141781441587 , 1585858105.3036654
-0.474732947804 , 0.966904906601 , -0.0554342482228 , -0.000205347 , -0.000136222 , 81 , 90 , -169 , 63.856567989283874 , 99.75837456449622 , -173.1391755462212 , 0.000991679 , 0.000553363 , 0.00350670360905 , 1585858105.451222
-0.400755182524 , 0.996992172175 , -0.0526404797447 , -0.000108129 , -0.000220998 , 65 , 94 , -169 , 53.53275050746679 , 107.71227342694304 , -171.30282740261788 , 0.00235725 , -0.000851741 , 0.00363427230454 , 1585858105.6029673
-0.325304617563 , 1.02281165147 , -0.0464647810037 , -0.000199856 , -0.000266773 , 58 , 104 , -167 , 41.86813077748423 , 117.38210819221842 , -168.8011504859321 , 0.000338896 , -0.00102767 , 0.00515083917627 , 1585858105.750349
-0.248116490789 , 1.04408597547 , -0.0374953137846 , -0.000148972 , -0.000200371 , 46 , 109 , -172 , 29.21409373411509 , 126.64397057019694 , -164.28847782143075 , 0.00229682 , -6.74168e-05 , 0.00229891628923 , 1585858105.9020371
-0.169720303016 , 1.06082707138 , -0.0257320780875 , -0.000318456 , -0.000235113 , 31 , 122 , -168 , 15.565561846286517 , 136.4466385439263 , -158.81522395624214 , -0.000564345 , -0.00075308 , 0.00109418716248 , 1585858106.0492783
-0.0902767411198 , 1.07250431803 , -0.0117632356971 , -0.000184067 , -0.0001134 , 19 , 126 , -164 , 1.2434368812748235 , 145.21745959176306 , -151.12963813599922 , 0.00120914 , 0.00023802 , 0.00327444785422 , 1585858106.2007976
-0.0100684476391 , 1.07843391143 , 0.00455825383264 , -0.000183858 , -0.000119453 , 7 , 137 , -161 , -13.843144055398641 , 154.01669555969357 , -142.30783340736292 , 0.00189712 , -4.40559e-05 , 0.0020125901586 , 1585858106.3482604
0.0697144217857 , 1.08111643645 , 0.0167626108684 , -0.000223354 , -6.77677e-05 , 0 , 146 , -152 , -28.877081570903233 , 161.11120166388272 , -131.40708585554066 , -0.000109365 , 4.56387e-05 , 0.000853146558065 , 1585858106.495737
0.149206715275 , 1.08247700126 , 0.0169096513146 , -0.000300692 , -9.3779e-05 , 0 , 148 , -145 , -44.07420395790896 , 166.99984073120123 , -119.8842850614203 , -0.00159858 , 1.96144e-05 , 0.00262218205178 , 1585858106.64337
0.230874880393 , 1.08109188683 , 0.00279376847807 , -0.000265547 , -0.000227396 , 0 , 152 , -133 , -59.18790892939808 , 171.26165783747948 , -109.00571867242108 , 0.00157821 , -0.000457959 , 0.00378975199118 , 1585858106.794732
0.307717170383 , 1.063957197 , 0.00544049650993 , -0.000186909 , -0.000214468 , -65 , 160 , -117 , -74.01588511386967 , 173.83879446254545 , -99.31601739669716 , 0.000658957 , -0.00128295 , 0.00281840582927 , 1585858106.9465692
0.382610005454 , 1.03117419451 , 0.0297021701353 , -0.000192515 , -6.98444e-05 , -85 , 163 , -109 , -87.11606034539298 , 176.3914259680545 , -88.28826024249254 , 0.000967875 , 0.00063324 , 0.00483249565699 , 1585858107.093915
0.455906973518 , 0.995228096387 , 0.0461707001113 , -9.0987e-05 , -0.000141064 , -88 , 167 , -95 , -97.88614652511801 , 176.70775380089532 , -73.43254547053054 , 0.00151724 , -0.000552951 , 0.00225255908045 , 1585858107.2454624
0.526702708414 , 0.955932591257 , 0.0544049650993 , -0.000114119 , -0.000228141 , -92 , 169 , -80 , -108.53838681813049 , 176.1021452154512 , -59.18670192777872 , 0.000697876 , -0.00116412 , 0.00225776977309 , 1585858107.3927388
0.594137074575 , 0.911872665354 , 0.0541108842068 , -6.92179e-05 , -0.000136022 , -101 , 169 , -62 , -117.8214425410899 , 173.58262516149765 , -45.89012881871807 , 0.00269747 , -0.00040064 , 0.00304711003196 , 1585858107.5445025
0.65767807659 , 0.862490621299 , 0.0469059023423 , -0.000140186 , -8.21648e-05 , -112 , 169 , -47 , -126.67306594980398 , 170.73248641280884 , -34.241723708891925 , 0.0010101 , -0.000192246 , 0.00143072260069 , 1585858107.6917515
0.717159921859 , 0.807919434692 , 0.0351426666452 , -0.000154872 , -0.000260943 , -119 , 172 , -36 , -133.69016741857294 , 166.46545471562754 , -24.26483820857082 , -0.000943388 , -0.00181351 , 0.00271082791611 , 1585858107.8433926
0.772899934485 , 0.748434124445 , 0.0207327029162 , -0.000297544 , -0.000238277 , -124 , 168 , -22 , -140.48600620440155 , 162.14371942660057 , -15.281546036783313 , 0.000982183 , -0.000454915 , 0.00309004402077 , 1585858107.9908736
0.824507774071 , 0.684758717376 , 0.00470529427885 , -0.000198264 , -0.000125395 , -132 , 170 , -14 , -145.77176229493116 , 156.5299247986387 , -6.996490649550166 , 0.00207863 , 0.000643077 , 0.007671039016 , 1585858108.1382596
0.870498756654 , 0.618706198191 , -0.0105869121274 , -0.000268723 , -0.000210898 , -136 , 167 , -5 , -150.42666847838956 , 150.32003234155133 , 0.960348898065412 , 0.000356787 , -0.000451212 , 0.00327773995753 , 1585858108.281627
0.912658414729 , 0.551093882671 , -0.0270554421034 , -0.000207446 , -0.000105552 , -143 , 158 , 0 , -154.28113945719952 , 143.625314512444 , 8.734971231994288 , 0.00149738 , 0.000289977 , 0.00152926903062 , 1585858108.4290323
0.952519115861 , 0.480341023327 , -0.0341133835217 , -0.000155499 , -0.000122773 , -149 , 154 , 0 , -158.91296080573036 , 136.9989586537273 , 17.00515377494655 , 0.00254873 , -0.000486259 , 0.00273184385404 , 1585858108.5764384
0.990466498529 , 0.409049320207 , -0.0339663430755 , -0.000172266 , -0.000155834 , -153 , 147 , 0 , -162.94943429779534 , 128.66928805761611 , 28.09072872128189 , 0.00162125 , -0.00113362 , 0.00262934854818 , 1585858108.7238672
1.02644438511 , 0.337914337585 , -0.0249968758564 , -9.46472e-05 , -0.000107943 , -154 , 140 , 0 , -166.8870811793856 , 118.813350713493 , 41.91099147078366 , 0.00249167 , -0.000641605 , 0.00318944902781 , 1585858108.871457
1.06064991614 , 0.267556392945 , -0.00646977963343 , -0.000219838 , -0.00025449 , -160 , 129 , 0 , -170.47243707369157 , 107.16136565325618 , 58.77572237641579 , -0.000652198 , -0.0014066 , 0.0044310763627 , 1585858109.0189176
1.08611004575 , 0.193802267357 , 0.0010292831235 , -0.000218793 , -0.00032902 , -163 , 120 , 61 , -173.19230922819935 , 93.29459660621453 , 78.72385757529739 , 0.00176007 , -0.00184103 , 0.00568084514863 , 1585858109.1662848
1.09325921943 , 0.111896290716 , -0.0242616736253 , -0.000239628 , -0.00018985 , -166 , 103 , 87 , -174.4521433655171 , 80.0632038231074 , 94.57568920892814 , 0.00142919 , 0.000189929 , 0.00147929781984 , 1585858109.3177347
1.09146013984 , 0.0297789747369 , -0.0436710125256 , -0.000146465 , -0.00011914 , -167 , 90 , 95 , -175.56313649647137 , 71.9325670843124 , 99.22861298708116 , 0.000995877 , 0.000347522 , 0.00424825381687 , 1585858109.4652581
1.08327722947 , -0.0510719048848 , -0.0533756819758 , -0.00016775 , -0.00014128 , -166 , 76 , 99 , -175.1357316016351 , 63.717777024925645 , 103.49443301156934 , 0.0007768 , -0.000102009 , 0.000971969126671 , 1585858109.6166694
1.07053896523 , -0.130770785161 , -0.0545520055455 , -0.000203008 , -0.000229753 , -170 , 65 , 102 , -174.2619400733019 , 54.63607775190275 , 109.94155818622797 , 0.00064688 , -0.000836799 , 0.00364562083783 , 1585858109.7642508
1.05428293657 , -0.209260398189 , -0.0491115090355 , -0.000180779 , -0.000367763 , -171 , 55 , 106 , -171.44844261639767 , 44.11963617174894 , 117.43107411917073 , 0.00125302 , -0.00156745 , 0.00227024131918 , 1585858109.9152114
1.03393024237 , -0.28722333464 , -0.0416124462786 , -0.000242077 , -0.000192705 , -171 , 48 , 113 , -167.6976352477377 , 32.02765845807283 , 126.75934984435584 , 0.000808579 , -0.000336755 , 0.00172047429556 , 1585858110.0631034
1.00887707008 , -0.36433369301 , -0.0313196150436 , -0.00022706 , -7.87287e-05 , -170 , 34 , 122 , -162.0157504911197 , 18.965280151543972 , 135.50044810747252 , 5.05511e-05 , 0.000825375 , 0.00444313817751 , 1585858110.2106142
0.97895722771 , -0.440066978657 , -0.0173507726533 , -0.000180926 , -0.000172751 , -166 , 17 , 129 , -154.6256743309053 , 5.099434638574556 , 143.8437141254121 , 0.00033175 , -0.00026792 , 0.00376064481452 , 1585858110.3622384
0.943852114014 , -0.513587652491 , 0.0010292831235 , -0.000302699 , -0.000260192 , -167 , 6 , 137 , -145.86354690324242 , -9.747196991636999 , 152.46267808785404 , -0.000571337 , -0.000782983 , 0.00194507028034 , 1585858110.5095882
0.906230652788 , -0.585454201259 , 0.0169096513146 , -0.000176851 , -0.000187771 , -161 , 0 , 143 , -134.6837588187036 , -24.837160587238063 , 159.70766907246013 , 0.00119154 , 0.000168665 , 0.00175815201741 , 1585858110.657082
0.867941852104 , -0.656570628832 , 0.0223501478246 , -0.000327507 , -0.000299727 , -153 , 0 , 147 , -122.4521903828784 , -40.34570034838484 , 165.86592096692348 , -0.000666741 , -0.000917833 , 0.00214259269143 , 1585858110.8044343
0.828398492272 , -0.725891058284 , 0.0155862872987 , -0.000163593 , -0.000192126 , -141 , 0 , 152 , -110.35865575412903 , -55.975811570507766 , 170.38960294046606 , 0.000812563 , -9.32349e-07 , 0.00193819308322 , 1585858110.951904
0.781231719804 , -0.789186347691 , 0.0110280334661 , -0.000200364 , -0.000175402 , -128 , -52 , 158 , -99.42945997786684 , -71.31159239144547 , 173.56897589087743 , 0.000601798 , -0.000435769 , 0.000746436977765 , 1585858111.0993638
0.71602989135 , -0.840280133641 , 0.0405831631551 , -0.0002279 , -0.000136582 , -112 , -79 , 161 , -88.31398790708411 , -85.34913728905528 , 175.6640144802657 , -0.0017278 , 0.000243583 , 0.00469448443426 , 1585858111.2508388
