0 , 0 , 0 , 1581357737.2290306
0 , 78 , 143 , 1581357737.2500963
39 , 141 , 206 , 1581357737.2706037
113 , 128 , 190 , 1581357737.286916
113 , 127 , 204 , 1581357737.3065124
110 , 124 , 180 , 1581357737.327425
141 , 185 , 185 , 1581357737.3567734
142 , 180 , 234 , 1581357737.3772082
144 , 188 , 183 , 1581357737.4061852
141 , 185 , 178 , 1581357737.4288018
180 , 187 , 187 , 1581357737.4557023
173 , 125 , 185 , 1581357737.4836962
177 , 124 , 181 , 1581357737.5073783
173 , 174 , 177 , 1581357737.5319662
150 , 129 , 190 , 1581357737.5479636
173 , 183 , 194 , 1581357737.5654395
140 , 188 , 181 , 1581357737.590206
139 , 181 , 181 , 1581357737.610179
174 , 133 , 188 , 1581357737.6354423
180 , 180 , 240 , 1581357737.6601088
173 , 128 , 247 , 1581357737.6836877
143 , 180 , 194 , 1581357737.7081344
141 , 181 , 181 , 1581357737.7255313
138 , 187 , 196 , 1581357737.749102
125 , 185 , 181 , 1581357737.76595
141 , 183 , 183 , 1581357737.7866673
179 , 187 , 194 , 1581357737.80694
173 , 190 , 192 , 1581357737.8321092
143 , 174 , 236 , 1581357737.8519502
175 , 123 , 180 , 1581357737.8728828
176 , 187 , 188 , 1581357737.8924937
142 , 185 , 188 , 1581357737.9090953
144 , 185 , 181 , 1581357737.925751
141 , 178 , 200 , 1581357737.941644
185 , 192 , 188 , 1581357737.9624715
142 , 180 , 206 , 1581357737.9785693
171 , 175 , 192 , 1581357737.9954796
174 , 185 , 190 , 1581357738.0117302
141 , 185 , 196 , 1581357738.0278046
173 , 192 , 192 , 1581357738.0496676
175 , 169 , 125 , 1581357738.07362
173 , 180 , 183 , 1581357738.0974019
141 , 190 , 198 , 1581357738.1136937
183 , 185 , 123 , 1581357738.1304402
174 , 121 , 180 , 1581357738.1466036
140 , 172 , 180 , 1581357738.1634946
172 , 174 , 183 , 1581357738.1795235
141 , 185 , 183 , 1581357738.1956308
174 , 185 , 190 , 1581357738.2126293
171 , 185 , 128 , 1581357738.2364767
178 , 172 , 183 , 1581357738.2524426
120 , 181 , 190 , 1581357738.2687678
140 , 121 , 192 , 1581357738.2855933
141 , 185 , 187 , 1581357738.301813
176 , 127 , 238 , 1581357738.3189485
128 , 180 , 196 , 1581357738.34046
173 , 180 , 187 , 1581357738.3597066
172 , 180 , 190 , 1581357738.3807704
172 , 181 , 181 , 1581357738.4005973
147 , 194 , 174 , 1581357738.4216692
129 , 192 , 188 , 1581357738.43767
141 , 119 , 192 , 1581357738.4537697
171 , 174 , 196 , 1581357738.4746406
185 , 185 , 185 , 1581357738.4946282
121 , 188 , 180 , 1581357738.514975
121 , 178 , 178 , 1581357738.5319664
140 , 188 , 180 , 1581357738.5483987
187 , 178 , 183 , 1581357738.5687008
139 , 177 , 192 , 1581357738.5855296
124 , 180 , 187 , 1581357738.6055188
172 , 172 , 190 , 1581357738.6428454
172 , 188 , 183 , 1581357738.6584597
177 , 178 , 192 , 1581357738.6827319
124 , 190 , 240 , 1581357738.6996565
181 , 192 , 137 , 1581357738.7212367
178 , 185 , 185 , 1581357738.740814
171 , 129 , 192 , 1581357738.7611852
138 , 187 , 180 , 1581357738.7772362
172 , 123 , 188 , 1581357738.7943134
175 , 181 , 180 , 1581357738.8103163
183 , 188 , 185 , 1581357738.8263195
175 , 181 , 185 , 1581357738.8476067
173 , 188 , 247 , 1581357738.8674521
173 , 119 , 181 , 1581357738.8856788
174 , 124 , 234 , 1581357738.9043818
178 , 185 , 190 , 1581357738.920838
138 , 196 , 244 , 1581357738.9372392
174 , 187 , 188 , 1581357738.95772
142 , 178 , 240 , 1581357738.9743454
120 , 190 , 194 , 1581357738.9901426
141 , 174 , 196 , 1581357739.011497
140 , 192 , 177 , 1581357739.0274053
141 , 185 , 187 , 1581357739.0438416
145 , 183 , 183 , 1581357739.0675695
173 , 177 , 192 , 1581357739.0845017
171 , 180 , 185 , 1581357739.101256
176 , 133 , 187 , 1581357739.1172967
141 , 188 , 244 , 1581357739.1347404
141 , 185 , 185 , 1581357739.1543646
140 , 183 , 180 , 1581357739.1705709
174 , 177 , 181 , 1581357739.1907759
174 , 190 , 187 , 1581357739.2072437
178 , 187 , 185 , 1581357739.2284553
124 , 180 , 190 , 1581357739.2482486
138 , 185 , 192 , 1581357739.2693353
120 , 192 , 181 , 1581357739.2852623
142 , 181 , 183 , 1581357739.3019414
173 , 194 , 181 , 1581357739.3226357
141 , 123 , 194 , 1581357739.3383904
175 , 185 , 183 , 1581357739.3551528
171 , 178 , 185 , 1581357739.3711264
141 , 181 , 238 , 1581357739.3880515
124 , 127 , 192 , 1581357739.4077852
137 , 181 , 198 , 1581357739.4242966
141 , 187 , 185 , 1581357739.4454856
122 , 188 , 185 , 1581357739.461183
142 , 172 , 202 , 1581357739.4855437
138 , 181 , 181 , 1581357739.502122
176 , 178 , 190 , 1581357739.5190828
175 , 121 , 188 , 1581357739.5350356
176 , 178 , 234 , 1581357739.552502
141 , 119 , 128 , 1581357739.5679927
141 , 185 , 196 , 1581357739.5845466
123 , 188 , 187 , 1581357739.600616
141 , 178 , 185 , 1581357739.6168706
145 , 178 , 178 , 1581357739.6345656
145 , 185 , 183 , 1581357739.6539786
124 , 188 , 185 , 1581357739.6720302
137 , 125 , 192 , 1581357739.690933
140 , 190 , 188 , 1581357739.706927
121 , 190 , 183 , 1581357739.7277176
143 , 183 , 200 , 1581357739.743866
174 , 181 , 183 , 1581357739.761663
174 , 183 , 188 , 1581357739.7811737
141 , 183 , 185 , 1581357739.7973943
185 , 185 , 183 , 1581357739.813816
172 , 183 , 192 , 1581357739.829917
141 , 190 , 196 , 1581357739.8466935
127 , 180 , 185 , 1581357739.8669844
141 , 185 , 178 , 1581357739.8837636
185 , 174 , 194 , 1581357739.9039648
187 , 181 , 190 , 1581357739.9202044
170 , 118 , 206 , 1581357739.9364858
174 , 185 , 183 , 1581357739.9527776
171 , 192 , 187 , 1581357739.9733868
141 , 183 , 200 , 1581357739.990105
143 , 178 , 238 , 1581357740.0064723
144 , 185 , 190 , 1581357740.0266833
120 , 178 , 190 , 1581357740.0427663
176 , 190 , 185 , 1581357740.063794
140 , 180 , 194 , 1581357740.0838692
124 , 185 , 183 , 1581357740.1005597
139 , 185 , 127 , 1581357740.1167967
171 , 183 , 190 , 1581357740.1333065
127 , 188 , 194 , 1581357740.1493688
142 , 178 , 187 , 1581357740.1657274
172 , 121 , 183 , 1581357740.1831384
141 , 178 , 190 , 1581357740.2026806
187 , 122 , 192 , 1581357740.219573
173 , 180 , 236 , 1581357740.244058
178 , 188 , 123 , 1581357740.260148
185 , 181 , 178 , 1581357740.2808607
128 , 188 , 119 , 1581357740.301482
142 , 185 , 185 , 1581357740.317702
122 , 181 , 178 , 1581357740.3338604
138 , 183 , 192 , 1581357740.3548417
183 , 180 , 185 , 1581357740.374506
138 , 128 , 185 , 1581357740.3913665
141 , 183 , 180 , 1581357740.4074445
140 , 172 , 190 , 1581357740.4236262
144 , 192 , 187 , 1581357740.4444678
143 , 180 , 234 , 1581357740.4605484
142 , 121 , 185 , 1581357740.4781294
145 , 180 , 192 , 1581357740.4980762
179 , 188 , 180 , 1581357740.5142748
137 , 124 , 185 , 1581357740.5305114
179 , 175 , 192 , 1581357740.546566
171 , 187 , 187 , 1581357740.567511
171 , 183 , 185 , 1581357740.5836163
175 , 187 , 175 , 1581357740.6004694
172 , 192 , 183 , 1581357740.620548
125 , 177 , 187 , 1581357740.6367414
175 , 230 , 120 , 1581357740.66087
142 , 123 , 178 , 1581357740.678118
174 , 183 , 180 , 1581357740.6944406
174 , 183 , 178 , 1581357740.7105584
127 , 180 , 190 , 1581357740.7284374
173 , 196 , 121 , 1581357740.7513902
172 , 185 , 185 , 1581357740.7680297
142 , 178 , 185 , 1581357740.7846904
187 , 188 , 180 , 1581357740.807528
175 , 183 , 238 , 1581357740.8255398
122 , 124 , 190 , 1581357740.8415282
174 , 185 , 188 , 1581357740.861519
177 , 174 , 190 , 1581357740.8783264
172 , 183 , 194 , 1581357740.8994389
173 , 185 , 198 , 1581357740.9193404
136 , 127 , 178 , 1581357740.935969
176 , 181 , 185 , 1581357740.952565
142 , 234 , 190 , 1581357740.9687722
180 , 127 , 132 , 1581357740.9883342
143 , 119 , 185 , 1581357741.0048912
127 , 190 , 232 , 1581357741.0260265
146 , 180 , 242 , 1581357741.0421288
143 , 178 , 174 , 1581357741.066943
176 , 180 , 190 , 1581357741.0831091
142 , 190 , 185 , 1581357741.0996127
141 , 177 , 198 , 1581357741.116428
176 , 181 , 190 , 1581357741.1324477
140 , 124 , 192 , 1581357741.1531222
173 , 178 , 185 , 1581357741.1692145
124 , 187 , 185 , 1581357741.1901956
174 , 133 , 185 , 1581357741.2062361
172 , 187 , 188 , 1581357741.222957
145 , 190 , 185 , 1581357741.2427504
128 , 172 , 187 , 1581357741.2593296
142 , 124 , 238 , 1581357741.2800884
143 , 187 , 177 , 1581357741.296067
173 , 180 , 238 , 1581357741.3175879
179 , 194 , 188 , 1581357741.3374412
172 , 185 , 194 , 1581357741.3539693
141 , 185 , 180 , 1581357741.374258
175 , 178 , 185 , 1581357741.3905795
141 , 185 , 192 , 1581357741.4068122
145 , 196 , 190 , 1581357741.4231148
180 , 120 , 171 , 1581357741.444144
175 , 185 , 196 , 1581357741.460102
142 , 121 , 128 , 1581357741.4791484
179 , 187 , 187 , 1581357741.4970589
176 , 174 , 183 , 1581357741.5134177
145 , 180 , 180 , 1581357741.534084
174 , 180 , 187 , 1581357741.55026
145 , 185 , 190 , 1581357741.571271
180 , 188 , 238 , 1581357741.590991
143 , 120 , 194 , 1581357741.6079752
176 , 177 , 185 , 1581357741.623973
123 , 124 , 192 , 1581357741.64042
140 , 178 , 124 , 1581357741.6567068
175 , 183 , 194 , 1581357741.6728582
139 , 178 , 192 , 1581357741.69067
142 , 183 , 183 , 1581357741.7099128
177 , 175 , 178 , 1581357741.7264566
138 , 185 , 198 , 1581357741.742949
128 , 178 , 185 , 1581357741.7589447
117 , 185 , 236 , 1581357741.775902
174 , 180 , 192 , 1581357741.7958543
171 , 178 , 127 , 1581357741.8121881
178 , 177 , 240 , 1581357741.8332226
175 , 183 , 183 , 1581357741.8531609
176 , 119 , 183 , 1581357741.8742917
145 , 181 , 183 , 1581357741.8900647
145 , 188 , 180 , 1581357741.9070547
174 , 181 , 183 , 1581357741.9224794
145 , 192 , 190 , 1581357741.9390464
175 , 180 , 185 , 1581357741.9598348
121 , 174 , 234 , 1581357741.9759843
138 , 178 , 175 , 1581357741.9969099
141 , 180 , 187 , 1581357742.0132613
173 , 174 , 192 , 1581357742.0295491
145 , 185 , 198 , 1581357742.0495894
171 , 185 , 192 , 1581357742.0660493
178 , 183 , 198 , 1581357742.090795
125 , 177 , 181 , 1581357742.1069608
145 , 178 , 185 , 1581357742.1280026
145 , 185 , 181 , 1581357742.1438498
175 , 177 , 185 , 1581357742.1618364
174 , 181 , 192 , 1581357742.1809223
139 , 174 , 188 , 1581357742.1974576
185 , 181 , 198 , 1581357742.2137423
173 , 190 , 202 , 1581357742.229986
181 , 183 , 183 , 1581357742.246707
175 , 180 , 238 , 1581357742.262683
142 , 181 , 178 , 1581357742.2794263
143 , 180 , 194 , 1581357742.2998643
141 , 183 , 178 , 1581357742.3159764
178 , 178 , 187 , 1581357742.3327813
176 , 177 , 177 , 1581357742.3487265
142 , 130 , 198 , 1581357742.3655136
141 , 124 , 200 , 1581357742.3848808
127 , 183 , 188 , 1581357742.4019935
124 , 113 , 190 , 1581357742.418616
174 , 119 , 180 , 1581357742.4357076
174 , 183 , 194 , 1581357742.455774
123 , 190 , 194 , 1581357742.4750352
172 , 177 , 127 , 1581357742.4919813
179 , 183 , 187 , 1581357742.5122945
120 , 171 , 187 , 1581357742.5288393
120 , 188 , 177 , 1581357742.5501008
141 , 181 , 180 , 1581357742.5662823
181 , 177 , 196 , 1581357742.582828
137 , 181 , 187 , 1581357742.598587
171 , 178 , 178 , 1581357742.6148515
142 , 190 , 187 , 1581357742.6326475
175 , 187 , 187 , 1581357742.6519504
174 , 121 , 196 , 1581357742.6687987
177 , 181 , 183 , 1581357742.6893015
181 , 194 , 185 , 1581357742.7093086
140 , 177 , 181 , 1581357742.7258058
124 , 178 , 244 , 1581357742.7418633
144 , 190 , 247 , 1581357742.7628384
172 , 181 , 196 , 1581357742.7789059
175 , 181 , 178 , 1581357742.795404
117 , 185 , 181 , 1581357742.81548
144 , 181 , 181 , 1581357742.8319337
138 , 187 , 188 , 1581357742.848401
178 , 127 , 234 , 1581357742.8645089
144 , 185 , 188 , 1581357742.8817246
145 , 174 , 194 , 1581357742.9020216
175 , 169 , 190 , 1581357742.918158
180 , 180 , 236 , 1581357742.9388647
175 , 175 , 181 , 1581357742.9548695
127 , 188 , 185 , 1581357742.972119
171 , 188 , 244 , 1581357742.991613
174 , 183 , 188 , 1581357743.008079
145 , 185 , 185 , 1581357743.028851
127 , 188 , 192 , 1581357743.044832
175 , 188 , 196 , 1581357743.0618796
173 , 183 , 178 , 1581357743.0784218
144 , 188 , 188 , 1581357743.0944786
120 , 181 , 188 , 1581357743.1107626
145 , 181 , 188 , 1581357743.126852
140 , 183 , 175 , 1581357743.1475885
143 , 122 , 188 , 1581357743.163453
127 , 183 , 181 , 1581357743.1795857
121 , 185 , 183 , 1581357743.1958356
142 , 180 , 188 , 1581357743.2119403
174 , 185 , 188 , 1581357743.2283063
178 , 183 , 190 , 1581357743.2447553
172 , 185 , 196 , 1581357743.261358
142 , 185 , 180 , 1581357743.2777555
174 , 187 , 187 , 1581357743.2945094
171 , 180 , 234 , 1581357743.3111417
139 , 128 , 185 , 1581357743.3281918
141 , 177 , 124 , 1581357743.3439534
177 , 180 , 198 , 1581357743.3604693
138 , 194 , 185 , 1581357743.3811202
174 , 192 , 196 , 1581357743.4017868
141 , 177 , 185 , 1581357743.417861
143 , 188 , 198 , 1581357743.4340432
138 , 183 , 185 , 1581357743.454429
180 , 183 , 185 , 1581357743.4711337
171 , 187 , 190 , 1581357743.4878721
175 , 172 , 185 , 1581357743.5077126
172 , 174 , 185 , 1581357743.5240738
145 , 177 , 180 , 1581357743.548326
141 , 174 , 234 , 1581357743.5651226
171 , 181 , 188 , 1581357743.5862696
142 , 188 , 187 , 1581357743.6019738
139 , 178 , 187 , 1581357743.6188104
175 , 171 , 183 , 1581357743.634836
185 , 183 , 190 , 1581357743.6510692
173 , 196 , 180 , 1581357743.6718748
143 , 188 , 187 , 1581357743.6879053
175 , 185 , 187 , 1581357743.7055917
174 , 172 , 177 , 1581357743.7256691
130 , 187 , 185 , 1581357743.74579
144 , 188 , 188 , 1581357743.7618506
187 , 183 , 185 , 1581357743.7780266
171 , 183 , 188 , 1581357743.7992663
174 , 180 , 249 , 1581357743.814877
145 , 124 , 183 , 1581357743.8319466
175 , 183 , 171 , 1581357743.8523283
143 , 183 , 240 , 1581357743.8748877
141 , 180 , 185 , 1581357743.8930519
141 , 181 , 185 , 1581357743.909296
174 , 185 , 236 , 1581357743.929786
141 , 175 , 190 , 1581357743.950469
143 , 178 , 172 , 1581357743.9667068
144 , 122 , 180 , 1581357743.9828248
143 , 194 , 187 , 1581357744.000816
139 , 180 , 180 , 1581357744.019777
138 , 188 , 194 , 1581357744.0364497
142 , 172 , 172 , 1581357744.0613565
144 , 183 , 181 , 1581357744.0773025
171 , 180 , 188 , 1581357744.0978203
177 , 185 , 177 , 1581357744.1138656
173 , 185 , 242 , 1581357744.131037
139 , 190 , 198 , 1581357744.1469755
175 , 181 , 178 , 1581357744.1633227
183 , 180 , 190 , 1581357744.18373
178 , 188 , 181 , 1581357744.1998389
137 , 185 , 180 , 1581357744.2212067
139 , 187 , 242 , 1581357744.24082
141 , 188 , 178 , 1581357744.2621148
127 , 124 , 187 , 1581357744.2819011
172 , 125 , 240 , 1581357744.2986975
188 , 190 , 180 , 1581357744.3187525
141 , 175 , 188 , 1581357744.3354483
141 , 132 , 188 , 1581357744.3517232
142 , 183 , 132 , 1581357744.3679082
141 , 175 , 181 , 1581357744.3882987
143 , 190 , 188 , 1581357744.4046853
187 , 183 , 192 , 1581357744.4217727
175 , 185 , 187 , 1581357744.4378784
176 , 177 , 180 , 1581357744.4541395
141 , 183 , 185 , 1581357744.4744496
125 , 183 , 181 , 1581357744.4907093
173 , 125 , 190 , 1581357744.507398
175 , 178 , 238 , 1581357744.5238688
142 , 183 , 177 , 1581357744.5445328
171 , 183 , 178 , 1581357744.5605805
138 , 124 , 183 , 1581357744.576696
127 , 175 , 236 , 1581357744.5937533
171 , 178 , 190 , 1581357744.6137025
137 , 190 , 196 , 1581357744.6302989
120 , 181 , 190 , 1581357744.6544971
171 , 177 , 183 , 1581357744.6710396
143 , 192 , 185 , 1581357744.691644
145 , 178 , 178 , 1581357744.7076747
183 , 187 , 180 , 1581357744.727897
145 , 187 , 185 , 1581357744.7446113
176 , 180 , 183 , 1581357744.7621007
138 , 188 , 185 , 1581357744.781634
141 , 174 , 228 , 1581357744.7981193
175 , 175 , 196 , 1581357744.8185897
187 , 185 , 129 , 1581357744.8346965
127 , 183 , 185 , 1581357744.8556736
138 , 178 , 190 , 1581357744.8715422
175 , 185 , 198 , 1581357744.8897958
142 , 190 , 251 , 1581357744.9091492
180 , 185 , 187 , 1581357744.9293227
174 , 122 , 187 , 1581357744.9456315
183 , 187 , 178 , 1581357744.9617705
124 , 115 , 185 , 1581357744.9825377
120 , 177 , 183 , 1581357744.9991426
143 , 185 , 187 , 1581357745.0157766
178 , 177 , 192 , 1581357745.0358334
120 , 183 , 242 , 1581357745.0519416
144 , 181 , 242 , 1581357745.0725248
187 , 183 , 183 , 1581357745.088559
122 , 178 , 183 , 1581357745.1096575
144 , 178 , 121 , 1581357745.1257975
141 , 181 , 202 , 1581357745.1458573
120 , 188 , 178 , 1581357745.1624277
139 , 188 , 192 , 1581357745.1788492
171 , 178 , 190 , 1581357745.1953473
177 , 177 , 190 , 1581357745.2115018
173 , 190 , 187 , 1581357745.2282894
175 , 177 , 188 , 1581357745.2491434
139 , 180 , 230 , 1581357745.265224
123 , 180 , 190 , 1581357745.2891996
174 , 178 , 240 , 1581357745.3060002
143 , 181 , 190 , 1581357745.3260515
130 , 183 , 187 , 1581357745.3424969
142 , 123 , 194 , 1581357745.3628638
171 , 172 , 187 , 1581357745.3793912
141 , 190 , 190 , 1581357745.3973916
176 , 183 , 240 , 1581357745.416313
139 , 190 , 190 , 1581357745.4333184
172 , 177 , 185 , 1581357745.4578204
129 , 188 , 190 , 1581357745.473838
177 , 178 , 174 , 1581357745.4946105
145 , 123 , 180 , 1581357745.5105875
178 , 183 , 180 , 1581357745.5311007
141 , 234 , 185 , 1581357745.5472267
139 , 183 , 177 , 1581357745.564544
141 , 175 , 121 , 1581357745.5842183
172 , 185 , 192 , 1581357745.6043446
142 , 190 , 190 , 1581357745.6211634
124 , 183 , 188 , 1581357745.6380212
141 , 132 , 188 , 1581357745.654108
185 , 180 , 254 , 1581357745.6743064
145 , 180 , 244 , 1581357745.6950374
175 , 181 , 174 , 1581357745.7111738
125 , 180 , 183 , 1581357745.732715
185 , 177 , 194 , 1581357745.7561903
171 , 120 , 185 , 1581357745.7762148
135 , 178 , 185 , 1581357745.7931652
180 , 180 , 187 , 1581357745.8099668
174 , 175 , 183 , 1581357745.8262985
138 , 178 , 177 , 1581357745.8425846
185 , 185 , 172 , 1581357745.8586879
170 , 188 , 198 , 1581357745.8749385
176 , 181 , 187 , 1581357745.895654
118 , 181 , 183 , 1581357745.9120543
138 , 181 , 187 , 1581357745.9288154
174 , 180 , 190 , 1581357745.9487245
137 , 183 , 238 , 1581357745.965163
141 , 181 , 194 , 1581357745.9895658
124 , 174 , 190 , 1581357746.006109
138 , 172 , 174 , 1581357746.0228975
180 , 185 , 242 , 1581357746.039178
178 , 178 , 187 , 1581357746.0596826
124 , 174 , 190 , 1581357746.0798025
141 , 178 , 183 , 1581357746.0962818
125 , 177 , 194 , 1581357746.1171236
120 , 174 , 177 , 1581357746.133357
175 , 188 , 192 , 1581357746.1542397
141 , 183 , 177 , 1581357746.169981
139 , 181 , 181 , 1581357746.186812
172 , 178 , 185 , 1581357746.203149
140 , 178 , 187 , 1581357746.2190454
174 , 187 , 177 , 1581357746.2401338
175 , 188 , 177 , 1581357746.255939
138 , 185 , 177 , 1581357746.2731647
174 , 181 , 242 , 1581357746.292439
171 , 181 , 190 , 1581357746.3095894
141 , 183 , 188 , 1581357746.3302064
144 , 181 , 180 , 1581357746.3459857
146 , 188 , 181 , 1581357746.3663206
178 , 181 , 190 , 1581357746.3829672
119 , 116 , 188 , 1581357746.403905
140 , 122 , 188 , 1581357746.427902
180 , 180 , 192 , 1581357746.44469
120 , 122 , 181 , 1581357746.461114
175 , 187 , 181 , 1581357746.477479
178 , 175 , 169 , 1581357746.4937956
121 , 177 , 183 , 1581357746.509863
138 , 183 , 188 , 1581357746.530657
137 , 175 , 174 , 1581357746.5466378
171 , 177 , 226 , 1581357746.563613
140 , 180 , 234 , 1581357746.5838249
171 , 183 , 232 , 1581357746.6000206
168 , 174 , 185 , 1581357746.6165998
169 , 181 , 183 , 1581357746.6327412
174 , 181 , 177 , 1581357746.6501055
143 , 180 , 178 , 1581357746.6697304
137 , 175 , 172 , 1581357746.686505
139 , 169 , 177 , 1581357746.7062914
119 , 177 , 181 , 1581357746.7223465
118 , 180 , 181 , 1581357746.743496
140 , 177 , 183 , 1581357746.7636743
172 , 178 , 180 , 1581357746.7805586
168 , 183 , 188 , 1581357746.797047
169 , 175 , 181 , 1581357746.8133051
169 , 183 , 238 , 1581357746.8294687
141 , 171 , 242 , 1581357746.8452666
168 , 168 , 183 , 1581357746.8665035
171 , 172 , 242 , 1581357746.8825116
174 , 187 , 181 , 1581357746.8993707
171 , 177 , 181 , 1581357746.915611
173 , 172 , 232 , 1581357746.9315925
177 , 181 , 180 , 1581357746.956436
173 , 181 , 183 , 1581357746.9726033
140 , 174 , 185 , 1581357746.992926
175 , 185 , 172 , 1581357747.0093863
171 , 181 , 185 , 1581357747.026323
177 , 169 , 192 , 1581357747.0424752
121 , 166 , 232 , 1581357747.0586443
175 , 180 , 183 , 1581357747.0798428
140 , 177 , 174 , 1581357747.099713
123 , 171 , 187 , 1581357747.1202624
140 , 183 , 181 , 1581357747.1360493
120 , 120 , 183 , 1581357747.1532428
171 , 172 , 178 , 1581357747.169398
140 , 181 , 174 , 1581357747.1861591
172 , 180 , 180 , 1581357747.2019553
173 , 174 , 183 , 1581357747.2223215
119 , 171 , 183 , 1581357747.238842
141 , 175 , 180 , 1581357747.2549403
171 , 177 , 187 , 1581357747.2717535
140 , 188 , 174 , 1581357747.2878075
168 , 230 , 183 , 1581357747.304085
171 , 180 , 181 , 1581357747.3206103
137 , 175 , 175 , 1581357747.336865
177 , 175 , 185 , 1581357747.3585083
171 , 177 , 178 , 1581357747.3736403
139 , 117 , 183 , 1581357747.3906684
175 , 188 , 181 , 1581357747.406616
174 , 177 , 188 , 1581357747.4231062
141 , 118 , 180 , 1581357747.4399345
171 , 175 , 178 , 1581357747.4564662
178 , 177 , 180 , 1581357747.4726038
117 , 172 , 177 , 1581357747.492576
178 , 180 , 177 , 1581357747.5091772
174 , 183 , 178 , 1581357747.5301576
135 , 175 , 187 , 1581357747.546106
169 , 222 , 183 , 1581357747.566667
122 , 175 , 240 , 1581357747.583013
172 , 177 , 178 , 1581357747.599527
173 , 178 , 169 , 1581357747.6158717
171 , 180 , 168 , 1581357747.6322281
173 , 172 , 181 , 1581357747.652798
171 , 175 , 183 , 1581357747.66914
173 , 172 , 181 , 1581357747.6866462
136 , 180 , 185 , 1581357747.7061467
170 , 172 , 174 , 1581357747.7222679
138 , 177 , 181 , 1581357747.7386827
175 , 122 , 177 , 1581357747.7548401
171 , 175 , 171 , 1581357747.7719166
140 , 180 , 177 , 1581357747.791445
171 , 172 , 180 , 1581357747.8082178
138 , 174 , 181 , 1581357747.8278625
183 , 118 , 234 , 1581357747.845076
141 , 166 , 183 , 1581357747.8661985
138 , 174 , 242 , 1581357747.8852608
120 , 185 , 180 , 1581357747.907399
169 , 172 , 175 , 1581357747.926931
119 , 177 , 168 , 1581357747.9438255
171 , 180 , 181 , 1581357747.959619
140 , 181 , 181 , 1581357747.976322
177 , 183 , 180 , 1581357747.9926639
174 , 177 , 185 , 1581357748.0088398
170 , 181 , 175 , 1581357748.0295343
132 , 175 , 180 , 1581357748.0460782
171 , 178 , 180 , 1581357748.0632262
132 , 174 , 183 , 1581357748.082514
133 , 171 , 181 , 1581357748.0988822
171 , 171 , 183 , 1581357748.1228495
171 , 180 , 174 , 1581357748.1398473
140 , 175 , 228 , 1581357748.1608922
168 , 169 , 183 , 1581357748.18031
136 , 181 , 232 , 1581357748.197718
172 , 177 , 174 , 1581357748.217604
172 , 175 , 165 , 1581357748.234574
139 , 172 , 230 , 1581357748.2505195
168 , 169 , 181 , 1581357748.2669454
137 , 183 , 181 , 1581357748.2908216
137 , 171 , 181 , 1581357748.3077273
136 , 181 , 232 , 1581357748.324658
169 , 166 , 181 , 1581357748.3407865
167 , 174 , 174 , 1581357748.357329
139 , 174 , 178 , 1581357748.3768692
134 , 168 , 234 , 1581357748.3938544
122 , 177 , 168 , 1581357748.4144278
118 , 177 , 175 , 1581357748.4306338
139 , 180 , 169 , 1581357748.4488113
171 , 171 , 181 , 1581357748.4679615
140 , 175 , 171 , 1581357748.4841924
175 , 171 , 226 , 1581357748.5047705
174 , 175 , 180 , 1581357748.5208812
171 , 174 , 177 , 1581357748.5414844
169 , 174 , 175 , 1581357748.5577283
136 , 180 , 175 , 1581357748.5775657
167 , 171 , 230 , 1581357748.5944526
171 , 169 , 180 , 1581357748.611581
171 , 187 , 232 , 1581357748.6273103
136 , 174 , 232 , 1581357748.6443174
136 , 174 , 180 , 1581357748.6645894
137 , 181 , 234 , 1581357748.685072
167 , 174 , 234 , 1581357748.7011647
165 , 174 , 175 , 1581357748.7175324
169 , 172 , 180 , 1581357748.7383394
138 , 169 , 177 , 1581357748.7538276
173 , 174 , 175 , 1581357748.7708836
136 , 178 , 185 , 1581357748.786869
136 , 172 , 232 , 1581357748.8033652
169 , 181 , 174 , 1581357748.8241007
170 , 174 , 188 , 1581357748.8443213
136 , 165 , 228 , 1581357748.8655987
138 , 168 , 222 , 1581357748.8813248
165 , 169 , 180 , 1581357748.902987
168 , 164 , 236 , 1581357748.922114
136 , 183 , 174 , 1581357748.939468
138 , 177 , 178 , 1581357748.9549274
134 , 172 , 172 , 1581357748.9715555
140 , 168 , 177 , 1581357748.9954572
169 , 166 , 178 , 1581357749.0126452
119 , 175 , 175 , 1581357749.0330758
171 , 177 , 188 , 1581357749.049292
174 , 171 , 177 , 1581357749.0701532
140 , 181 , 234 , 1581357749.086162
137 , 175 , 171 , 1581357749.1063104
133 , 175 , 177 , 1581357749.1222327
172 , 171 , 175 , 1581357749.1402934
136 , 174 , 234 , 1581357749.1596735
171 , 172 , 175 , 1581357749.176348
141 , 174 , 232 , 1581357749.1971965
178 , 177 , 174 , 1581357749.2175043
167 , 174 , 172 , 1581357749.233755
169 , 230 , 174 , 1581357749.2499452
170 , 185 , 181 , 1581357749.2711027
168 , 174 , 181 , 1581357749.2865171
166 , 172 , 177 , 1581357749.3036733
167 , 171 , 228 , 1581357749.31969
171 , 177 , 178 , 1581357749.3357913
117 , 174 , 180 , 1581357749.3525076
138 , 220 , 172 , 1581357749.3684294
134 , 177 , 171 , 1581357749.384879
170 , 175 , 174 , 1581357749.4059513
111 , 169 , 175 , 1581357749.4219964
132 , 181 , 228 , 1581357749.442545
172 , 174 , 234 , 1581357749.4586172
137 , 178 , 183 , 1581357749.4754975
140 , 175 , 224 , 1581357749.491632
136 , 175 , 178 , 1581357749.507848
138 , 175 , 177 , 1581357749.5284164
136 , 178 , 171 , 1581357749.5488791
168 , 183 , 172 , 1581357749.5698154
172 , 175 , 185 , 1581357749.5897439
172 , 169 , 232 , 1581357749.6101706
139 , 175 , 185 , 1581357749.626678
138 , 181 , 178 , 1581357749.6439247
142 , 178 , 174 , 1581357749.659985
167 , 177 , 183 , 1581357749.6801426
135 , 169 , 180 , 1581357749.6961305
175 , 188 , 172 , 1581357749.712525
174 , 178 , 174 , 1581357749.733704
136 , 174 , 174 , 1581357749.7491174
168 , 171 , 181 , 1581357749.7682302
172 , 180 , 234 , 1581357749.7866294
171 , 175 , 174 , 1581357749.8030202
167 , 171 , 194 , 1581357749.8203723
139 , 180 , 180 , 1581357749.8395317
122 , 172 , 180 , 1581357749.8601172
145 , 171 , 174 , 1581357749.8765519
136 , 171 , 175 , 1581357749.8974526
168 , 172 , 236 , 1581357749.9175615
120 , 166 , 181 , 1581357749.9341486
137 , 169 , 177 , 1581357749.9504106
136 , 181 , 172 , 1581357749.9667935
171 , 177 , 174 , 1581357749.9831522
136 , 180 , 181 , 1581357749.999285
168 , 174 , 183 , 1581357750.020908
171 , 120 , 226 , 1581357750.040274
173 , 168 , 230 , 1581357750.05749
172 , 171 , 177 , 1581357750.0731611
167 , 181 , 180 , 1581357750.0897868
146 , 172 , 185 , 1581357750.1060376
141 , 181 , 177 , 1581357750.122162
136 , 168 , 181 , 1581357750.1388533
138 , 118 , 187 , 1581357750.154996
116 , 166 , 183 , 1581357750.1716406
166 , 120 , 177 , 1581357750.191867
137 , 177 , 181 , 1581357750.20798
138 , 171 , 180 , 1581357750.224148
178 , 175 , 181 , 1581357750.2408328
139 , 178 , 180 , 1581357750.261002
170 , 174 , 178 , 1581357750.2772586
134 , 180 , 175 , 1581357750.2939954
138 , 177 , 175 , 1581357750.31015
169 , 174 , 175 , 1581357750.3272066
115 , 172 , 181 , 1581357750.34749
136 , 172 , 178 , 1581357750.3636653
143 , 174 , 177 , 1581357750.3798764
169 , 180 , 181 , 1581357750.396192
168 , 174 , 185 , 1581357750.4176655
166 , 175 , 230 , 1581357750.4335873
134 , 165 , 228 , 1581357750.4508743
166 , 220 , 240 , 1581357750.4705186
165 , 181 , 172 , 1581357750.4867811
123 , 172 , 180 , 1581357750.506607
171 , 169 , 180 , 1581357750.523516
178 , 171 , 236 , 1581357750.5477066
169 , 171 , 178 , 1581357750.5645218
168 , 175 , 181 , 1581357750.5858424
171 , 171 , 174 , 1581357750.601593
148 , 177 , 171 , 1581357750.6186957
178 , 118 , 185 , 1581357750.6341722
138 , 169 , 230 , 1581357750.6509678
134 , 177 , 124 , 1581357750.6670926
173 , 171 , 188 , 1581357750.6833096
122 , 166 , 171 , 1581357750.7000816
137 , 177 , 228 , 1581357750.7162158
167 , 174 , 175 , 1581357750.7323658
167 , 166 , 230 , 1581357750.749257
141 , 169 , 228 , 1581357750.765671
170 , 185 , 174 , 1581357750.7823439
178 , 187 , 236 , 1581357750.8021512
138 , 171 , 180 , 1581357750.818555
138 , 181 , 178 , 1581357750.8350525
172 , 172 , 180 , 1581357750.8512914
136 , 165 , 177 , 1581357750.8723316
171 , 177 , 168 , 1581357750.8922079
171 , 117 , 180 , 1581357750.9099972
169 , 121 , 181 , 1581357750.9296246
171 , 171 , 174 , 1581357750.9459865
138 , 121 , 171 , 1581357750.9617758
169 , 175 , 228 , 1581357750.9781673
136 , 180 , 174 , 1581357750.9994452
172 , 181 , 168 , 1581357751.0192137
170 , 169 , 178 , 1581357751.0395308
171 , 174 , 169 , 1581357751.0561347
140 , 175 , 226 , 1581357751.072691
122 , 169 , 174 , 1581357751.0888922
169 , 177 , 183 , 1581357751.1051493
175 , 174 , 188 , 1581357751.126459
138 , 172 , 230 , 1581357751.1421578
171 , 169 , 169 , 1581357751.1602917
171 , 177 , 224 , 1581357751.1832702
177 , 185 , 172 , 1581357751.1997833
168 , 169 , 181 , 1581357751.215803
138 , 172 , 181 , 1581357751.232447
136 , 175 , 169 , 1581357751.2527783
122 , 172 , 178 , 1581357751.269033
171 , 177 , 230 , 1581357751.2873108
139 , 171 , 175 , 1581357751.3060315
170 , 169 , 177 , 1581357751.3221617
170 , 171 , 181 , 1581357751.3430438
134 , 174 , 181 , 1581357751.359024
134 , 177 , 175 , 1581357751.3801284
133 , 175 , 180 , 1581357751.395903
137 , 169 , 187 , 1581357751.4128604
138 , 171 , 168 , 1581357751.428562
171 , 165 , 183 , 1581357751.4450142
125 , 165 , 230 , 1581357751.4656508
171 , 174 , 236 , 1581357751.4864488
168 , 175 , 228 , 1581357751.5029368
132 , 123 , 180 , 1581357751.5190277
177 , 169 , 181 , 1581357751.5355508
171 , 120 , 232 , 1581357751.5516992
134 , 169 , 187 , 1581357751.5685363
138 , 232 , 175 , 1581357751.5918145
123 , 169 , 168 , 1581357751.609297
115 , 171 , 178 , 1581357751.6252408
167 , 122 , 178 , 1581357751.6413238
138 , 169 , 226 , 1581357751.6584034
136 , 181 , 198 , 1581357751.6745286
171 , 171 , 180 , 1581357751.690885
134 , 166 , 178 , 1581357751.7122784
136 , 177 , 177 , 1581357751.7317605
169 , 172 , 175 , 1581357751.7485175
168 , 224 , 180 , 1581357751.7643588
171 , 113 , 178 , 1581357751.7808769
173 , 178 , 228 , 1581357751.801837
171 , 175 , 183 , 1581357751.817908
138 , 178 , 178 , 1581357751.834856
138 , 121 , 228 , 1581357751.8504794
134 , 177 , 178 , 1581357751.8665833
138 , 175 , 236 , 1581357751.8878016
168 , 177 , 228 , 1581357751.9037302
171 , 172 , 180 , 1581357751.9245813
171 , 174 , 226 , 1581357751.9406343
138 , 174 , 236 , 1581357751.961097
169 , 180 , 180 , 1581357751.981189
138 , 172 , 187 , 1581357751.999615
147 , 185 , 181 , 1581357752.0185535
140 , 177 , 178 , 1581357752.035223
138 , 169 , 180 , 1581357752.0512924
169 , 171 , 181 , 1581357752.0675464
134 , 172 , 236 , 1581357752.0888276
139 , 178 , 177 , 1581357752.1086056
168 , 175 , 172 , 1581357752.1258476
170 , 172 , 169 , 1581357752.141681
175 , 174 , 187 , 1581357752.1578753
175 , 175 , 180 , 1581357752.1784923
168 , 178 , 172 , 1581357752.19455
167 , 180 , 242 , 1581357752.2116737
138 , 171 , 226 , 1581357752.2276242
119 , 174 , 185 , 1581357752.243605
137 , 171 , 169 , 1581357752.2604113
172 , 174 , 187 , 1581357752.2769
141 , 181 , 230 , 1581357752.2935176
175 , 174 , 183 , 1581357752.317578
171 , 172 , 183 , 1581357752.334455
167 , 175 , 185 , 1581357752.3503282
138 , 113 , 236 , 1581357752.3666391
133 , 166 , 181 , 1581357752.383778
167 , 180 , 222 , 1581357752.3993013
172 , 113 , 178 , 1581357752.4160178
169 , 169 , 180 , 1581357752.4363751
138 , 180 , 234 , 1581357752.4525402
138 , 181 , 242 , 1581357752.4740095
178 , 185 , 190 , 1581357752.4976575
171 , 177 , 183 , 1581357752.51835
138 , 181 , 177 , 1581357752.5344937
169 , 175 , 185 , 1581357752.5517435
168 , 174 , 175 , 1581357752.5679963
168 , 177 , 183 , 1581357752.5839257
171 , 174 , 183 , 1581357752.6002
141 , 181 , 175 , 1581357752.6163483
174 , 165 , 177 , 1581357752.6343603
139 , 177 , 236 , 1581357752.6535432
169 , 181 , 181 , 1581357752.6702442
113 , 181 , 174 , 1581357752.6863523
138 , 222 , 177 , 1581357752.7024028
170 , 181 , 175 , 1581357752.7232049
171 , 168 , 180 , 1581357752.7395146
169 , 175 , 234 , 1581357752.7577024
171 , 164 , 169 , 1581357752.776644
165 , 178 , 236 , 1581357752.7924154
170 , 187 , 228 , 1581357752.8171067
169 , 175 , 230 , 1581357752.8336413
168 , 177 , 224 , 1581357752.853828
171 , 165 , 180 , 1581357752.870299
168 , 171 , 242 , 1581357752.8875227
136 , 177 , 177 , 1581357752.9030397
174 , 172 , 240 , 1581357752.919627
167 , 171 , 181 , 1581357752.940317
135 , 180 , 175 , 1581357752.960802
135 , 174 , 178 , 1581357752.977056
167 , 226 , 226 , 1581357752.997334
120 , 174 , 183 , 1581357753.0221777
168 , 177 , 234 , 1581357753.038238
171 , 166 , 177 , 1581357753.0546823
167 , 175 , 181 , 1581357753.0711832
122 , 169 , 232 , 1581357753.087723
167 , 169 , 166 , 1581357753.1040678
146 , 177 , 180 , 1581357753.120158
145 , 177 , 174 , 1581357753.1371083
116 , 178 , 177 , 1581357753.157191
136 , 166 , 172 , 1581357753.1740212
140 , 178 , 172 , 1581357753.1901042
141 , 178 , 169 , 1581357753.2062855
171 , 178 , 175 , 1581357753.2232842
174 , 177 , 171 , 1581357753.2435188
172 , 123 , 228 , 1581357753.2597067
174 , 174 , 172 , 1581357753.2799535
169 , 120 , 169 , 1581357753.2962673
138 , 166 , 183 , 1581357753.3205793
171 , 180 , 228 , 1581357753.3414273
169 , 181 , 222 , 1581357753.3586128
172 , 168 , 228 , 1581357753.373745
141 , 171 , 177 , 1581357753.3906531
169 , 165 , 172 , 1581357753.4074564
171 , 171 , 181 , 1581357753.4233406
122 , 169 , 175 , 1581357753.4438596
168 , 112 , 185 , 1581357753.4601119
138 , 180 , 187 , 1581357753.4815009
169 , 172 , 183 , 1581357753.4973555
167 , 172 , 177 , 1581357753.5140436
168 , 172 , 175 , 1581357753.5341136
169 , 172 , 175 , 1581357753.550313
172 , 172 , 178 , 1581357753.5675216
117 , 172 , 224 , 1581357753.5870767
168 , 175 , 175 , 1581357753.6040416
169 , 165 , 169 , 1581357753.6201353
140 , 177 , 171 , 1581357753.6362355
137 , 220 , 180 , 1581357753.6572654
141 , 226 , 174 , 1581357753.6733484
165 , 177 , 175 , 1581357753.6907103
171 , 172 , 178 , 1581357753.7103522
168 , 177 , 180 , 1581357753.7266123
111 , 180 , 177 , 1581357753.7472854
134 , 175 , 174 , 1581357753.767484
138 , 166 , 165 , 1581357753.7840092
138 , 169 , 183 , 1581357753.800058
134 , 183 , 181 , 1581357753.820459
171 , 222 , 177 , 1581357753.8370826
133 , 168 , 183 , 1581357753.8541305
169 , 178 , 171 , 1581357753.8701649
138 , 166 , 226 , 1581357753.886023
168 , 168 , 180 , 1581357753.9069505
169 , 178 , 174 , 1581357753.9228923
171 , 177 , 175 , 1581357753.940617
122 , 172 , 178 , 1581357753.9603481
171 , 180 , 181 , 1581357753.9764483
138 , 175 , 178 , 1581357753.9927166
138 , 175 , 230 , 1581357754.0089211
169 , 177 , 174 , 1581357754.0297377
138 , 177 , 178 , 1581357754.0462039
174 , 181 , 178 , 1581357754.0630002
136 , 178 , 180 , 1581357754.082716
140 , 172 , 185 , 1581357754.0991116
168 , 180 , 181 , 1581357754.1158047
171 , 181 , 238 , 1581357754.1322017
140 , 172 , 228 , 1581357754.1487515
123 , 178 , 178 , 1581357754.1685698
139 , 185 , 230 , 1581357754.185238
116 , 171 , 228 , 1581357754.2137754
168 , 178 , 238 , 1581357754.2301338
177 , 174 , 180 , 1581357754.2510233
132 , 220 , 175 , 1581357754.2670264
171 , 169 , 181 , 1581357754.283642
146 , 178 , 171 , 1581357754.2999096
121 , 174 , 232 , 1581357754.3164105
171 , 181 , 175 , 1581357754.336816
167 , 169 , 178 , 1581357754.3530655
174 , 171 , 185 , 1581357754.3698478
174 , 172 , 192 , 1581357754.3858778
171 , 222 , 188 , 1581357754.402365
133 , 175 , 228 , 1581357754.418793
171 , 123 , 174 , 1581357754.434996
118 , 181 , 178 , 1581357754.4561396
140 , 171 , 180 , 1581357754.4759285
114 , 169 , 181 , 1581357754.4928586
134 , 175 , 181 , 1581357754.5088265
171 , 171 , 181 , 1581357754.5291717
168 , 172 , 177 , 1581357754.550394
170 , 171 , 190 , 1581357754.5663974
170 , 169 , 181 , 1581357754.5835104
166 , 180 , 238 , 1581357754.6033964
114 , 228 , 174 , 1581357754.6235635
172 , 172 , 180 , 1581357754.6441374
149 , 174 , 178 , 1581357754.6604147
170 , 224 , 187 , 1581357754.6768663
165 , 122 , 165 , 1581357754.6930826
172 , 177 , 177 , 1581357754.7141309
138 , 115 , 178 , 1581357754.7302196
140 , 185 , 181 , 1581357754.7485416
116 , 177 , 228 , 1581357754.766479
169 , 180 , 171 , 1581357754.7829175
167 , 174 , 177 , 1581357754.803967
180 , 175 , 168 , 1581357754.8199322
172 , 164 , 188 , 1581357754.8407757
138 , 185 , 118 , 1581357754.8608727
137 , 230 , 178 , 1581357754.877768
169 , 164 , 180 , 1581357754.894036
139 , 171 , 183 , 1581357754.9100528
173 , 175 , 181 , 1581357754.9266903
134 , 168 , 180 , 1581357754.942699
168 , 169 , 185 , 1581357754.9598184
136 , 171 , 180 , 1581357754.979706
173 , 180 , 232 , 1581357754.9961748
172 , 120 , 178 , 1581357755.0206504
135 , 171 , 178 , 1581357755.037137
137 , 185 , 169 , 1581357755.0579555
169 , 165 , 181 , 1581357755.0739665
136 , 175 , 185 , 1581357755.0946186
118 , 175 , 183 , 1581357755.1108613
171 , 181 , 177 , 1581357755.1277084
136 , 181 , 172 , 1581357755.1476588
122 , 178 , 178 , 1581357755.1642644
137 , 171 , 172 , 1581357755.1804214
170 , 178 , 181 , 1581357755.2010117
172 , 172 , 232 , 1581357755.221561
170 , 174 , 175 , 1581357755.2418134
178 , 120 , 178 , 1581357755.2622502
169 , 175 , 238 , 1581357755.2785873
175 , 175 , 172 , 1581357755.296225
177 , 114 , 124 , 1581357755.3156908
134 , 117 , 171 , 1581357755.332132
139 , 172 , 172 , 1581357755.3485518
180 , 168 , 174 , 1581357755.364553
171 , 171 , 175 , 1581357755.385725
118 , 172 , 185 , 1581357755.4015307
169 , 183 , 177 , 1581357755.4188015
136 , 171 , 175 , 1581357755.4383943
137 , 169 , 224 , 1581357755.4548116
114 , 180 , 232 , 1581357755.471351
171 , 168 , 180 , 1581357755.4875104
137 , 117 , 218 , 1581357755.504466
134 , 177 , 181 , 1581357755.5284798
170 , 171 , 171 , 1581357755.5453904
165 , 174 , 240 , 1581357755.5645833
169 , 178 , 180 , 1581357755.581656
136 , 171 , 175 , 1581357755.6023986
171 , 172 , 181 , 1581357755.6181386
167 , 177 , 240 , 1581357755.6384826
138 , 181 , 181 , 1581357755.6558661
172 , 177 , 183 , 1581357755.6723073
171 , 174 , 177 , 1581357755.6883857
170 , 178 , 180 , 1581357755.7044735
135 , 172 , 185 , 1581357755.7285812
171 , 172 , 187 , 1581357755.7455647
136 , 169 , 183 , 1581357755.7667456
137 , 232 , 187 , 1581357755.7826362
136 , 171 , 174 , 1581357755.7992413
121 , 171 , 177 , 1581357755.815547
136 , 175 , 177 , 1581357755.836155
114 , 187 , 178 , 1581357755.8522723
133 , 172 , 185 , 1581357755.8683817
171 , 177 , 175 , 1581357755.8896494
138 , 171 , 180 , 1581357755.909368
138 , 172 , 177 , 1581357755.9264004
136 , 174 , 168 , 1581357755.9424212
134 , 175 , 178 , 1581357755.958374
174 , 174 , 175 , 1581357755.97536
168 , 178 , 188 , 1581357755.9955788
169 , 175 , 183 , 1581357756.0136685
170 , 119 , 183 , 1581357756.0325482
136 , 180 , 242 , 1581357756.048753
138 , 175 , 177 , 1581357756.069584
171 , 168 , 181 , 1581357756.085523
172 , 175 , 228 , 1581357756.106312
137 , 175 , 226 , 1581357756.1222944
171 , 174 , 230 , 1581357756.139771
170 , 117 , 175 , 1581357756.1597176
145 , 174 , 234 , 1581357756.1757858
121 , 175 , 172 , 1581357756.192138
171 , 168 , 168 , 1581357756.2078967
136 , 180 , 230 , 1581357756.2324533
138 , 181 , 168 , 1581357756.249434
167 , 175 , 181 , 1581357756.267704
167 , 180 , 181 , 1581357756.2864797
142 , 172 , 175 , 1581357756.3028722
174 , 171 , 168 , 1581357756.3191164
139 , 122 , 166 , 1581357756.3394403
140 , 113 , 177 , 1581357756.3598962
136 , 169 , 230 , 1581357756.375817
172 , 181 , 180 , 1581357756.3969166
177 , 172 , 181 , 1581357756.413154
136 , 224 , 232 , 1581357756.4307842
175 , 181 , 187 , 1581357756.4540806
138 , 177 , 183 , 1581357756.4705567
122 , 175 , 187 , 1581357756.4871838
137 , 180 , 171 , 1581357756.5034194
169 , 171 , 174 , 1581357756.519832
168 , 169 , 180 , 1581357756.5359733
174 , 175 , 177 , 1581357756.5574315
139 , 174 , 226 , 1581357756.5771232
172 , 181 , 178 , 1581357756.5973825
168 , 169 , 230 , 1581357756.6140811
171 , 175 , 177 , 1581357756.6304955
145 , 169 , 177 , 1581357756.646774
148 , 174 , 236 , 1581357756.662999
139 , 178 , 181 , 1581357756.68402
171 , 175 , 177 , 1581357756.6999443
132 , 168 , 175 , 1581357756.7169225
177 , 177 , 234 , 1581357756.7363498
175 , 177 , 177 , 1581357756.753033
172 , 122 , 181 , 1581357756.7775216
134 , 180 , 181 , 1581357756.7940514
178 , 168 , 178 , 1581357756.8148298
138 , 178 , 177 , 1581357756.8309543
141 , 172 , 177 , 1581357756.8486512
170 , 175 , 172 , 1581357756.8679686
167 , 175 , 234 , 1581357756.8844712
171 , 181 , 232 , 1581357756.9052658
131 , 181 , 169 , 1581357756.9213474
137 , 180 , 177 , 1581357756.9376726
174 , 175 , 183 , 1581357756.957828
120 , 175 , 181 , 1581357756.978807
137 , 185 , 177 , 1581357756.9942775
138 , 171 , 174 , 1581357757.0116968
168 , 168 , 174 , 1581357757.0272572
172 , 175 , 177 , 1581357757.0437284
171 , 178 , 180 , 1581357757.0686016
177 , 177 , 180 , 1581357757.0847514
166 , 122 , 226 , 1581357757.105953
171 , 172 , 174 , 1581357757.1217656
180 , 178 , 175 , 1581357757.1384563
168 , 175 , 123 , 1581357757.1589453
123 , 181 , 181 , 1581357757.1750185
168 , 171 , 180 , 1581357757.191531
175 , 168 , 174 , 1581357757.2075305
134 , 120 , 238 , 1581357757.2289145
171 , 117 , 226 , 1581357757.2487216
167 , 172 , 177 , 1581357757.2666202
172 , 169 , 177 , 1581357757.2860897
138 , 177 , 174 , 1581357757.3024273
176 , 178 , 183 , 1581357757.3226259
175 , 178 , 238 , 1581357757.3386917
122 , 164 , 177 , 1581357757.3591256
114 , 185 , 169 , 1581357757.3755057
171 , 166 , 187 , 1581357757.3964558
121 , 171 , 188 , 1581357757.412518
170 , 181 , 180 , 1581357757.4304383
136 , 183 , 180 , 1581357757.4501894
135 , 174 , 187 , 1581357757.4708667
168 , 174 , 183 , 1581357757.4905438
169 , 169 , 180 , 1581357757.506733
146 , 172 , 181 , 1581357757.5231762
137 , 180 , 164 , 1581357757.53934
138 , 174 , 168 , 1581357757.5595455
172 , 175 , 192 , 1581357757.5761409
138 , 177 , 178 , 1581357757.5936582
168 , 171 , 180 , 1581357757.613481
170 , 178 , 165 , 1581357757.629825
171 , 171 , 175 , 1581357757.6498797
169 , 171 , 187 , 1581357757.666376
145 , 166 , 228 , 1581357757.687077
170 , 175 , 224 , 1581357757.7032797
134 , 180 , 177 , 1581357757.7232475
141 , 169 , 174 , 1581357757.7400706
171 , 180 , 183 , 1581357757.7567482
138 , 172 , 177 , 1581357757.773174
138 , 175 , 185 , 1581357757.7892728
168 , 180 , 174 , 1581357757.8098502
174 , 178 , 181 , 1581357757.8262024
141 , 181 , 192 , 1581357757.8448253
171 , 172 , 175 , 1581357757.863277
167 , 228 , 188 , 1581357757.8792756
121 , 187 , 188 , 1581357757.9002962
166 , 178 , 228 , 1581357757.91643
173 , 178 , 234 , 1581357757.93379
170 , 177 , 175 , 1581357757.9538383
171 , 220 , 185 , 1581357757.9699254
167 , 118 , 234 , 1581357757.98985
168 , 181 , 171 , 1581357758.0062842
171 , 175 , 180 , 1581357758.0271368
167 , 172 , 180 , 1581357758.043182
136 , 169 , 174 , 1581357758.0635498
168 , 166 , 181 , 1581357758.0793853
119 , 180 , 177 , 1581357758.0963154
138 , 181 , 234 , 1581357758.1119456
173 , 177 , 226 , 1581357758.1283643
175 , 172 , 171 , 1581357758.1448183
171 , 171 , 183 , 1581357758.1619358
138 , 171 , 181 , 1581357758.1780813
167 , 168 , 180 , 1581357758.1946495
138 , 187 , 232 , 1581357758.215364
132 , 180 , 187 , 1581357758.231597
142 , 168 , 175 , 1581357758.2480698
169 , 172 , 174 , 1581357758.2643607
171 , 177 , 178 , 1581357758.2810483
138 , 178 , 175 , 1581357758.2975721
134 , 174 , 172 , 1581357758.3135784
136 , 172 , 238 , 1581357758.3337855
167 , 172 , 183 , 1581357758.350504
171 , 232 , 174 , 1581357758.3670049
167 , 118 , 177 , 1581357758.3836691
171 , 171 , 238 , 1581357758.3996487
135 , 169 , 181 , 1581357758.4167721
168 , 175 , 234 , 1581357758.4361649
119 , 178 , 226 , 1581357758.4526656
139 , 174 , 178 , 1581357758.4735687
133 , 177 , 178 , 1581357758.4896095
140 , 175 , 183 , 1581357758.5108457
117 , 168 , 185 , 1581357758.53059
171 , 171 , 177 , 1581357758.547206
122 , 169 , 166 , 1581357758.5639055
141 , 174 , 190 , 1581357758.5797453
174 , 175 , 172 , 1581357758.5966284
134 , 169 , 181 , 1581357758.6120367
171 , 178 , 175 , 1581357758.6328595
136 , 174 , 181 , 1581357758.6495228
177 , 174 , 181 , 1581357758.666348
171 , 181 , 226 , 1581357758.6865835
139 , 220 , 224 , 1581357758.7025075
138 , 175 , 178 , 1581357758.7191107
171 , 171 , 181 , 1581357758.7354083
171 , 226 , 177 , 1581357758.7522311
117 , 183 , 178 , 1581357758.7683735
134 , 175 , 236 , 1581357758.7844157
171 , 177 , 181 , 1581357758.8054633
136 , 172 , 183 , 1581357758.8210516
120 , 172 , 185 , 1581357758.8429265
172 , 175 , 168 , 1581357758.862365
177 , 228 , 185 , 1581357758.8790412
172 , 181 , 181 , 1581357758.8952997
139 , 178 , 181 , 1581357758.911409
137 , 169 , 175 , 1581357758.928114
166 , 166 , 177 , 1581357758.9445355
136 , 120 , 181 , 1581357758.9608974
138 , 171 , 230 , 1581357758.9815853
174 , 168 , 180 , 1581357758.9975028
172 , 177 , 234 , 1581357759.018694
171 , 171 , 175 , 1581357759.0346053
132 , 177 , 187 , 1581357759.0513098
169 , 178 , 178 , 1581357759.0717704
136 , 183 , 236 , 1581357759.0919766
147 , 177 , 181 , 1581357759.10812
165 , 171 , 181 , 1581357759.1246426
166 , 172 , 228 , 1581357759.1454246
138 , 177 , 175 , 1581357759.161675
119 , 177 , 124 , 1581357759.1783967
117 , 180 , 224 , 1581357759.198583
175 , 181 , 183 , 1581357759.2145045
171 , 169 , 187 , 1581357759.2353241
167 , 185 , 224 , 1581357759.2513683
169 , 181 , 178 , 1581357759.272451
171 , 181 , 180 , 1581357759.288617
170 , 181 , 169 , 1581357759.3047473
138 , 178 , 181 , 1581357759.3256211
117 , 174 , 181 , 1581357759.3414845
138 , 177 , 178 , 1581357759.3675492
172 , 185 , 232 , 1581357759.3865554
169 , 178 , 168 , 1581357759.4043303
165 , 174 , 181 , 1581357759.4233067
139 , 175 , 180 , 1581357759.440133
143 , 181 , 181 , 1581357759.456483
175 , 175 , 178 , 1581357759.4725628
135 , 178 , 183 , 1581357759.4974306
135 , 115 , 175 , 1581357759.5135906
171 , 169 , 178 , 1581357759.5302444
