0.000532284384346 , 0.00120132044557 , 0.0217619860397 , -1.18281e-05 , -9.829e-05 , 0 , -74 , -77 , 53170.71977171145 , -3226.995480511693 , -10334.914033853336 , 0.00029711 , 0.00225268 , 0.00239776029175 , 1591217955.672551
0.000650061561067 , 0.00246137748335 , 0.186300245353 , 5.79374e-06 , -0.000116049 , -159 , -172 , -172 , 54893.2733793473 , -2542.912239177043 , -13975.304694419863 , 0.00136465 , 0.000169034 , 0.00173890467699 , 1591217955.7284877
0.00068306899735 , 0.00280875441001 , 0.362307659472 , -0.000145854 , -0.0002825 , -189 , -174 , -177 , 55370.470283056246 , -196.29954518349464 , -24436.504182320798 , -0.000696114 , 0.000205827 , 0.00119289821887 , 1591217955.7821567
0.00444734979925 , -0.0078049755818 , 0.487880200539 , -0.000102508 , -0.000262289 , -194 , 129 , 73 , 49576.999140498745 , 16.8694538125425 , -36370.375621906256 , -0.000472372 , -0.00199442 , 0.00470757221545 , 1591217955.8392668
0.0091078083122 , -0.0416720916248 , 0.486556836523 , -0.000126293 , -0.00021216 , -166 , 61 , 187 , 45007.30056259702 , 880.6300734675556 , -45073.54796970457 , 0.00535031 , 0.00232095 , 0.0180784332177 , 1591217955.89228
0.027855405784 , -0.0797007632706 , 0.434210437671 , 0.000175824 , 6.65904e-05 , -192 , 168 , 178 , 51931.94973339265 , 1201.354387996186 , -52972.35271083401 , 0.00532982 , 0.00169305 , 0.00581517637432 , 1591217955.946017
0.0426668785778 , -0.11129576807 , 0.355984920285 , -2.39821e-05 , -0.000161425 , 161 , 120 , 196 , 66118.30587641183 , 573.904362999679 , -59424.466419241755 , 0.0015223 , 0.00024184 , 0.00900551328576 , 1591217956.001392
0.04465315844 , -0.11663773143 , 0.191005539632 , -1.10245e-05 , -0.000168307 , 162 , 177 , 183 , 85276.85962874116 , 109.3245752940176 , -62254.52023688309 , 0.000387844 , -0.000490267 , 0.00711391943022 , 1591217956.055933
0.0351745076561 , -0.120889239515 , 0.0735202231071 , -0.000265476 , -0.000250492 , -187 , -64 , 210 , 107343.11810475407 , -22.388428782022324 , -53784.941851631884 , -0.00163285 , 0.000233119 , 0.0017657665079 , 1591217956.109191
0.0157085293408 , -0.147114790246 , 0.069991252398 , -5.5325e-05 , -0.000173744 , -175 , -65 , 190 , 119069.88419097755 , -612.1526515314522 , -50102.14765971967 , 0.00251527 , 0.00137471 , 0.00344487811787 , 1591217956.1625674
-0.0218307131899 , -0.173495811851 , 0.127484066868 , -0.000125397 , -0.000228385 , -195 , -178 , 185 , 130578.80891323056 , -488.50582879734145 , -61634.36610876126 , 0.000449248 , 0.000260958 , 0.00251699372811 , 1591217956.2204332
-0.0482937951128 , -0.18398572566 , 0.195857874357 , -1.54952e-05 , -0.000177884 , 156 , -192 , -70 , 135419.13165988607 , -22.23067922155599 , -87040.72561880166 , 0.00207717 , 0.000411783 , 0.00267013813096 , 1591217956.2731605
-0.0535747192826 , -0.169054934423 , 0.219237305305 , -9.3221e-05 , -2.31068e-05 , -165 , 70 , 0 , 129978.8539165737 , 16.722942952607713 , -114547.29463820047 , 0.00177253 , 0.00258771 , 0.00906111176906 , 1591217956.3265233
-0.0613172593818 , -0.198830472715 , 0.20703294827 , -0.000251594 , -0.000287124 , -197 , 64 , 173 , 124655.29438776312 , 167.72811082444798 , -124457.0261152391 , -0.00148624 , -0.00172677 , 0.00581530267101 , 1591217956.383701
-0.0520919351115 , -0.222271319889 , 0.177771899473 , -0.000285572 , -0.000109639 , 157 , 190 , -70 , 138980.0024431318 , 205.88281414619192 , -140853.69556240138 , -0.00447235 , 0.00296189 , 0.00905378462915 , 1591217956.436892
-0.0237362868219 , -0.202501641034 , 0.136453534087 , -0.000193131 , -4.09658e-05 , 198 , 185 , -185 , 157708.31725272807 , 85.46642324715017 , -150815.60117425732 , -0.0044301 , 0.00321909 , 0.00597398781704 , 1591217956.4929855
0.0127114326535 , -0.178744246756 , 0.103663514581 , -9.32884e-05 , 2.11819e-05 , -161 , 125 , -202 , 165160.31143770067 , 9.219425753919916 , -142755.61622687997 , -0.000847001 , 0.00174575 , 0.00194886361075 , 1591217956.5515575
0.0458963407301 , -0.187678822515 , 0.160127045927 , -0.000369493 , -2.96822e-05 , -185 , 122 , -187 , 165683.154607114 , 4.831974757657142e-05 , -134877.69500965677 , -0.0024603 , 0.0020704 , 0.010264977594 , 1591217956.6048083
0.0767993659934 , -0.191460594393 , 0.219531386198 , -0.000231358 , -0.000177747 , 167 , 128 , -148 , 159722.4893848065 , 30.671777839405863 , -150538.64923977028 , -0.00124831 , -0.00111739 , 0.00310933913438 , 1591217956.6602666
0.10273238773 , -0.163032097373 , 0.201739492206 , -0.000303692 , -0.000314418 , 197 , 127 , -192 , 152625.64983934592 , 366.3561201428481 , -163005.65895674104 , -0.000913348 , 0.000641997 , 0.00120008285875 , 1591217956.7153308
0.134844854405 , -0.133851212235 , 0.148069729338 , 5.45043e-05 , -0.000202134 , 190 , 169 , -175 , 152086.18009477886 , 288.9014172297394 , -154636.32134966884 , 0.00327908 , -0.000196171 , 0.00371056632989 , 1591217956.768665
0.169608615963 , -0.106153124452 , 0.0910180362066 , -0.000451293 , -0.000329227 , 189 , 183 , -183 , 157440.18465788983 , 36.24603449823344 , -140110.6281704678 , -0.00196148 , -0.00132148 , 0.00267168340252 , 1591217956.821885
0.193412164013 , -0.0863908323319 , 0.00852834588042 , -0.000117199 , -0.000194079 , 193 , 183 , 63 , 162362.19000322677 , -1.0242993618321864e-05 , -124103.90223415378 , 0.000901777 , -0.000417867 , 0.00482307590455 , 1591217956.875141
0.186396657977 , -0.0865344805469 , -0.0951351687006 , -0.000522239 , -0.000147664 , -152 , -69 , 88 , 175023.22567654806 , -83.55561065317599 , -104549.28230805793 , -0.0119372 , -0.00745323 , 0.0198422358338 , 1591217956.9285588
0.170898545185 , -0.101220805132 , -0.0616099469638 , 9.14699e-06 , 0.000130855 , -180 , -129 , -68 , 188594.49400502068 , -1115.086177958039 , -95135.90301536191 , 0.00307898 , 0.00345549 , 0.0112004611169 , 1591217956.9816122
0.159360041033 , -0.107506715552 , 0.0639625941032 , 9.39969e-05 , 0.0004023 , -188 , -185 , 63 , 189144.90924135572 , -414.8664350230998 , -117809.27214647786 , -0.00124117 , 0.00159945 , 0.0023256152272 , 1591217957.0349588
0.147103075881 , -0.127356322355 , 0.127925188206 , -0.000540463 , 0.00016755 , -194 , 132 , 0 , 167392.44048183487 , 5.104131998314947 , -157727.82169999072 , -0.00499926 , 0.00157072 , 0.00833848264724 , 1591217957.0880811
0.157980024065 , -0.13719621944 , 0.169831715377 , 0.000310428 , 4.65062e-05 , 134 , 0 , 0 , 157226.21644984046 , 352.614955852124 , -189391.8470183256 , 0.0096336 , -0.000712053 , 0.0131857186166 , 1591217957.1414032
0.168080160461 , -0.133394991453 , 0.0676386052585 , 7.87213e-05 , 0.000227056 , 162 , 183 , -65 , 153785.48136205622 , 1357.9332611150332 , -199806.7177868867 , -0.0014341 , 0.0022409 , 0.00472071560041 , 1591217957.194648
0.191455705224 , -0.126211143833 , -0.000441121338643 , -0.000283349 , 9.64622e-05 , -158 , 190 , 73 , 179379.08463546017 , 88.04265304324633 , -187381.9358361752 , -0.00406826 , -0.00275444 , 0.00591611124649 , 1591217957.2483153
0.192554281373 , -0.15881490975 , -0.0551401673303 , -0.000416995 , -0.000218699 , -183 , 125 , 194 , 194705.2333793428 , 0.01885958133992079 , -170427.53920648273 , -0.00478385 , -0.0014685 , 0.0381875973578 , 1591217957.3014214
0.179636645459 , -0.185634433075 , -0.0979289371787 , 2.99402e-05 , -0.000166685 , 165 , -68 , 149 , 223243.0038428924 , -27.792507347379956 , -170174.11225493316 , 0.000828822 , -0.00134138 , 0.0032634965148 , 1591217957.3542442
0.158875948715 , -0.184633506795 , -0.165567542437 , -0.000112447 , -7.18581e-05 , -168 , 0 , 151 , 249568.18784612208 , -148.95774008192438 , -175236.00946033245 , 0.00038927 , -0.000792955 , 0.00342867524706 , 1591217957.407643
0.127193417583 , -0.190442856506 , -0.161009288605 , 3.36208e-05 , 1.48327e-05 , 128 , -140 , 143 , 265444.09533482307 , -713.6748940487223 , -172435.20716799368 , 0.000184294 , 0.000981621 , 0.00231465378674 , 1591217957.460815
0.094063944209 , -0.168645941954 , -0.203209896668 , 1.03421e-05 , 9.69825e-05 , 186 , -183 , 172 , 273557.8026087959 , -308.81817873697986 , -195388.14190789932 , -0.00177024 , -0.00270066 , 0.00755461797693 , 1591217957.513988
0.0722250276932 , -0.135564283937 , -0.227912691632 , -0.000459112 , -3.52677e-05 , 185 , -172 , -63 , 279324.41124431934 , -418.1306662403505 , -200706.68000999597 , -0.00323047 , -0.000564999 , 0.00357460670996 , 1591217957.5674272
0.0781132188843 , -0.0949721494143 , -0.179536384828 , -8.42356e-05 , -3.70799e-05 , 189 , -228 , -174 , 269065.7255268036 , -374.4103689110874 , -211527.46119899047 , 0.000374676 , 0.000249925 , 0.00363587273533 , 1591217957.6204681
0.0724971009198 , -0.0622366956301 , -0.12469029839 , 5.97575e-05 , 8.19682e-05 , -161 , -129 , 87 , 232653.9699303345 , -6.785754909959474 , -234003.6881381816 , 0.00164732 , -0.00103597 , 0.00229620675848 , 1591217957.6779165
0.0450939231715 , -0.0723169822106 , -0.118514599649 , 8.1814e-05 , 0.00030668 , 132 , 138 , 145 , 197236.34858567576 , 56.304919353849314 , -260088.19726530113 , 0.00109036 , 0.000269456 , 0.0204388834202 , 1591217957.7351615
0.042552630524 , -0.0641928422056 , -0.195857874357 , 0.00014918 , 0.000178115 , 127 , 69 , -68 , 202550.8647895819 , 269.41244257462535 , -283960.4583965201 , 0.00404813 , 0.00027413 , 0.00541464548368 , 1591217957.7885106
0.084267889254 , -0.0486295735496 , -0.261584953815 , 8.18866e-05 , 8.65893e-05 , 190 , 178 , -185 , 222854.06300549785 , 7.179528999197406 , -274390.2463040503 , -0.00122102 , -0.00054635 , 0.00318988923044 , 1591217957.8500288
0.104111394815 , -0.0392499127595 , -0.29363977109 , -0.000145803 , -0.000171561 , -168 , -68 , 74 , 230197.8319600132 , -9.641601990092315 , -241107.31778170366 , -0.00128292 , -0.00277837 , 0.00309722538029 , 1591217957.9030187
0.0827279301623 , -0.0561335456559 , -0.295698337337 , -0.000460889 , -7.74052e-05 , -171 , 0 , 177 , 229703.66413270918 , -55.31275820652018 , -231302.59282273753 , -0.0121552 , -0.00249727 , 0.0134506889449 , 1591217957.9563391
0.0544245329686 , -0.080630228869 , -0.291728245289 , -0.00012181 , -0.000130865 , -208 , 0 , 177 , 236013.79683731735 , -25.809920284971316 , -255707.8117883384 , -0.000723683 , -0.00087705 , 0.00216901782228 , 1591217958.0099638
0.0356190462714 , -0.101527878174 , -0.250851001241 , -0.000197516 , -0.000261461 , -176 , 0 , -73 , 246788.58450401432 , -4.289067569040232 , -287486.6161900493 , -0.0022724 , -0.000883273 , 0.00424725032799 , 1591217958.062814
0.0464737488978 , -0.116480005493 , -0.143952596844 , 1.69135e-07 , 3.3736e-05 , -171 , 0 , -175 , 237560.74819852563 , 8.976561296916795 , -334476.67145191575 , 0.00207594 , 0.00454241 , 0.00543552981227 , 1591217958.1177092
0.0569818172077 , -0.137086463892 , -0.0567576122387 , 9.00161e-05 , 3.98207e-06 , -228 , 68 , 70 , 192555.90822780464 , 1274.886897813411 , -386176.0284095108 , 0.000419667 , -9.32341e-05 , 0.00317019378215 , 1591217958.1734817
0.0664089625692 , -0.162246916926 , -0.0891065104058 , -0.000337925 , -9.81294e-05 , 185 , 129 , -86 , 161220.58651293698 , 6556.283718416905 , -414096.1507730799 , 0.00462291 , 0.00314054 , 0.0192965468053 , 1591217958.2273288
0.101925494684 , -0.158407832597 , -0.119396842326 , 0.000104487 , -1.2226e-05 , -134 , 187 , -134 , 178886.19114482222 , 4404.234005449879 , -421039.29217342514 , 0.0014822 , -0.000422421 , 0.00702052126903 , 1591217958.2840536
0.136844448274 , -0.17852308356 , -0.07690215337 , 0.000277277 , 4.00259e-05 , -188 , 172 , -178 , 181435.90150355702 , 2635.6047499713422 , -404699.25183176727 , 0.00414535 , 0.00212473 , 0.00873142661893 , 1591217958.337277
0.176215815389 , -0.194754464639 , -0.0416124462786 , 7.59885e-05 , 8.78205e-05 , 161 , 190 , -173 , 163180.02045174164 , 4662.402992516792 , -412110.0348350859 , 0.00234294 , 0.00282477 , 0.00497543976314 , 1591217958.3945425
0.214006216534 , -0.179299132585 , -0.0835189734497 , -0.000238034 , -0.000243272 , 183 , 178 , -187 , 150452.2617307615 , 7202.50200986684 , -404301.0011384512 , 0.00151452 , -0.00143596 , 0.00218619177528 , 1591217958.4478793
0.24296752706 , -0.165715373763 , -0.172037322071 , -0.000742046 , -0.000547919 , 158 , 124 , 67 , 155641.83753824967 , 4200.909468675568 , -375318.452230592 , -0.00476536 , 0.000449416 , 0.0199878740831 , 1591217958.5010686
0.254957301588 , -0.168791125753 , -0.276436038883 , -3.374e-05 , -0.000272436 , -163 , 196 , -79 , 180474.15427482585 , 971.191451241813 , -334163.7858801352 , 0.00889653 , 0.000305858 , 0.0193290275751 , 1591217958.554447
0.273026010617 , -0.188785803141 , -0.291728245289 , 0.000144389 , -3.7877e-05 , 163 , 196 , 72 , 208231.6814851556 , 9.224655557568115 , -307932.7330201107 , 0.00363385 , -0.00243534 , 0.0062236208081 , 1591217958.6074514
0.272147174197 , -0.190534634291 , -0.437298287041 , 0.000299066 , 0.000292637 , 165 , 127 , 196 , 219401.03653218586 , 2.440496427868722 , -295245.1480994576 , 0.002602 , 0.00315367 , 0.0217669257985 , 1591217958.6650543
0.263311189062 , -0.177213711142 , -0.591102593781 , 9.7315e-05 , 0.000341985 , 187 , 0 , 180 , 262152.258559369 , -597.676569039591 , -243703.33013819577 , 0.0024161 , 0.00721929 , 0.0076222007169 , 1591217958.7263963
0.243977272098 , -0.142199147402 , -0.646536842004 , 0.000268516 , 9.90171e-05 , 163 , -181 , 188 , 285712.7116999382 , -6903.178836445051 , -191058.2414983494 , 0.00272401 , 0.00284302 , 0.00437790414338 , 1591217958.7794664
0.223608900067 , -0.094484222968 , -0.708734950753 , 6.73137e-05 , -0.000157051 , 187 , -177 , 183 , 281694.23762004304 , -9030.145266915586 , -183532.62207670964 , 0.00278629 , -0.00175527 , 0.00338200273497 , 1591217958.8411493
0.209118498076 , -0.0531735137026 , -0.766227765222 , -0.000167126 , -0.000307227 , 152 , -168 , 188 , 271411.714759821 , -11387.059906353308 , -175798.68252031077 , 7.08562e-05 , -0.00167371 , 0.00354952915014 , 1591217958.8942087
