0.000629063363318 , 0.00455384261925 , 0.0107339525736 , -0.00130313 , 0.000433525 , 162 , -130 , -96 , 19641.078717107575 , -904.038197075026 , -4557.99855091964 , -0.000640102 , 0.00465468 , 0.00553878580135 , 1591217368.7891748
-0.000189704846421 , 0.0763211007614 , 0.112338900908 , -0.000658718 , 0.000592954 , 178 , -180 , -183 , 18653.9397616653 , -568.5480999781142 , -5653.065664366928 , 0.00748361 , 0.000984779 , 0.00761417683394 , 1591217368.883557
-0.00920771344182 , 0.154531543012 , 0.219237305305 , -0.000657943 , 0.000806968 , 158 , -177 , -168 , 13493.611315841354 , -30.855514940484483 , -6808.647743072765 , 0.00674651 , 0.00191632 , 0.00715098644972 , 1591217368.977592
-0.0112299282774 , 0.227240862179 , 0.284964384763 , -0.00115556 , 0.000720567 , 201 , 64 , -192 , 8418.152254093256 , 5.84618072493793 , -7241.622742434929 , 0.0022023 , 0.00020011 , 0.00370299048534 , 1591217369.071778
0.00859682944616 , 0.292786083992 , 0.277024200668 , -0.00147164 , 0.00085325 , 232 , 65 , -185 , 5042.264325748168 , 165.24327944407023 , -6464.299277027349 , -0.00172478 , 0.00140657 , 0.00363428243582 , 1591217369.1663246
0.0544313469038 , 0.351157805214 , 0.20041612819 , -0.0013037 , 0.00113199 , 175 , 175 , -187 , 3275.2521614476937 , 282.2930947920538 , -5173.178605948742 , 0.00118822 , 0.00272907 , 0.00462494175771 , 1591217369.2601514
0.113115257475 , 0.403304277035 , 0.0999875034257 , -0.000890507 , 0.00152753 , 189 , 171 , -181 , 2405.9352013779667 , 149.63530201890617 , -3865.3992095705785 , 0.00347498 , 0.0045633 , 0.00697187910916 , 1591217369.3544893
0.175051507907 , 0.450539693277 , 0.00558753695614 , -0.00108391 , 0.00106605 , 197 , 120 , -185 , 1755.3802274770937 , 41.512698171511346 , -2775.3040988359908 , 0.000924067 , 0.000250045 , 0.00130762351736 , 1591217369.4486945
0.235582053353 , 0.494852515755 , -0.0721968590912 , -0.0010633 , 0.000830575 , 201 , 175 , -188 , 1154.9383215104058 , 7.386201502352677 , -1950.4875007047592 , 0.00148065 , -0.0013346 , 0.00242338741602 , 1591217369.5430274
0.297514073214 , 0.542837388921 , -0.133365684716 , -0.000827555 , 0.000767864 , 190 , 64 , -124 , 682.1044622980097 , 1.4255920876240986 , -1336.4830372619206 , 0.00303319 , -0.00273589 , 0.00423811580081 , 1591217369.6452549
0.350819799082 , 0.588622838088 , -0.168655391808 , -0.00111188 , 0.000922452 , 184 , 62 , -194 , 304.40728478603995 , 0.7728441038996346 , -906.8469560089602 , 0.00102295 , -2.79578e-05 , 0.00105557328599 , 1591217369.7397234
0.400719819451 , 0.636068957478 , -0.185859124015 , -0.00118852 , 0.00121414 , 173 , 68 , -137 , 108.91844648051415 , 2.628704656598395 , -610.2552321528292 , -0.000861559 , 0.00219085 , 0.00235841591714 , 1591217369.8337142
0.446857322769 , 0.682428941448 , -0.180418627505 , -0.00115861 , 0.00137067 , 164 , 0 , -180 , 16.748614046360238 , 8.793656707837936 , -426.6770485391201 , -0.002415 , 0.00185012 , 0.00305547655026 , 1591217369.92774
0.490266004864 , 0.723015973341 , -0.149834214692 , -0.00163584 , 0.00139239 , 132 , 0 , -177 , 0.1416752100470654 , 32.955866985018005 , -266.63085417369007 , -0.00342205 , 0.00131657 , 0.00369437062847 , 1591217370.0219493
0.530141066338 , 0.751805444694 , -0.0855775396967 , -0.00174429 , 0.00161203 , -91 , 0 , -199 , -3.2294477324575905 , 81.99311749839718 , -151.66306540989038 , -0.00532755 , 0.00243194 , 0.00690558893533 , 1591217370.1161795
0.578851186927 , 0.755169586919 , -0.0327900195058 , -0.00149349 , 0.00168664 , 0 , 91 , -146 , -31.290407546284015 , 179.70527294888674 , -53.07567277055588 , 2.40328e-06 , 0.00301286 , 0.00505358188446 , 1591217370.21053
0.635330390162 , 0.751555947958 , -0.0394068395854 , -0.00153036 , 0.00164763 , 0 , 185 , -173 , -70.24786493979907 , 231.81358518608423 , -9.725742513134993 , -0.000829563 , 0.00188996 , 0.00237118172156 , 1591217370.3045583
0.689344633671 , 0.726220020294 , -0.0405831631551 , -0.001527 , 0.00130339 , -69 , 136 , -68 , -134.19993113904675 , 200.72855473461448 , -1.658717381987667 , -0.00131803 , -0.000641953 , 0.00460009917154 , 1591217370.4027858
0.73280977169 , 0.682681801955 , -0.0216149455935 , -0.00165571 , 0.00119033 , -151 , 166 , 0 , -172.03286137659816 , 155.75231006150545 , -0.07478487089933948 , -0.00109843 , -0.000908263 , 0.00157691566176 , 1591217370.4971194
0.770288151522 , 0.631935275113 , -0.00249968758564 , -0.00151942 , 0.00122679 , -173 , 177 , 0 , -152.80243647999689 , 120.96799602687672 , 0.006501790366881408 , -0.00186515 , -0.00021093 , 0.00359854509987 , 1591217370.5916405
0.802821410191 , 0.580029384781 , 0.00749906275692 , -0.00146514 , 0.00135347 , -179 , 175 , -70 , -137.08098859674536 , 79.033015126723 , 0.08305763832445202 , 0.000331328 , 0.00231618 , 0.00299452508595 , 1591217370.685486
0.834396508039 , 0.52517150933 , 0.0197034197927 , -0.00127671 , 0.00119927 , -187 , 134 , 0 , -104.27284842529149 , 62.428763507477335 , 0.4573368089912644 , 0.000514836 , 0.000482825 , 0.000707266674305 , 1591217370.7882535
0.859760338827 , 0.478363645175 , 0.0332311408444 , -0.00144828 , 0.00125525 , -95 , 93 , 0 , -81.82200457557309 , 47.76752481639221 , 1.2471468731924056 , -0.00171933 , 0.000438389 , 0.00235926896871 , 1591217370.8819768
0.883072064586 , 0.435419929469 , 0.0485233472507 , -0.00139896 , 0.0012286 , -96 , 92 , 0 , -74.34243196130491 , 35.49019680268414 , 2.182755528838975 , 0.000499437 , 0.000929528 , 0.00172148042259 , 1591217370.9762022
0.903462041937 , 0.396635893609 , 0.0688149288283 , -0.00127466 , 0.00142355 , -180 , 88 , 0 , -74.98171224686816 , 27.543961234536226 , 3.9915864140509756 , 0.00188642 , 0.00233667 , 0.00358641372513 , 1591217371.0703573
0.921260350431 , 0.360785370373 , 0.0964585327165 , -0.00138484 , 0.00130136 , -185 , 90 , 0 , -78.12754768961116 , 23.107655972270766 , 7.9762628733626135 , 0.000578857 , 0.000771852 , 0.00118700449689 , 1591217371.1646268
0.936844273976 , 0.32684316599 , 0.133512725163 , -0.00151273 , 0.00135914 , -185 , 0 , 0 , -77.93809505631715 , 23.595616776172328 , 18.258115209847556 , -0.00185606 , 0.00122126 , 0.0022761652773 , 1591217371.2591946
0.952140618195 , 0.292929053024 , 0.178360061258 , -0.00124458 , 0.00110377 , -193 , 91 , 0 , -83.3621201093978 , 21.975784872522077 , 36.28933043257449 , -0.00082046 , -0.000185966 , 0.000859632229338 , 1591217371.357313
0.966503596211 , 0.260714621208 , 0.225707084939 , -0.00143522 , 0.00115719 , -102 , 0 , 0 , -92.7382332680146 , 17.097534273222873 , 66.5783859046453 , -0.00254828 , 0.00033995 , 0.0031705168681 , 1591217371.4512398
0.969786369236 , 0.216579436859 , 0.241146331791 , -0.00137909 , 0.00112616 , -145 , 0 , 86 , -88.21594350480764 , 14.965443710887548 , 127.6905497780648 , 0.00015822 , -0.000273696 , 0.000447292984202 , 1591217371.54969
0.961512999254 , 0.164916235488 , 0.223501478246 , -0.00103292 , 0.000983343 , -156 , 0 , 88 , -84.89895107055351 , 14.334693786397986 , 149.60073734682075 , 0.00117425 , 0.000205991 , 0.00260135647743 , 1591217371.6437263
0.946983974933 , 0.108324258052 , 0.195710833911 , -0.00129255 , 0.00112278 , -111 , 0 , 141 , -82.22266466567474 , 17.748302686664257 , 118.97980921399127 , -0.00173211 , 0.001164 , 0.00209548947512 , 1591217371.7428625
0.932115848828 , 0.0554202926146 , 0.1689494727 , -0.00157431 , 0.00108848 , -155 , 66 , 148 , -83.30931374117716 , 21.98122200463494 , 76.07236467229811 , -0.00255823 , 0.000190827 , 0.00334738760923 , 1591217371.836175
0.918735597104 , 0.00263391598447 , 0.143805556398 , -0.00124362 , 0.000881018 , -143 , 0 , 190 , -78.56314282834077 , 27.160672034854112 , 49.6095046757791 , 0.000410306 , -0.000546438 , 0.00322902263751 , 1591217371.9345222
0.910033637859 , -0.0466720515769 , 0.125572541067 , -0.000729672 , 0.00118617 , -119 , 0 , 137 , -75.09376152936804 , 30.84488960640411 , 34.866023737951394 , 0.0030143 , 0.00105341 , 0.00357089554524 , 1591217372.028693
0.905849772644 , -0.0927339726985 , 0.111015536892 , -0.001192 , 0.000910638 , -136 , 71 , 71 , -76.64544055354548 , 26.392242506032932 , 25.7194651759457 , -0.000268218 , -0.000944803 , 0.00225127889584 , 1591217372.1227825
0.90474912777 , -0.136147192486 , 0.107339525736 , -0.00123001 , 0.000792246 , -119 , 70 , 143 , -75.68360364686264 , 20.92205109290324 , 25.56315136226972 , -0.00208824 , -0.00119174 , 0.00272487151822 , 1591217372.2171557
0.904695115021 , -0.178555017599 , 0.114838588493 , -0.0014423 , 0.00108983 , -141 , 70 , 72 , -71.41183697716103 , 15.56332077446421 , 33.92144809718866 , -0.002028 , 0.00101031 , 0.00333993046426 , 1591217372.31535
0.902895691105 , -0.217853436023 , 0.127925188206 , -0.00173148 , 0.00119633 , -143 , 0 , 73 , -71.76124910437127 , 8.588048855017625 , 47.4988508092005 , -0.0019081 , 0.00178014 , 0.00279827248266 , 1591217372.4095771
0.896428987575 , -0.257472364897 , 0.141158828366 , -0.00129735 , 0.000860242 , -96 , 72 , 96 , -67.92620549222714 , 4.6757793681279525 , 70.86264163847895 , -0.000541213 , -0.00127536 , 0.00142652886812 , 1591217372.5046377
0.883387381693 , -0.298803107169 , 0.145864122645 , -0.000914299 , 0.000671722 , -135 , 0 , 95 , -63.55149811620392 , 2.467112936328595 , 95.22535699418042 , 0.00378726 , -0.00162676 , 0.00474233521101 , 1591217372.597862
0.864579652575 , -0.342567023718 , 0.136600574533 , -0.000876195 , 0.000708299 , -136 , 0 , 88 , -58.169834475252586 , 1.4495275484346242 , 108.68394644872517 , 0.00159806 , -0.000422829 , 0.0019522580852 , 1591217372.6922247
0.843139319099 , -0.386291890834 , 0.118955720987 , -0.00101492 , 0.000852996 , -180 , 0 , 180 , -54.617548466044084 , 0.8884423496459923 , 104.33461769915017 , -8.71467e-05 , 0.000426369 , 0.00194752459032 , 1591217372.786255
0.818932741311 , -0.430039291967 , 0.0924884406687 , -0.00113884 , 0.000968947 , -92 , 0 , 190 , -48.84943117014784 , 0.6544023377504862 , 98.13401066832346 , -0.00170677 , 0.000986215 , 0.00198146408318 , 1591217372.8846805
0.794761723816 , -0.471758275621 , 0.068667888382 , -0.00142515 , 0.00102318 , -185 , 0 , 180 , -49.225490763852285 , 0.36470390558331334 , 85.93302357496455 , -0.00282457 , 0.00049486 , 0.00288987989754 , 1591217372.978951
0.770450901159 , -0.510395136771 , 0.0430828507408 , -0.00126538 , 0.000841564 , -92 , 0 , 93 , -48.193919013207484 , 0.14689746136503215 , 75.65142235396199 , 0.000448786 , -0.000872134 , 0.00397146283142 , 1591217373.0730572
0.74631167857 , -0.547033471859 , 0.0195563793465 , -0.0010114 , 0.000642994 , -91 , 0 , 93 , -49.04979262563302 , 0.03802796530215492 , 69.62609514054613 , 0.00155729 , -0.00227813 , 0.00325808679556 , 1591217373.1672
0.722370683611 , -0.582514344874 , -0.000588161784857 , -0.000917346 , 0.000482165 , -91 , 0 , 91 , -53.07163238393273 , 0.00017086492476170938 , 62.998117103584775 , 0.00173171 , -0.00224964 , 0.00332095450162 , 1591217373.2614706
0.697961418053 , -0.618148480221 , -0.0179389344381 , -0.00115969 , 0.00109522 , -96 , 0 , 93 , -53.158798022104335 , -0.0069768955169881835 , 63.92124409579717 , -0.00152635 , 0.00133939 , 0.00278940718023 , 1591217373.359681
0.674410077057 , -0.652206599834 , -0.0317607363823 , -0.00122321 , 0.000694292 , -96 , 0 , 91 , -52.49268501767698 , -0.14327080554422342 , 68.13555550866974 , -0.000458752 , -0.00126237 , 0.00144850258933 , 1591217373.4539382
0.650330357756 , -0.68629742473 , -0.0448473360953 , -0.00111296 , 0.000598317 , -98 , 0 , 185 , -46.90561804955028 , -0.5787504877969312 , 78.79153173176289 , 0.001043 , -0.00118286 , 0.00172893935327 , 1591217373.5482213
0.62435385004 , -0.720060954652 , -0.0644037154418 , -0.00097127 , 0.000639433 , -96 , 0 , 93 , -44.90158379141734 , -2.2571741863134975 , 81.60668688362787 , 0.000547907 , -0.000692482 , 0.0015559568938 , 1591217373.6423357
0.597192934536 , -0.75249204915 , -0.0886653890672 , -0.00111892 , 0.00054995 , -93 , 0 , 182 , -39.26276505392399 , -4.742022345319782 , 89.80777953231268 , 0.00177638 , -0.00139721 , 0.00358945385336 , 1591217373.736382
0.568242347346 , -0.783603868981 , -0.11924980188 , -0.000850612 , 0.000897061 , -93 , 0 , 91 , -37.268191341104405 , -9.450226210096794 , 92.61472902319673 , 0.00407005 , 0.000925981 , 0.00512627243784 , 1591217373.8305979
0.537890365835 , -0.812803623548 , -0.15498063031 , -0.00130037 , 0.000793435 , -96 , 0 , 234 , -38.93450329655138 , -17.515683762011406 , 89.02246575400049 , -0.00215285 , -0.000467902 , 0.00243971924127 , 1591217373.9253244
0.506540150673 , -0.840423752156 , -0.192181863202 , -0.0016893 , 0.00091088 , -96 , 0 , 96 , -38.03926131637439 , -25.728478307402774 , 93.51286121638002 , -0.00345967 , 0.00031092 , 0.0038647905971 , 1591217374.0190463
0.473804371386 , -0.866784833569 , -0.23070646011 , -0.00133209 , 0.000888962 , -92 , 0 , 130 , -39.69203292649254 , -37.51452424087766 , 95.0760456969106 , -4.71168e-05 , 4.67681e-06 , 0.00114346071896 , 1591217374.1132638
0.439957814211 , -0.891952194718 , -0.268936976126 , -0.00128868 , 0.000821437 , -96 , 0 , 90 , -45.07806782842476 , -56.33182958534299 , 90.13792340869753 , -0.00167543 , -0.000112213 , 0.00236804892584 , 1591217374.2074194
0.396782647423 , -0.908191491826 , -0.273642270405 , -0.00114235 , 0.000776243 , -81 , -67 , 137 , -50.55157096089425 , -80.87009353885009 , 88.13118060195161 , 0.000496352 , 2.27624e-05 , 0.0012553671006 , 1591217374.301545
0.344940726158 , -0.917231418682 , -0.241440412684 , -0.000848912 , 0.000649262 , -111 , -130 , 123 , -51.73251387837332 , -98.23955612628077 , 77.46190223015034 , 0.00180077 , -0.00133011 , 0.00229677720023 , 1591217374.396589
0.290191801874 , -0.924437066606 , -0.187917690262 , -0.00108776 , 0.000951886 , -67 , -130 , 129 , -36.32473010263501 , -91.60541717820716 , 74.92986129786809 , 0.000312694 , 0.000592744 , 0.000709912274586 , 1591217374.489897
0.233694630399 , -0.932206840586 , -0.131454158916 , -0.00127456 , 0.00124073 , -75 , -196 , 132 , -19.761856810033336 , -79.57972546376993 , 70.53845945942558 , -0.000388148 , 0.00151778 , 0.00195365406761 , 1591217374.5882878
0.181839107329 , -0.938623844844 , -0.0882242677285 , -0.00160372 , 0.0014199 , -68 , -136 , 168 , -7.2195266166621455 , -66.94799972398215 , 69.70574025361888 , -0.0032592 , 0.0022839 , 0.00425562288307 , 1591217374.684709
0.1300987423 , -0.942517331867 , -0.0607277042865 , -0.00173837 , 0.00129018 , -39 , -88 , 92 , -2.9197414854958117 , -64.57659267282894 , 65.82443768723905 , -0.00215785 , 0.000265788 , 0.00264968901516 , 1591217374.780686
0.0828143623183 , -0.94280511349 , -0.0499937517128 , -0.001149 , 0.001013 , -67 , -177 , 91 , -0.8652163845913292 , -55.546160430652364 , 64.12948079590029 , 0.00360325 , -0.00145579 , 0.00389349330416 , 1591217374.8752575
0.0353876907053 , -0.941718840087 , -0.0488174281431 , -0.000976495 , 0.00118346 , 0 , -185 , 173 , -0.469690514073051 , -56.042643419040175 , 61.598943187275054 , 0.00448226 , 0.000488113 , 0.00492855767794 , 1591217374.9733503
-0.00867397284567 , -0.940209485843 , -0.0517582370674 , -0.00143247 , 0.00114173 , 0 , -93 , 88 , -0.2764885806727381 , -57.30943332594625 , 58.02523195812537 , -0.000785133 , 0.000619312 , 0.00100276913505 , 1591217375.0673854
-0.0538236853037 , -0.938150278804 , -0.0532286415295 , -0.0012781 , 0.000981002 , 0 , -93 , 182 , -0.14400929549881558 , -61.852849319864376 , 55.25227628651116 , 0.00115785 , -0.0014722 , 0.0043497818054 , 1591217375.1657593
-0.0968553604504 , -0.935437935867 , -0.0510230348363 , -0.00122298 , 0.00110591 , 0 , -93 , 96 , -0.03879371190150896 , -68.74753028359312 , 52.118172928959 , 3.17574e-05 , 0.000222254 , 0.00372524153766 , 1591217375.2598813
-0.142061788823 , -0.931646736236 , -0.043229891187 , -0.00136209 , 0.000970398 , 0 , -95 , 93 , -0.004570923031194529 , -80.98365719213658 , 45.66203218676221 , -0.000522592 , -0.000727955 , 0.00225948778191 , 1591217375.3583503
-0.185820755977 , -0.926565987162 , -0.0264672803186 , -0.00128269 , 0.000951051 , 0 , -93 , 86 , 0.0069449181160586146 , -84.36584413839174 , 43.29087771627008 , 0.000760909 , 0.00012733 , 0.00246524705691 , 1591217375.4523783
-0.2337238252 , -0.920351124335 , -0.000441121338643 , -0.00130655 , 0.00100892 , 0 , -175 , 96 , 0.16854077816449256 , -92.95558975171683 , 36.57350409829786 , 0.000425595 , 0.000446816 , 0.000923211134021 , 1591217375.555014
-0.277562036445 , -0.914297245864 , 0.0313196150436 , -0.00155071 , 0.00114072 , 0 , -88 , 96 , 1.6717757788793945 , -90.05341717113697 , 32.376091607098395 , -0.00158965 , 0.000961512 , 0.00232367616906 , 1591217375.649306
-0.320064670835 , -0.90824967977 , 0.0701382928442 , -0.00127136 , 0.00102561 , 0 , -130 , 0 , 4.990589902004008 , -98.27008875490404 , 22.30190617907053 , 0.000868952 , -0.000480669 , 0.00406490276556 , 1591217375.7430794
-0.361002951154 , -0.902079624853 , 0.117632356971 , -0.00116831 , 0.00101612 , 0 , -99 , 95 , 16.206282661073917 , -90.92943186798142 , 18.090814569916244 , 0.000949177 , -0.00178872 , 0.00692733002486 , 1591217375.837456
-0.401257635539 , -0.895837190824 , 0.174684050102 , -0.00110389 , 0.000867364 , 0 , -196 , 98 , 41.43792925186831 , -81.86312393940194 , 13.208262378038398 , 0.00158129 , -0.00230041 , 0.00574678216568 , 1591217375.9356546
-0.436936056175 , -0.889963335418 , 0.234676552158 , -0.00092954 , 0.000785746 , 0 , -155 , 0 , 88.21604526067597 , -75.44087079320205 , 7.212243562532637 , 0.00204946 , -0.0015612 , 0.00461478809126 , 1591217376.0299048
-0.47520571371 , -0.86515990291 , 0.25364476972 , -0.00110299 , 0.00086771 , 93 , -141 , 66 , 179.37036599195767 , -61.11154887299281 , 4.271442547966521 , 0.00200266 , -0.000528692 , 0.00265086823576 , 1591217376.1282382
-0.511530405955 , -0.825887573342 , 0.232617985911 , -0.00119852 , 0.000971226 , 175 , -175 , 70 , 214.70605001380457 , -52.17451031924867 , 3.3987621556696173 , 0.000154054 , -0.000284113 , 0.00204680710097 , 1591217376.2223442
-0.544917507822 , -0.782146144103 , 0.201151330421 , -0.00147809 , 0.00103046 , 179 , -92 , 0 , 165.57079764804803 , -55.923487223793146 , 3.7940748054888243 , -0.0019363 , -6.18247e-05 , 0.00195095749068 , 1591217376.3167505
-0.575857516037 , -0.73818741323 , 0.169684674931 , -0.00145604 , 0.00122638 , 180 , -93 , 0 , 123.8685658037447 , -56.01432475162037 , 6.061422226466585 , -0.000225665 , 0.0012658 , 0.00141563653238 , 1591217376.4110515
-0.604559495598 , -0.695599151805 , 0.142629232828 , -0.00141943 , 0.00123285 , 180 , -175 , 0 , 82.68556161649369 , -63.11923511754025 , 7.284119663071203 , -0.000463653 , 0.000430544 , 0.00160114137813 , 1591217376.504953
-0.63263539235 , -0.654641465205 , 0.125572541067 , -0.00136929 , 0.0010508 , 88 , -175 , 0 , 57.43267203535159 , -70.99243975963762 , 8.138330162010051 , -0.00022261 , 3.03303e-05 , 0.000876327682274 , 1591217376.599174
-0.660834455979 , -0.616328183188 , 0.121896529912 , -0.00119289 , 0.000920351 , 87 , -95 , 0 , 48.542433978179304 , -68.1574630075455 , 9.645164484153366 , -0.000188906 , -0.000622748 , 0.0015229064344 , 1591217376.693306
-0.689027234176 , -0.58158705682 , 0.130424875792 , -0.00130894 , 0.000995438 , 92 , -95 , 0 , 43.5664440509466 , -69.09209534116876 , 8.201625218599245 , 0.000770955 , 0.000588409 , 0.00175054491294 , 1591217376.787452
-0.717556808156 , -0.5493754145 , 0.146452284429 , -0.00155863 , 0.00117758 , 96 , -95 , 0 , 49.65492753173655 , -63.09342870716376 , 6.372699201257869 , -0.00100552 , 0.00132343 , 0.00166940575461 , 1591217376.8821945
-0.745684148583 , -0.519184601391 , 0.163803057083 , -0.00101496 , 0.00099465 , 96 , -95 , 0 , 66.52964998428706 , -51.41275130810673 , 4.488615342404906 , 0.00338545 , -0.000488872 , 0.00369381703029 , 1591217376.9758456
-0.773263277388 , -0.487044513363 , 0.168655391808 , -0.00101995 , 0.000922971 , 142 , -96 , 0 , 87.32921302057862 , -42.38535659085005 , 2.267077083828581 , 0.000112817 , 0.000381371 , 0.00088356359429 , 1591217377.070195
-0.798946654501 , -0.452960604693 , 0.158215520126 , -0.00130294 , 0.000922734 , 177 , -92 , 0 , 98.92921407659982 , -38.38641183830763 , 0.7367853826530069 , 0.000865941 , -0.000623479 , 0.00131007399965 , 1591217377.1643085
-0.822722980941 , -0.415732087235 , 0.131895280254 , -0.00121898 , 0.000879777 , 182 , -88 , 0 , 109.79487069940664 , -32.8423344699333 , 0.250534224084901 , -0.000862398 , -0.000833124 , 0.00126533849391 , 1591217377.2584548
-0.843474570502 , -0.377789626 , 0.096752613609 , -0.00127654 , 0.00124526 , 88 , -93 , 0 , 107.12526321994338 , -32.13345080415213 , 0.048211010140258935 , 0.00133531 , 0.00170363 , 0.00217295593066 , 1591217377.352712
-0.861440724713 , -0.338945626558 , 0.0548460864379 , -0.00110492 , 0.000990517 , 182 , 0 , 0 , 102.19381948072478 , -34.260437248344076 , 0.0022336988542833655 , 0.00273147 , -8.43354e-05 , 0.00276380395444 , 1591217377.44689
-0.87730594171 , -0.299777612767 , 0.0120573165896 , -0.00107716 , 0.000804635 , 145 , 0 , 0 , 92.42232355120275 , -39.84408989302144 , -0.0007186641507579946 , 0.00179942 , -0.00136207 , 0.00250956066542 , 1591217377.5411136
-0.892201934416 , -0.26039458977 , -0.0263202398723 , -0.00106134 , 0.000755072 , 96 , -95 , 0 , 80.77118173699287 , -48.715522448609754 , -0.04919912143377271 , 0.00165484 , -0.00141945 , 0.00234735423759 , 1591217377.6352654
-0.907518167176 , -0.220697375163 , -0.0551401673303 , -0.00101193 , 0.000699978 , 96 , -92 , 0 , 73.19223685118214 , -56.19073325745605 , -0.295175432267131 , 0.000686486 , -0.000726995 , 0.00109018599084 , 1591217377.729453
-0.925017557679 , -0.178628548159 , -0.0729320613223 , -0.00093063 , 0.000778137 , 93 , -177 , 0 , 75.66466072406824 , -54.773943649900346 , -0.8378032787614615 , 1.51485e-05 , -0.000119439 , 0.00386497564828 , 1591217377.8277566
-0.942080922139 , -0.137912749485 , -0.0854304992505 , -0.00109343 , 0.000564672 , 92 , -92 , 0 , 71.51885137897716 , -54.35811743204475 , -3.3584130736848334 , 0.000791091 , -0.00116872 , 0.00147143140351 , 1591217377.9218915
-0.958932896642 , -0.0970734407651 , -0.0963114922703 , -0.000946687 , 0.000528916 , 138 , -91 , 0 , 79.59026945980494 , -42.14724149753179 , -7.054393406443664 , 0.00266286 , -0.00123637 , 0.00296192481414 , 1591217378.0162969
-0.974135572103 , -0.0566747196508 , -0.111603698677 , -0.00112093 , 0.000586798 , 91 , -177 , 0 , 85.67464165211963 , -32.913672048886134 , -14.798230449596188 , -0.000494208 , -0.000515112 , 0.000904163407357 , 1591217378.1109424
-0.986126739077 , -0.016816642954 , -0.137335776764 , -0.00119201 , 0.000892399 , 95 , -92 , 0 , 92.47801166493494 , -26.218194231548125 , -27.35657046574436 , -0.00108628 , 0.0013697 , 0.0036126045535 , 1591217378.2045772
-0.994532376412 , 0.022391234464 , -0.174095888318 , -0.00101115 , 0.000828563 , 187 , -95 , 0 , 101.1139080029028 , -22.356335747907575 , -42.6758724614246 , 0.00143621 , -6.671e-05 , 0.00174192921498 , 1591217378.2987616
-0.998945406848 , 0.061830901859 , -0.222913316461 , -0.00124086 , 0.000468333 , 136 , -90 , 0 , 100.31394749022776 , -25.397153193603103 , -66.99664399088469 , -0.00107573 , -0.0025487 , 0.00276998270085 , 1591217378.3929994
-1.00049806306 , 0.0998529653392 , -0.27305410862 , -0.000774638 , 0.00129298 , 185 , 0 , 0 , 102.9901605058438 , -31.383313767796647 , -90.53852027020386 , 0.00209039 , 0.00258218 , 0.00332297957318 , 1591217378.4870658
-0.985526649549 , 0.143443903291 , -0.283641020747 , -0.000665026 , 0.00142872 , 150 , 0 , -70 , 100.04635001209039 , -44.85981199052309 , -127.30980509943086 , 0.00260446 , 0.0021225 , 0.00471410794362 , 1591217378.5816338
-0.95875405135 , 0.191541651761 , -0.245557545178 , -0.000704785 , 0.000867593 , 149 , -65 , -138 , 96.03654843749415 , -48.07287561671202 , -128.06284497587777 , 0.000667592 , -0.00252635 , 0.00272348687405 , 1591217378.6755643
-0.93202286686 , 0.244260276397 , -0.190123296955 , -0.000653334 , 0.000269217 , 146 , -124 , -200 , 90.54769770936068 , -35.78318989211701 , -106.70303236482066 , -5.40687e-05 , -0.00418363 , 0.00471742228846 , 1591217378.7697082
-0.908454290548 , 0.296824376439 , -0.134100886947 , -0.000766895 , 0.000455119 , 149 , -66 , -145 , 82.28652564539097 , -18.871280809630655 , -86.7883997260613 , 0.000582829 , -0.00193211 , 0.00265360886301 , 1591217378.8638768
-0.885617574807 , 0.349194733005 , -0.0901357935293 , -0.000812258 , 0.000506042 , 136 , -66 , -140 , 75.98449932777183 , -6.913676882490561 , -72.34747795155734 , 0.00086578 , -0.00167287 , 0.00216014029676 , 1591217378.9622066
-0.863855919977 , 0.394831396171 , -0.0660211603502 , -0.000697464 , 0.000275606 , 74 , -72 , -93 , 67.35058913621712 , -2.1219387373888874 , -64.00138970012395 , 0.00145587 , -0.00208164 , 0.00351640735516 , 1591217379.0563989
-0.84077135435 , 0.435919103438 , -0.0574928144698 , -0.00064028 , 0.000337321 , 96 , 0 , -193 , 60.01403638323827 , -0.7262889046086418 , -62.94412564622777 , 0.00224539 , -0.00241193 , 0.00449954780677 , 1591217379.1504676
-0.817464142642 , 0.473699149985 , -0.0552872077765 , -0.000671233 , 0.000355495 , 96 , 0 , -187 , 59.65177473849003 , -0.20101572693246908 , -59.217099710772175 , 0.00169338 , -0.0015472 , 0.00286513634253 , 1591217379.244649
-0.793264741565 , 0.511644401981 , -0.0561694504538 , -0.000862322 , 0.000208677 , 92 , 0 , -93 , 54.77340464217521 , -0.10354109151665375 , -66.63447293544387 , 0.00100015 , -0.00221539 , 0.00432994631572 , 1591217379.3433874
-0.770217715201 , 0.54571751367 , -0.0529345606371 , -0.000366723 , 0.000199999 , 93 , 0 , -91 , 51.17195692213718 , -0.02606681431055276 , -74.37707804081057 , 0.00376951 , -0.00118791 , 0.00428619747606 , 1591217379.4373286
-0.745769755377 , 0.580036719821 , -0.0435239720794 , -0.000164128 , 1.76757e-06 , 99 , 0 , -185 , 50.05222405794338 , -0.0002673402804569164 , -83.622345319957 , 0.00408203 , -0.00231203 , 0.00469139109977 , 1591217379.5313604
-0.720091546562 , 0.614684565989 , -0.0274965634421 , -0.00020579 , 6.8985e-05 , 91 , 0 , -187 , 47.080068542978566 , 0.01105401991242489 , -92.48626382004589 , 0.00171619 , -0.000382443 , 0.00202585033437 , 1591217379.6255603
-0.69332884263 , 0.649638412581 , -0.00382305160157 , -0.000319756 , 0.000226801 , 96 , 0 , -190 , 40.80395111658579 , 0.1906747958637548 , -103.19737180643614 , 0.00177043 , -0.000277708 , 0.0019054652393 , 1591217379.7201173
-0.666243332915 , 0.684261658736 , 0.0276436038883 , -0.00116056 , 0.000385429 , 93 , 0 , -130 , 37.466122107505456 , 1.5410576227594324 , -101.57536513293176 , -0.00293548 , -0.000333443 , 0.00489763819382 , 1591217379.8140364
-0.639266854601 , 0.718797146374 , 0.0660211603502 , -0.00106296 , 0.000272005 , 99 , 0 , -99 , 28.343443447855147 , 5.101535544404925 , -105.13935201787973 , -0.00141158 , -0.00180044 , 0.00300922322637 , 1591217379.9104948
-0.612399072673 , 0.753248033182 , 0.112338900908 , -0.00100026 , 0.000544326 , 93 , 71 , -193 , 23.651683951489023 , 16.68336751116964 , -99.40408672182618 , -0.000132367 , 0.000587564 , 0.00060499660918 , 1591217380.0064754
-0.586720809272 , 0.785918580558 , 0.167037946899 , -0.00102908 , 0.000514734 , 93 , 0 , -187 , 16.15250492461707 , 40.606962453946494 , -91.29963440919511 , -0.00163582 , -0.00013642 , 0.00495436658007 , 1591217380.1051874
-0.563533431117 , 0.81487368939 , 0.223354437799 , -0.000944357 , 0.000403664 , 93 , 0 , -107 , 8.818325666257463 , 85.28184939040473 , -86.36591125283597 , -0.00127393 , -0.00183668 , 0.00322097833071 , 1591217380.1988714
-0.521664867212 , 0.835900926528 , 0.239234805991 , -0.00094092 , 0.000537207 , 0 , 133 , -156 , 5.534155121019802 , 174.81215635160333 , -69.80291607889474 , 0.00211887 , 0.000887449 , 0.00288072639674 , 1591217380.2972503
-0.467727698758 , 0.847561168938 , 0.218796183967 , -0.000934542 , 0.000564763 , 0 , 90 , -93 , 3.9384244734715654 , 191.82806563925223 , -64.35642714064082 , 0.00139258 , 0.000298831 , 0.00181983924097 , 1591217380.3916328
-0.413206359098 , 0.854504081927 , 0.190858499186 , -0.000932068 , 0.000714774 , 0 , 177 , -92 , 5.2118817315242 , 150.10083328119512 , -63.19212141358681 , 0.00231342 , 0.000698768 , 0.00257496175279 , 1591217380.4856994
-0.359863478689 , 0.859261871013 , 0.162185612174 , -0.00106657 , 0.00105537 , 0 , 180 , -182 , 7.947012129706236 , 110.92991546076085 , -62.44385695981517 , 0.00156685 , 0.0022176 , 0.00509911462551 , 1591217380.5798192
-0.306225997407 , 0.862885911894 , 0.135424250963 , -0.00107576 , 0.00101888 , 0 , 177 , -92 , 10.289631160942522 , 77.32719702175402 , -66.51611995698774 , 0.000812644 , 0.00165192 , 0.00234312851061 , 1591217380.678239
-0.257598512333 , 0.866212894454 , 0.118220518756 , -0.000972705 , 0.000593885 , 0 , 185 , -90 , 11.686608736382434 , 51.9416261280289 , -73.5583368682042 , 0.000814442 , -0.00174798 , 0.00375676034028 , 1591217380.7725437
-0.211575380393 , 0.870947777393 , 0.114397467155 , -0.00109847 , 0.000497775 , 0 , 91 , -98 , 13.877576148169666 , 44.48468413382867 , -73.35659226432203 , 8.56227e-05 , -0.00268434 , 0.00421193266215 , 1591217380.8669226
-0.168404930726 , 0.877173491514 , 0.121014287234 , -0.000918344 , 0.000553653 , 0 , 182 , -99 , 12.38374653772871 , 40.133635051630925 , -75.62504809780644 , 0.00110758 , -0.000359304 , 0.00231164055649 , 1591217380.96077
-0.127304329935 , 0.885126742028 , 0.136453534087 , -0.000786113 , 0.00120611 , 0 , 93 , -190 , 9.494851823175113 , 43.416333379155205 , -76.00924276385305 , 0.00297354 , 0.00260532 , 0.00421725894843 , 1591217381.0549386
-0.0868213430323 , 0.894435906041 , 0.156009913433 , -0.0011715 , 0.00102429 , 0 , 95 , -187 , 7.349974076875193 , 59.720178948744284 , -64.28739653663004 , -0.000865048 , 0.000540068 , 0.00142307796174 , 1591217381.1502588
-0.0454680774255 , 0.903089649318 , 0.167184987346 , -0.000995271 , 0.000633845 , 0 , 90 , -95 , 4.111666040257807 , 80.8066560712343 , -54.638635501165865 , 0.00164581 , -0.00182372 , 0.00301923142382 , 1591217381.2433238
-0.0021572347451 , 0.909322154596 , 0.161597450389 , -0.00134573 , 0.000865112 , 0 , 175 , -96 , 1.8846443276585731 , 98.64667104887731 , -44.88359433638884 , -0.0014644 , 0.000953859 , 0.00236460526261 , 1591217381.3376355
0.0445764093154 , 0.912270055233 , 0.137335776764 , -0.0013508 , 0.00109856 , 0 , 130 , -91 , 0.7070013359358454 , 106.90273743892995 , -38.97447759480803 , -0.00179629 , 0.00211182 , 0.00352422409625 , 1591217381.435784
0.0891371270321 , 0.911490606957 , 0.101163826995 , -0.00141343 , 0.00106689 , 0 , 130 , -95 , 0.191405749340828 , 102.37007780070812 , -37.18817938661823 , -0.00115707 , 0.000504282 , 0.00190680991536 , 1591217381.529948
0.131991859634 , 0.907612998067 , 0.0580809762546 , -0.00136391 , 0.00110239 , 0 , 180 , -95 , 0.03866805205700363 , 93.75234187542559 , -38.768809549718945 , 0.00108914 , 0.00123872 , 0.00456880312849 , 1591217381.6247149
0.172867023146 , 0.901538308811 , 0.0136747614979 , -0.0011065 , 0.00103789 , 0 , 193 , -90 , 0.0024540732187123718 , 86.0786471057927 , -43.89863435142829 , 0.00137652 , -0.000163915 , 0.00188239919996 , 1591217381.718381
0.212990267676 , 0.894124034127 , -0.0282317656731 , -0.00137557 , 0.00141929 , 0 , 92 , -98 , -0.002409553148020413 , 72.87806071987033 , -55.69972413322511 , 0.00176761 , 0.00244963 , 0.00308299738799 , 1591217381.8125029
0.253454052775 , 0.887056216145 , -0.0594043402705 , -0.00115955 , 0.001246 , 0 , 96 , -98 , -0.03270440357842736 , 70.68515145890863 , -62.64627360570793 , 0.000689126 , 0.00156036 , 0.00188083942402 , 1591217381.90753
0.29543965606 , 0.880640963878 , -0.0799900027405 , -0.00130353 , 0.000984031 , 0 , 91 , -93 , -0.32234152464209387 , 67.1103090738265 , -71.18143196721708 , 0.000299059 , -0.000614362 , 0.00302255493393 , 1591217382.000995
0.339223029306 , 0.875141304567 , -0.0904298744217 , -0.00138157 , 0.00114842 , 0 , 177 , -90 , -1.388535189294826 , 65.23278479730956 , -70.14586133341518 , -0.00119625 , 0.000234609 , 0.00434940782771 , 1591217382.095171
0.385736167557 , 0.869941793539 , -0.0955762900392 , -0.00134693 , 0.000885263 , 0 , 180 , -88 , -4.04622348744975 , 69.67475007194355 , -58.96923018813614 , 0.00168817 , -0.00150301 , 0.00239304972509 , 1591217382.1935108
0.4298270081 , 0.864367718798 , -0.102634231458 , -0.00106537 , 0.000637464 , 0 , 91 , -92 , -10.022420358338058 , 77.49068245940417 , -43.47028568216728 , 0.0026381 , -0.00202501 , 0.00453469528888 , 1591217382.2876947
0.472085733688 , 0.856673061614 , -0.120132044557 , -0.000996855 , 0.00059256 , 0 , 193 , -92 , -19.433620420934442 , 88.12749580946185 , -29.4441419231765 , 0.00377232 , -0.00139107 , 0.00405526865304 , 1591217382.3817875
0.511645276438 , 0.845622367365 , -0.152480942724 , -0.000612316 , 0.000605073 , 0 , 140 , 0 , -34.26515237052618 , 95.75738793327471 , -22.584021100245575 , 0.00655779 , 0.000335868 , 0.00657395555464 , 1591217382.475961
0.54795039891 , 0.830828622116 , -0.199975006851 , -0.0009635 , 0.000711956 , 0 , 98 , -92 , -54.665976332178204 , 98.89291929899132 , -21.981438669601353 , 0.000358176 , 0.000338607 , 0.000947682566131 , 1591217382.5703266
0.579851923918 , 0.812589813796 , -0.258938225783 , -0.0014243 , 0.000888083 , 0 , 193 , 0 , -78.68074829498305 , 100.00827945261948 , -27.55902749650421 , -0.00102409 , 0.000560494 , 0.00165898991622 , 1591217382.6644628
0.605514417077 , 0.776428605769 , -0.280847252269 , -0.0012554 , 0.000941113 , -134 , 141 , 0 , -106.41049563995013 , 98.65756983695283 , -42.5025222190572 , 0.000167836 , 0.000709667 , 0.00298710276559 , 1591217382.7585557
0.629590163228 , 0.729299168981 , -0.266143207648 , -0.000962313 , 0.000276301 , -138 , 194 , -66 , -104.45437135525395 , 93.10268733982569 , -58.053737850915034 , 0.00216692 , -0.00270493 , 0.00407250356681 , 1591217382.854952
0.659768864674 , 0.678649849894 , -0.224824842262 , -0.00124476 , 0.000345436 , -130 , 196 , -68 , -85.38749296843291 , 90.29130737417692 , -59.30834588693081 , -0.00288168 , -0.00215916 , 0.00399940652342 , 1591217382.9510667
0.693884493043 , 0.633562631038 , -0.175713333226 , -0.00116332 , 0.000652634 , -147 , 196 , -62 , -68.95279494456146 , 82.08714511536684 , -42.49904724271115 , 0.000328356 , 0.000232888 , 0.00160126778175 , 1591217383.045421
0.731065377888 , 0.590528396323 , -0.130718956684 , -0.00112706 , 0.000767666 , -115 , 190 , -72 , -63.50701796229476 , 73.07918177003901 , -23.50442015162176 , -0.00141078 , 0.00182242 , 0.00395112365036 , 1591217383.1451485
0.763947832875 , 0.552194432804 , -0.0999875034257 , -0.00102551 , 0.000766203 , -68 , 134 , -67 , -56.55273906909696 , 73.54306473360774 , -7.486160630013863 , 0.000801143 , 0.000136581 , 0.00478671588925 , 1591217383.2377641
0.793702807568 , 0.512848443228 , -0.0861657014815 , -0.00107199 , 0.000579566 , -90 , 87 , -71 , -60.32021974212443 , 63.19622117839244 , -2.6431010166363897 , 0.00178776 , -0.00138909 , 0.00379098590736 , 1591217383.3361163
0.816817874592 , 0.474565789433 , -0.0854304992505 , -0.00128625 , 0.000242825 , -95 , 180 , 0 , -63.71366374099404 , 58.37887456606326 , -0.8180589804454848 , -0.000639978 , -0.0029618 , 0.00319233960421 , 1591217383.4303298
0.837928744731 , 0.434118831925 , -0.0860186610353 , -0.000998828 , 0.000333913 , -96 , 96 , 0 , -68.27519470851334 , 56.00035757859895 , -0.34249575208219074 , 0.00096022 , -0.001243 , 0.00163369104528 , 1591217383.5284748
0.856313422724 , 0.39442528249 , -0.085136418358 , -0.00073221 , 0.000233279 , -96 , 173 , 0 , -78.25858422862403 , 49.81932992122416 , -0.18250837819285803 , 0.00412387 , -0.00114926 , 0.0044491658639 , 1591217383.6230516
0.8731016575 , 0.354410533986 , -0.0757258298003 , -0.000836307 , 0.000287178 , -96 , 96 , 0 , -85.43760015371704 , 46.81435320165708 , -0.05399091270693897 , -0.00167245 , -0.000655025 , 0.00202460557642 , 1591217383.7170315
0.889031597172 , 0.313640527816 , -0.058375057147 , -0.00085089 , 0.000231313 , -98 , 93 , 0 , -91.27503549750008 , 44.32968638025865 , -0.0011648520906301677 , 0.00406428 , -0.00146624 , 0.00495277264429 , 1591217383.811122
0.904804526107 , 0.272503782139 , -0.0354367475376 , -0.000842149 , 0.00026375 , -187 , 95 , 0 , -95.57623719893517 , 41.010310087851785 , 0.01358612765693814 , 0.000301483 , -0.000436337 , 0.000645580124634 , 1591217383.9055805
0.920443031746 , 0.231498146477 , -0.00691090097207 , -0.000559114 , 0.000179926 , -187 , 98 , 0 , -98.62456660933076 , 36.61509055837208 , 0.3501587948835219 , 0.00266277 , -0.00145485 , 0.00303494035072 , 1591217383.9994562
0.936749269221 , 0.189282357496 , 0.0282317656731 , -0.000705671 , 0.000446577 , -96 , 101 , 0 , -101.22024347503707 , 30.384706613582267 , 2.0021093694239527 , 0.00167335 , -0.000316606 , 0.00176828391561 , 1591217384.0980384
0.951990063164 , 0.150137214274 , 0.067932686151 , -0.000743542 , 0.000232665 , -96 , 0 , 0 , -103.42969065299738 , 22.46552560761595 , 7.288059164132529 , 0.0011611 , -0.00108846 , 0.00270398559569 , 1591217384.1919658
0.967348149351 , 0.109038717222 , 0.121014287234 , -0.00110453 , 0.000545247 , -104 , 93 , 0 , -96.50171995587881 , 17.959241590034225 , 22.064498439698777 , 0.000293753 , 0.00125002 , 0.00130216706365 , 1591217384.2944558
0.98033684567 , 0.0735813983657 , 0.176742616349 , -0.000812826 , 0.000902317 , -96 , 0 , 0 , -89.83741375856928 , 11.546151513277456 , 55.22883330651064 , 0.00168782 , 0.00226532 , 0.00286385912649 , 1591217384.3888566
0.982590746376 , 0.0328900153494 , 0.206444786485 , -0.000807261 , 0.000843822 , -140 , 0 , 146 , -78.0799671966142 , 7.174144041285442 , 118.3357266805249 , -0.000720622 , -0.00129966 , 0.00287246603024 , 1591217384.482889
0.970486401894 , -0.0155433903566 , 0.199386845066 , -0.0012631 , 0.000627437 , -143 , 0 , 177 , -72.55896868643177 , 4.614569952283226 , 158.8594614320878 , -0.000807514 , -0.00142219 , 0.00333650600665 , 1591217384.5770571
0.950038941861 , -0.0687563219368 , 0.177771899473 , -0.000905695 , 0.000697279 , -134 , 0 , 182 , -66.55286498649906 , 5.486744953386804 , 146.94308188875763 , 0.00282846 , -0.000675567 , 0.00290948360567 , 1591217384.6770284
0.927922077487 , -0.117777068043 , 0.155274711202 , -0.000968837 , 0.000539142 , -177 , 0 , 190 , -71.54148752320877 , 6.4364862557850895 , 105.8482602763715 , -0.000999731 , -0.000990808 , 0.00141320705878 , 1591217384.7695076
0.90576931811 , -0.16524514778 , 0.136453534087 , -0.000806863 , 0.000610885 , -90 , 0 , 187 , -71.15426057569144 , 8.374010133077318 , 75.71109991240144 , 0.00256422 , -0.000494088 , 0.00464623053077 , 1591217384.8667383
0.884137848052 , -0.212601799333 , 0.125131419728 , -0.000945429 , 0.000495505 , -185 , 0 , 92 , -72.84774229879643 , 9.865938060459168 , 57.30411190057945 , 0.000336065 , -0.0015162 , 0.00155363029573 , 1591217384.9619398
0.865459523131 , -0.256033613593 , 0.123219893928 , -0.000868943 , 0.000361267 , -87 , 0 , 177 , -66.11414840108485 , 11.472077538538235 , 49.40162130472953 , 0.00350661 , -0.00189352 , 0.00412609545805 , 1591217385.056435
0.84877666716 , -0.29731425893 , 0.127042945529 , -0.000646168 , 0.000318308 , -92 , 0 , 99 , -66.46732760681627 , 9.872757416729828 , 44.81383920935711 , 0.00335507 , -0.00166355 , 0.00380076830245 , 1591217385.1502595
0.834113964316 , -0.336815133681 , 0.136159453194 , -0.00105353 , 0.000522356 , -95 , 0 , 99 , -62.49248218122098 , 8.23394451869212 , 49.04714956367599 , -0.000810803 , -6.52082e-05 , 0.00163364801648 , 1591217385.2444746
0.820250754808 , -0.375372769614 , 0.14527596086 , -0.00131433 , 0.000878241 , -139 , 0 , 88 , -58.174195008957575 , 5.8017434710138955 , 59.44820493261256 , -0.00148813 , 0.00085076 , 0.00241809639305 , 1591217385.3386831
0.805558158096 , -0.414002161548 , 0.148510850676 , -0.00106384 , 0.000704731 , -139 , 0 , 96 , -55.61524400701678 , 3.1490934220009503 , 71.50413138810565 , 0.000558115 , -0.000566416 , 0.00170976735209 , 1591217385.4328246
0.78896995995 , -0.453235430671 , 0.14292331372 , -0.000976005 , 0.00106527 , -95 , 0 , 96 , -47.424411183172694 , 1.7493220252753467 , 88.3511657868087 , 0.000337473 , 0.00138649 , 0.00189874940575 , 1591217385.5271628
0.769592332486 , -0.492858205067 , 0.125719581513 , -0.00126746 , 0.00106886 , -91 , 0 , 177 , -40.739432371606945 , 0.8281743603047796 , 102.37430452201102 , 0.00064856 , 0.00105953 , 0.00219774750947 , 1591217385.6213543
0.747332533024 , -0.531688087719 , 0.0968996540552 , -0.000949483 , 0.00114582 , -93 , 0 , 187 , -38.007844511184324 , 0.2524135344992994 , 103.08120289710075 , 0.00189909 , 0.00156804 , 0.00382855220151 , 1591217385.7155838
0.723108177492 , -0.56856810783 , 0.0611688256251 , -0.00080549 , 0.000870301 , -91 , 0 , 185 , -38.721952228808505 , 0.037791348799510426 , 95.15249578626448 , 0.00290219 , -3.35297e-05 , 0.00433058292143 , 1591217385.8098886
0.697656685667 , -0.603407039023 , 0.0230853500556 , -0.00123747 , 0.000978395 , -93 , 0 , 93 , -41.0295232445311 , 0.0006134911653830759 , 87.3245817080266 , -0.00163812 , 0.000564569 , 0.00176495436153 , 1591217385.9037962
0.670485653234 , -0.638295133749 , -0.0142629232828 , -0.00144623 , 0.00109739 , -95 , 0 , 90 , -47.785819213526054 , -0.010278503837540946 , 74.99899495937983 , -0.000778364 , 0.00111284 , 0.00157168519846 , 1591217386.002192
0.644368462463 , -0.671115946738 , -0.0438180529718 , -0.00132403 , 0.00111866 , -95 , 0 , 95 , -50.993377383818505 , -0.11709582604608097 , 72.14467361616015 , 0.000793662 , -8.80191e-05 , 0.000960840844888 , 1591217386.0987065
0.617142878396 , -0.705465124037 , -0.0674915648123 , -0.00129575 , 0.000947139 , -93 , 0 , 180 , -52.89148931167792 , -0.5499142221764477 , 74.5821275934353 , 0.000187163 , -0.000717591 , 0.00214363566045 , 1591217386.1945665
0.59038970524 , -0.738910571095 , -0.0863127419277 , -0.00107942 , 0.0011389 , -93 , 0 , 95 , -49.85205248343522 , -1.7919654878215956 , 75.0107908404946 , 0.00225563 , 0.000608096 , 0.00241931465806 , 1591217386.2890189
0.560488288086 , -0.774628744188 , -0.107633606629 , -0.00111126 , 0.000919231 , -91 , 0 , 93 , -47.0538840201045 , -5.055583228306007 , 75.04011571494736 , 0.00057922 , -0.000876721 , 0.00162968680928 , 1591217386.393675
0.531085580777 , -0.807560630453 , -0.130277835346 , -0.00086191 , 0.000530335 , -95 , 0 , 182 , -40.0654486519113 , -10.7348087647062 , 85.74840524389758 , 0.0023535 , -0.00231312 , 0.0037927073187 , 1591217386.4894736
0.500175491997 , -0.838984952218 , -0.158803681911 , -0.000709609 , 0.000815463 , -92 , 0 , 128 , -34.36326472991211 , -19.723289954853453 , 88.07240052975311 , 0.00399937 , 0.000491385 , 0.00467159297807 , 1591217386.5877478
0.469293280372 , -0.86657685184 , -0.192917065433 , -0.000876534 , 0.000712821 , -96 , 0 , 187 , -30.891490240968675 , -33.332154676488386 , 91.28740134790004 , 0.00061101 , -0.000328663 , 0.000894374413595 , 1591217386.6819184
0.435863960635 , -0.89232671026 , -0.235264713943 , -0.000869555 , 0.000769272 , 0 , 0 , 187 , -32.0514580641707 , -52.25595048352099 , 91.3720968674049 , 0.00306917 , 0.00030986 , 0.00641592496612 , 1591217386.780252
0.39532290178 , -0.907631913519 , -0.252615486596 , -0.00109826 , 0.000665544 , -39 , -86 , 143 , -37.15484536479748 , -77.04028171616184 , 91.92341063777232 , -0.00091513 , 1.6579e-05 , 0.00300485980788 , 1591217386.8744905
0.345664956493 , -0.9141455188 , -0.235999916174 , -0.000951212 , 0.000689128 , -76 , -137 , 138 , -40.622985416797114 , -90.83456437064682 , 87.74053380097634 , 0.00104637 , -0.000710776 , 0.0013397082107 , 1591217386.9686155
0.291579174233 , -0.918436873462 , -0.200563168636 , -0.00105738 , 0.000737748 , -75 , -202 , 138 , -36.45132980340722 , -86.93432944878003 , 81.60014960172298 , -8.6719e-05 , -0.00056638 , 0.000955062616801 , 1591217387.062814
0.234895220569 , -0.923277489254 , -0.156156953879 , -0.000922579 , 0.000509068 , -66 , -130 , 134 , -25.315172884490995 , -73.87987314235477 , 77.59987461636543 , -1.89212e-05 , -0.001396 , 0.00156927853221 , 1591217387.1612165
0.182419015933 , -0.928647533683 , -0.119396842326 , -0.000980812 , 0.000666595 , -39 , -134 , 171 , -14.673438047274194 , -64.7242455505534 , 72.22380635029256 , 0.000908426 , -0.000438306 , 0.00206392790802 , 1591217387.2552564
0.126182476914 , -0.933071768751 , -0.0917532384377 , -0.0011885 , 0.000744388 , -40 , -74 , 70 , -7.437384575328315 , -58.196282746090944 , 68.58420540625625 , -0.0016365 , -0.000803792 , 0.00187586664806 , 1591217387.3619325
0.0789860198781 , -0.934256120212 , -0.0814604072027 , -0.000984668 , 0.000497561 , 0 , -99 , 177 , -3.633564082304422 , -55.277994111637774 , 63.523306149070756 , 0.00190551 , -0.00289235 , 0.00354344540094 , 1591217387.4560437
0.033918845087 , -0.932623024205 , -0.0816074476489 , -0.00105216 , 0.000901815 , 0 , -173 , 190 , -1.747226340199551 , -50.92038076829977 , 66.34220188566286 , 0.00225081 , 0.000161591 , 0.00285144866766 , 1591217387.5502355
-0.00985315637487 , -0.930584655378 , -0.0879301868361 , -0.00108569 , 0.000700116 , 0 , -90 , 98 , -1.571805010554778 , -55.67567189344419 , 60.448238622024675 , 0.0016376 , -0.00111043 , 0.00347196899839 , 1591217387.644387
-0.0546783455785 , -0.927698727851 , -0.0935177237922 , -0.00112404 , 0.000639289 , 0 , -92 , 90 , -1.0963126285894984 , -58.6083060841267 , 60.40115567784562 , 0.000636484 , -0.000817813 , 0.00326034022348 , 1591217387.7426639
-0.0976493360651 , -0.924145447725 , -0.0960174113779 , -0.000918195 , 0.00073097 , 0 , -92 , 96 , -0.7118441721959544 , -65.4290783441682 , 57.58972384102121 , 0.00272379 , 0.000749749 , 0.00476398095 , 1591217387.8368227
-0.141007267936 , -0.919548485781 , -0.0938118046847 , -0.000948195 , 0.000468832 , 0 , -182 , 175 , -0.3450970946757353 , -72.81873594265322 , 54.245130247116414 , 0.000318869 , -0.000913319 , 0.00148255486827 , 1591217387.93103
-0.185036145115 , -0.91380641661 , -0.0854304992505 , -0.0012149 , 0.000487294 , 0 , -175 , 93 , -0.12964502422657828 , -83.74270604383531 , 46.75785363973362 , -0.000399134 , -0.000183414 , 0.00149681397423 , 1591217388.025202
-0.231557771473 , -0.906373440439 , -0.0673445243661 , -0.000874854 , 0.000251176 , 0 , -187 , 98 , -0.0025229240865762784 , -86.73177372252215 , 43.92667485985199 , 0.00148989 , -0.00215754 , 0.00295185243942 , 1591217388.1239328
-0.275844942633 , -0.898570225867 , -0.0420535676173 , -0.00103884 , 0.000365501 , 0 , -93 , 0 , 0.005955932901345356 , -98.24308665736322 , 33.97642864754161 , 0.00292735 , -0.00108539 , 0.00314797113855 , 1591217388.2178757
-0.321249518589 , -0.889920734987 , -0.00661682007964 , -0.000665614 , 0.000543715 , 0 , -193 , 102 , 0.3431511255589401 , -99.04736123795564 , 28.098753548814894 , 0.00154743 , -0.000368297 , 0.0021666713197 , 1591217388.316052
-0.363534862105 , -0.881399138962 , 0.0367601115536 , -0.00108513 , 0.000650986 , 0 , -93 , 95 , 2.8604074781707203 , -94.24457038193094 , 23.2122643182194 , -0.00117575 , 0.000270259 , 0.00474588623859 , 1591217388.4100864
-0.403923390186 , -0.873379260535 , 0.0867538632664 , -0.00117013 , 0.000959918 , 0 , -133 , 90 , 10.945760003787047 , -88.22516776941553 , 17.882732198542833 , 0.000105697 , 0.00262597 , 0.00331712900829 , 1591217388.504382
-0.441724406704 , -0.865982457253 , 0.142335151935 , -0.000985691 , 0.000773109 , 0 , -102 , 0 , 28.918688917381417 , -86.06379219431837 , 11.588394092619252 , 0.00128655 , -0.000212756 , 0.00416688318464 , 1591217388.5988257
-0.476687095371 , -0.858743935581 , 0.205268462915 , -0.000801596 , 0.000672459 , 0 , -138 , 0 , 69.81227944740334 , -75.90574029956795 , 7.439886442391908 , 0.00320352 , -0.00101631 , 0.003519219103 , 1591217388.6927466
-0.511192060664 , -0.838304299988 , 0.23732328019 , -0.000661512 , 0.000948445 , 83 , -96 , 72 , 149.3019175916302 , -61.646309932600616 , 4.1768167241186385 , 0.00252142 , 0.00156863 , 0.00313493895031 , 1591217388.7870162
-0.546267741703 , -0.801144037546 , 0.22644228717 , -0.000706801 , 0.000282657 , 177 , -91 , 0 , 196.65954780161292 , -55.92817993349799 , 2.415924229320982 , 0.00119945 , -0.00284835 , 0.0031415047739 , 1591217388.8812585
-0.579529008096 , -0.7578613776 , 0.198357561943 , -0.00069096 , 0.000335908 , 184 , -93 , 0 , 178.2499816116762 , -51.00835440994051 , 2.992296084272174 , 0.00106004 , -0.00200687 , 0.00234607480843 , 1591217388.9754555
-0.609955549268 , -0.713794874096 , 0.165273461545 , -0.000577953 , 0.000289673 , 187 , -93 , 0 , 134.34022785936847 , -52.671552890122335 , 3.930222650911764 , 0.00271073 , -0.00130768 , 0.0030104365912 , 1591217389.069595
-0.637927031126 , -0.670508453259 , 0.134100886947 , -0.000419538 , 0.00116582 , 184 , -96 , 0 , 96.55051366469814 , -56.91196479240859 , 5.009527972044922 , 0.00221291 , 0.00336316 , 0.00402721888024 , 1591217389.1637332
-0.664465542583 , -0.628701617643 , 0.110133294214 , -0.000612641 , 0.000828597 , 177 , -92 , 0 , 66.83953097033077 , -64.56952932598637 , 5.421653769453722 , -0.000844612 , 5.80655e-05 , 0.000891402700094 , 1591217389.2583852
-0.690751713704 , -0.589109099045 , 0.0982230180711 , -0.00103154 , 0.000671898 , 177 , -93 , 0 , 52.588318806833506 , -68.09528998568045 , 5.882998853780757 , -0.00140511 , -0.000776998 , 0.00174853201779 , 1591217389.3522363
-0.71748071015 , -0.552244271149 , 0.099546382087 , -0.000871432 , 0.000609246 , 93 , -182 , 0 , 46.69695561380815 , -67.75655407298717 , 5.4319099529314725 , 0.00176411 , -0.000446342 , 0.00182143554569 , 1591217389.4464722
-0.744518797055 , -0.518164286613 , 0.110427375107 , -0.000702798 , 0.000749164 , 96 , -96 , 0 , 49.906706063020856 , -62.531057505600444 , 4.218392219856647 , 0.00216808 , -0.000543821 , 0.00225183113587 , 1591217389.540572
-0.771426259451 , -0.485814864757 , 0.123661015266 , -0.000999257 , 0.000522628 , 93 , -95 , 0 , 59.9019051698031 , -55.24882043340812 , 2.4814620227105477 , -0.000232355 , -0.0015804 , 0.00445516757356 , 1591217389.6348023
-0.797620758503 , -0.45357020373 , 0.131307118469 , -0.000906765 , 0.000498394 , 91 , -187 , 0 , 76.33029259725123 , -46.38459302556548 , 1.0918392053088901 , 0.00109228 , -0.000964824 , 0.00151265585313 , 1591217389.7289684
-0.822700639172 , -0.419261765567 , 0.126013662406 , -0.000836582 , 0.000367266 , 87 , -95 , 0 , 90.10660877230455 , -41.36405706918152 , 0.23083274463422496 , 0.00320045 , -0.00152056 , 0.00477351785217 , 1591217389.82316
-0.846043551418 , -0.382849911699 , 0.107927687521 , -0.000960731 , 0.000729491 , 141 , -93 , 0 , 103.9157608285385 , -34.02418083080144 , 0.03005810100892751 , 0.000576416 , 0.000413162 , 0.00136805608719 , 1591217389.9174528
-0.866944271871 , -0.344480153108 , 0.0774903151549 , -0.000670486 , 0.000708572 , 180 , 0 , 0 , 106.6391339938718 , -31.713075857830656 , -2.279545411056201e-07 , 0.00440548 , -0.00025955 , 0.00493520304111 , 1591217390.0115387
-0.884696089965 , -0.305254955758 , 0.0377893946771 , -0.000863765 , 0.000686049 , 180 , 0 , 0 , 106.2440408108474 , -30.905026248063848 , -0.016155979959873962 , 0.00105338 , -0.000851204 , 0.00204313105855 , 1591217390.1059299
-0.899652346612 , -0.265729150335 , -0.00632273918721 , -0.000949127 , 0.000550176 , 96 , -93 , 0 , 93.76446620158931 , -36.741413656221084 , -0.20313991129945042 , 0.00225853 , -0.000471247 , 0.00513077112809 , 1591217390.2004762
-0.912904562989 , -0.226392127182 , -0.048082225912 , -0.00115863 , 0.000404448 , 180 , -91 , 0 , 85.20723152732464 , -44.13534706222745 , -0.6671411174054742 , -0.000251893 , -0.00161171 , 0.00417406176494 , 1591217390.2941077
-0.927487585003 , -0.183120046198 , -0.0841071352345 , -0.00102721 , 0.000418469 , 92 , -88 , 0 , 83.74606933014621 , -48.88093697849783 , -1.3410730674002447 , 0.000968428 , -0.00076889 , 0.00123654641913 , 1591217390.396484
-0.941284140178 , -0.142284851952 , -0.109839213322 , -0.000906462 , 0.000530829 , 185 , -92 , 0 , 73.90414968179115 , -58.20538402891832 , -4.047203170349202 , 0.00136839 , -1.47014e-05 , 0.00142426449767 , 1591217390.4909163
-0.956997805598 , -0.0989253367165 , -0.125866621959 , -0.00105391 , 0.000974347 , 185 , -171 , 0 , 81.12166381539605 , -51.24954614770759 , -6.749966337171434 , -0.000468162 , 0.000928749 , 0.00244573061412 , 1591217390.5890305
-0.971754331754 , -0.0567323399883 , -0.140276585688 , -0.000893118 , 0.00119863 , 187 , -171 , 0 , 81.35360566507778 , -44.73290466783443 , -14.578901014594855 , 0.00104287 , 0.00232611 , 0.00268117397955 , 1591217390.6832786
-0.985530007145 , -0.0130856427536 , -0.158950722358 , -0.00106587 , 0.00109305 , 99 , 0 , 0 , 89.85348413636737 , -33.99109160768868 , -24.749163453801245 , 0.00040658 , 0.000664059 , 0.00079499186004 , 1591217390.7816827
-0.995549664217 , 0.0280477682115 , -0.1864472858 , -0.000898456 , 0.000951864 , 96 , -93 , 0 , 92.46884590963555 , -27.978809497619977 , -43.58674304189901 , 0.00323639 , -0.000658543 , 0.00399575212643 , 1591217390.8757725
-1.00213902492 , 0.0682972991731 , -0.223354437799 , -0.00110613 , 0.000786744 , 95 , -90 , 0 , 96.22006665175805 , -25.90352663075464 , -66.8579301093704 , -0.000409105 , -0.00153425 , 0.00373385884999 , 1591217390.9699683
-1.00483913354 , 0.10752991897 , -0.26643728854 , -0.00143969 , 0.0007649 , 180 , -93 , 0 , 97.9638250371123 , -27.7377683387165 , -96.20666173834556 , -0.00255364 , -0.000483855 , 0.00294506670733 , 1591217391.0643752
-0.988058332702 , 0.15082008289 , -0.267319531217 , -0.00150489 , 0.000954294 , 155 , -68 , -140 , 97.24035982739382 , -35.666752301216185 , -136.13501769602692 , -0.00147521 , 0.00112642 , 0.00215842754117 , 1591217391.1582308
-0.959151183546 , 0.198663675442 , -0.230412379218 , -0.00113329 , 0.00114561 , 178 , -68 , -194 , 91.94671551250376 , -37.42297727831025 , -137.01476533573216 , -0.000251444 , 0.0021868 , 0.00232377028348 , 1591217391.2526455
-0.930059713045 , 0.248944595642 , -0.179977506166 , -0.00111225 , 0.000860367 , 145 , -68 , -198 , 85.4842883015322 , -29.18051871057066 , -111.7380069932751 , 0.00135933 , -0.000539589 , 0.00202329676455 , 1591217391.3465858
-0.903967954936 , 0.299087442748 , -0.130865997131 , -0.00104357 , 0.000932067 , 150 , -70 , -141 , 79.03494969890762 , -17.279906249689393 , -88.03478872830539 , 0.00249877 , -0.000335269 , 0.00426610225284 , 1591217391.440865
-0.879899426388 , 0.347345591106 , -0.0936647642385 , -0.000575635 , 0.00115696 , 143 , -68 , -133 , 72.80286892248418 , -8.384162480861924 , -73.40376700527138 , 0.00327793 , 0.000322696 , 0.00345467571766 , 1591217391.534988
-0.85629619895 , 0.391652926927 , -0.0708734950753 , -0.00150823 , 0.00123886 , 115 , 0 , -85 , 72.48750549165747 , -2.9453849496799487 , -58.147284753587975 , -0.00309869 , 0.00081858 , 0.00382473077419 , 1591217391.629237
-0.832360523046 , 0.432245753046 , -0.065874119904 , -0.00151994 , 0.00104373 , 175 , 0 , -91 , 65.22070195390319 , -1.3631281240641893 , -56.15247000915523 , -0.00132801 , -0.0010798 , 0.00202416732218 , 1591217391.723461
-0.809610287294 , 0.469830711475 , -0.0696971715055 , -0.00105509 , 0.00123469 , 187 , 0 , -95 , 64.30548105216279 , -0.6915017335863409 , -54.15108589256633 , 0.00222172 , 0.000236289 , 0.00500868443929 , 1591217391.8176336
-0.787319876271 , 0.50563418787 , -0.0773432747087 , -0.00109514 , 0.000785239 , 98 , 0 , -93 , 61.128271635950846 , -0.4344768290883066 , -59.31208747286184 , 0.00140233 , -0.00218189 , 0.00447308989521 , 1591217391.9117892
-0.764862890482 , 0.540517860973 , -0.0836660138959 , -0.000876249 , 0.000642979 , 92 , 0 , -96 , 58.2273245745048 , -0.24946164912898217 , -68.13534981180503 , 0.00233915 , -0.00187685 , 0.00302659059009 , 1591217392.006144
-0.741129619144 , 0.57511420382 , -0.0849893779118 , -0.000934351 , 0.00117272 , 96 , 0 , -182 , 55.28507208678203 , -0.09464862235750972 , -79.52459339526871 , 0.00139269 , 0.00155695 , 0.00494854967637 , 1591217392.1001651
-0.715256003358 , 0.609753011572 , -0.0774903151549 , -0.00121346 , 0.00123237 , 92 , 0 , -93 , 48.307952283483225 , -0.021618640795435462 , -94.66660307430132 , 0.000199591 , 0.00146491 , 0.00263165457982 , 1591217392.1943254
-0.68711686687 , 0.644612911991 , -0.0591102593781 , -0.0012237 , 0.00125103 , 90 , 0 , -96 , 41.585314164239044 , -1.2448092434154025e-05 , -108.1177719201114 , 0.000157587 , 0.000324829 , 0.000670492439876 , 1591217392.2885702
-0.657740488345 , 0.679033081315 , -0.0297021701353 , -0.00079606 , 0.00106762 , 92 , 0 , -190 , 36.500975281881765 , 0.057870411073010816 , -111.32639955882931 , 0.00320659 , -0.00114166 , 0.00347977471675 , 1591217392.382758
-0.627063907531 , 0.714344868954 , 0.00999875034257 , -0.00113136 , 0.000921377 , 88 , 0 , -130 , 31.779393412495693 , 0.9022321849133191 , -107.41470134039324 , -0.000907368 , -0.00225781 , 0.00310414871633 , 1591217392.48101
-0.598840125775 , 0.747092293463 , 0.0546990459917 , -0.00100935 , 0.000941835 , 96 , 0 , -95 , 24.48057996111555 , 4.434723418197067 , -105.76671405306095 , 0.00278296 , -0.00134454 , 0.00431074923576 , 1591217392.5751684
-0.570681674037 , 0.779803269994 , 0.108662889752 , -0.00128057 , 0.0010903 , 0 , 0 , -187 , 18.403549517643523 , 14.639730196319798 , -99.7083463323742 , -0.00101389 , 0.000396413 , 0.00227192226387 , 1591217392.6738355
-0.546047120386 , 0.80876743304 , 0.165420501991 , -0.00105717 , 0.000996655 , 0 , 0 , -128 , 13.33898091298632 , 41.7643316557597 , -87.0118152839648 , 0.00165571 , -0.000585647 , 0.00175846614165 , 1591217392.767746
-0.522937721221 , 0.835199950744 , 0.226148206277 , -0.00129975 , 0.00127747 , 0 , 0 , -138 , 6.983095599386017 , 85.86490925680503 , -83.47902624049932 , -9.41348e-05 , 0.000455667 , 0.000785399527362 , 1591217392.8618095
-0.483676661095 , 0.853177598004 , 0.245557545178 , -0.00154168 , 0.00122746 , 0 , 175 , -95 , 4.02389367556846 , 179.08117436003536 , -68.47200450583462 , -0.00322065 , -0.000326155 , 0.0032384297988 , 1591217392.9560356
-0.42829508039 , 0.864292100013 , 0.224824842262 , -0.00115734 , 0.000923316 , 0 , 185 , -92 , 3.477416410837669 , 215.06704761414827 , -58.007162263136856 , 0.00146779 , -0.00219957 , 0.00273800831111 , 1591217393.0543282
-0.373444625383 , 0.870588259064 , 0.192770024987 , -0.00134062 , 0.000966932 , 0 , 180 , -177 , 3.9111227668536155 , 163.73733406677667 , -59.920949701120094 , -0.00225557 , -0.000332898 , 0.00381803412811 , 1591217393.1486804
-0.320403892246 , 0.874423014965 , 0.159097762804 , -0.00101203 , 0.0011628 , 0 , 182 , -91 , 5.885619999993438 , 122.35186405090224 , -60.545442720593236 , 0.00368535 , 0.000426071 , 0.00443111760075 , 1591217393.2427638
-0.269246985753 , 0.876915741374 , 0.129395592669 , -0.00123202 , 0.00127855 , 0 , 92 , -91 , 7.603858052237116 , 86.59614908306993 , -65.55699670268298 , 0.0014841 , 0.00109308 , 0.00255302453504 , 1591217393.337148
-0.220005119784 , 0.879125413966 , 0.107486566183 , -0.00140254 , 0.00138984 , 0 , 185 , -96 , 9.044445381201994 , 63.115823464697925 , -70.66039842854872 , -0.000718963 , 0.00202419 , 0.00245910179821 , 1591217393.4311724
-0.17278263544 , 0.882169545638 , 0.096752613609 , -0.00156628 , 0.00119293 , 0 , 177 , -98 , 8.124751052263141 , 43.92821592710995 , -81.51799154675587 , -0.000993178 , -0.000200517 , 0.00218363049893 , 1591217393.5254517
-0.127788263862 , 0.887434710383 , 0.101457907888 , -0.00113155 , 0.000746031 , 0 , 96 , -88 , 9.242266448740263 , 44.55685556200793 , -73.42106541903138 , 0.00207989 , -0.00230661 , 0.00523784764763 , 1591217393.6195216
-0.0850051907412 , 0.894317735531 , 0.114691548047 , -0.000934165 , 0.000731042 , 0 , 96 , -93 , 6.1462304120365845 , 43.806906010256974 , -74.08773242897844 , 0.00299158 , -0.00171049 , 0.00358934298959 , 1591217393.7137349
-0.0438165318708 , 0.902521610317 , 0.132777522931 , -0.00113375 , 0.000740049 , 0 , 91 , -98 , 3.8591062527611086 , 54.5793543224375 , -65.30990821650859 , 0.00117804 , -0.00113839 , 0.00214252867876 , 1591217393.8079493
-0.00288594564398 , 0.910412413186 , 0.145423001306 , -0.00111149 , 0.000786858 , 0 , 92 , -95 , 2.0948712823042723 , 76.057213084523 , -50.75344996741209 , 0.0020549 , -0.00144009 , 0.00357536344533 , 1591217393.902139
0.0394726399807 , 0.915712576215 , 0.140717707027 , -0.00102715 , 0.000806545 , 0 , 95 , -90 , 0.6827508286355183 , 95.91256562746811 , -41.234614838134746 , 0.00125062 , -0.00038511 , 0.00336216310433 , 1591217393.9982247
0.0831521445797 , 0.917526378351 , 0.117926437864 , -0.00107406 , 0.00068197 , 0 , 96 , -99 , 0.12889557769684837 , 108.88482541458 , -36.07190087014597 , 0.00100221 , -0.00161372 , 0.00417562375491 , 1591217394.0905464
0.127229780074 , 0.915236995453 , 0.0786666387246 , -0.00103255 , 0.00068936 , 0 , 130 , -93 , 0.01562954875997118 , 110.64874468167133 , -32.26201664227952 , 0.00318968 , -0.00129147 , 0.00380234650975 , 1591217394.185221
0.168839722764 , 0.909549285627 , 0.0316136959361 , -0.000620654 , 0.000806958 , 0 , 93 , -90 , -3.829362142227485e-08 , 100.40092354599362 , -35.540590572477036 , 0.00446418 , -0.000261097 , 0.00481537858888 , 1591217394.2789214
0.208998279699 , 0.901147997758 , -0.0192622984541 , -0.000995218 , 0.000757307 , 0 , 185 , 0 , -0.012393650809330112 , 87.44117545179593 , -43.23417694748384 , 0.00123274 , -0.000895972 , 0.00155740590813 , 1591217394.373229
0.24830888746 , 0.891672516453 , -0.0651389176729 , -0.00104833 , 0.000659177 , 0 , 90 , -90 , -0.08615195286313893 , 78.33789042508069 , -55.86270246728413 , -0.000416741 , -0.000206178 , 0.000916764005001 , 1591217394.4673367
0.288877078525 , 0.882446895248 , -0.0996934225332 , -0.00100798 , 0.000748635 , 0 , 130 , -91 , -0.38477282888289704 , 68.05609199782943 , -71.14374022293575 , 0.00174751 , 0.000155564 , 0.00348159213231 , 1591217394.561591
0.333350869355 , 0.874432612428 , -0.118367559202 , -0.001194 , 0.00079089 , 0 , 185 , -92 , -1.150318865093738 , 63.81502361719196 , -78.6419345297341 , -0.000989009 , 0.000678742 , 0.0012002157624 , 1591217394.6598418
0.378214334739 , 0.868140718033 , -0.123366934374 , -0.000918538 , 0.000960376 , 0 , 182 , -173 , -3.5843687037230954 , 63.27870201666844 , -76.31631563793242 , 0.00225826 , 0.00039437 , 0.00229344323601 , 1591217394.7540479
0.423862477965 , 0.862705715446 , -0.122190610804 , -0.00125396 , 0.000641867 , 0 , 90 , -175 , -7.762419501764694 , 72.23373131439372 , -56.27972034901832 , -2.48577e-06 , -0.00112533 , 0.00239165070977 , 1591217394.8482409
0.468643316914 , 0.856165062 , -0.127631107314 , -0.00108737 , 0.000741708 , 0 , 91 , -177 , -17.053977773330303 , 80.5513260182484 , -38.49865432785422 , 0.0011605 , -0.000303787 , 0.0015956595952 , 1591217394.9425561
0.510948933225 , 0.847102522602 , -0.146158203537 , -0.00114098 , 0.00101571 , 0 , 92 , -95 , -32.27198737899512 , 88.50017922834604 , -25.835884975299848 , 0.00127032 , 0.000137261 , 0.00198518198665 , 1591217395.036715
0.549882691469 , 0.8344809049 , -0.181594951075 , -0.00104241 , 0.000997211 , 0 , 187 , -99 , -51.52637423736356 , 98.46689357813392 , -18.611567379041187 , 0.00164323 , 0.000477475 , 0.00213301669863 , 1591217395.1307905
0.584162604447 , 0.818074413701 , -0.232176864572 , -0.0012249 , 0.00103612 , 0 , 133 , 0 , -80.22879075241715 , 98.40284648144437 , -19.62080094045773 , -0.00154041 , 3.00188e-05 , 0.00168519969263 , 1591217395.2250626
0.610879791172 , 0.782389115825 , -0.252027324811 , -0.0014703 , 0.00106948 , -72 , 140 , -70 , -113.2921420509213 , 99.36433024063429 , -27.424015169354686 , -0.000354037 , -0.000309829 , 0.000610356523074 , 1591217395.3192112
0.632813040543 , 0.734448527182 , -0.243940100269 , -0.00149131 , 0.00113964 , -153 , 166 , 0 , -108.0253367571782 , 98.52225541112757 , -34.59154995853659 , -0.00035785 , 7.64873e-06 , 0.000364070811688 , 1591217395.4136004
0.655451066211 , 0.6835560412 , -0.223648518692 , -0.000952262 , 0.00120618 , -133 , 133 , 0 , -87.0721792797614 , 90.3243775111083 , -41.901213548908665 , 0.00407769 , 0.00163138 , 0.00730053408763 , 1591217395.5074873
0.681455325644 , 0.635122823131 , -0.198357561943 , -0.00134475 , 0.00139158 , -134 , 133 , -68 , -67.19480385683154 , 82.4274712075415 , -42.64284814380543 , -0.000471509 , 0.00248461 , 0.00256765892794 , 1591217395.6018362
0.711521556018 , 0.5892414452 , -0.169684674931 , -0.00174474 , 0.00140642 , -117 , 134 , -67 , -55.045540736990695 , 76.12956888341171 , -35.911080073481116 , -0.00120787 , 0.000407609 , 0.00229113136827 , 1591217395.7002091
0.741431809173 , 0.549479545449 , -0.147775648445 , -0.00131182 , 0.00114286 , -117 , 137 , -70 , -48.398811126815396 , 73.74571616591467 , -22.93773676539769 , 0.00150614 , -0.00117879 , 0.00197844868895 , 1591217395.7942922
0.769408662453 , 0.512295861414 , -0.137041695872 , -0.00106928 , 0.000957574 , -114 , 177 , 0 , -51.4867125311398 , 65.8883920791301 , -14.740289743392363 , 0.00191107 , -0.000846844 , 0.00272965349928 , 1591217395.8907726
0.794545518741 , 0.474253568276 , -0.136012412748 , -0.00122409 , 0.000872607 , -81 , 185 , 0 , -59.42274058021732 , 62.48422441268696 , -9.180174743413142 , 0.00202631 , -0.000798717 , 0.00320651847883 , 1591217395.9867964
0.815155362182 , 0.434634429927 , -0.140423626135 , -0.00101104 , 0.0012742 , -95 , 98 , 0 , -63.737948825665285 , 60.7267328982048 , -5.473101382433479 , 0.00569969 , 4.45125e-05 , 0.00616997007992 , 1591217396.0854475
0.832834734037 , 0.395483556698 , -0.143070354166 , -0.00126518 , 0.0011515 , -80 , 99 , 0 , -69.34747996694134 , 62.022456439937024 , -3.825496763467894 , 0.0023857 , -0.00043437 , 0.00263582600361 , 1591217396.1792068
0.849329315905 , 0.354550619562 , -0.143658515951 , -0.0012374 , 0.00107379 , -92 , 180 , 0 , -83.58772215990327 , 53.918920623284286 , -3.5698638481455123 , 0.000159381 , -0.000398307 , 0.00256530743612 , 1591217396.273576
0.864590123788 , 0.312343324602 , -0.135865372302 , -0.00126824 , 0.000940667 , -96 , 92 , 0 , -90.1548937723293 , 50.617811917122594 , -2.482306377756117 , -0.00116261 , -0.000459316 , 0.00162529788434 , 1591217396.3685772
0.878987157028 , 0.269037547983 , -0.119837963665 , -0.00136995 , 0.001012 , -142 , 90 , 0 , -95.73491404703786 , 47.12823820159432 , -1.3096020203116387 , 0.000791093 , -0.0003042 , 0.00086971132853 , 1591217396.4618208
0.893106804664 , 0.225606451805 , -0.0983700585173 , -0.00108313 , 0.000813236 , -96 , 91 , 0 , -93.53267872861692 , 45.26539158848094 , -0.32339911819794304 , 0.000285267 , -0.0015466 , 0.00269135273476 , 1591217396.5562594
0.907328625976 , 0.182485842277 , -0.0729320613223 , -0.00104146 , 0.00127252 , -92 , 92 , 0 , -94.06377943709089 , 39.75357940336179 , -0.014981378274725102 , 0.00254717 , 0.00201949 , 0.00415954820166 , 1591217396.6502132
0.921235519138 , 0.140403967974 , -0.0423476485097 , -0.00119231 , 0.000903662 , -185 , 92 , 0 , -99.5080594072035 , 31.660302059818505 , 0.006679951598563421 , -0.000435197 , -0.00146811 , 0.00212835789608 , 1591217396.74438
0.934623452951 , 0.0997380918378 , -0.00573457740235 , -0.00126111 , 0.0010085 , -185 , 92 , 0 , -100.25037334293638 , 25.400197219374757 , 0.5125901324600095 , 0.00259866 , -0.000509072 , 0.00284419501175 , 1591217396.83905
0.947077637663 , 0.0606650223246 , 0.039112758693 , -0.00129045 , 0.000897258 , -98 , 99 , 0 , -94.99153606976226 , 21.003697150395038 , 4.154476818285174 , 0.00103055 , 0.000213971 , 0.00171607078626 , 1591217396.9327376
0.9593798268 , 0.0222553767313 , 0.0921943597763 , -0.000889118 , 0.000802501 , -143 , 99 , 0 , -93.88612977564844 , 14.637577039755836 , 14.53792569337777 , 0.00389134 , -0.00125814 , 0.00460760052167 , 1591217397.0311215
0.970208643447 , -0.0123475580177 , 0.149981255138 , -0.000789837 , 0.000802901 , -96 , 101 , 0 , -87.09504988957998 , 9.580892191763054 , 42.35514594555714 , 0.00415893 , -0.00108926 , 0.00456942500704 , 1591217397.125291
0.979149711064 , -0.0449587819416 , 0.213208647011 , -0.00102732 , 0.000753398 , -128 , 0 , 0 , -83.76784413891573 , 4.380249357402733 , 90.18277095706712 , 0.000913846 , -0.00118612 , 0.00409503342197 , 1591217397.2201154
0.972197234294 , -0.0883123296054 , 0.232617985911 , -0.00108006 , 0.000991789 , -137 , 0 , 185 , -67.35448856390181 , 2.0729908780185164 , 187.69322527764317 , 0.00099458 , -0.000404395 , 0.00115420555292 , 1591217397.3139203
0.953569996597 , -0.139409298301 , 0.213208647011 , -0.00126079 , 0.000993957 , -134 , 0 , 180 , -58.356844646248575 , 1.4269415514764476 , 219.92629679279466 , -0.00146591 , -0.000850442 , 0.00450086561403 , 1591217397.4077556
0.931317947491 , -0.189848401808 , 0.182771274644 , -0.000807562 , 0.000577399 , -92 , 0 , 164 , -52.415223092985876 , 1.8666158569361422 , 185.7755746140772 , 0.00248653 , -0.00247537 , 0.00398897166722 , 1591217397.5020432
0.906508293117 , -0.239323296976 , 0.146746365322 , -0.000935889 , 0.000800982 , -91 , 0 , 182 , -53.74212046676415 , 2.219714420482678 , 139.53512869811348 , 0.00115565 , -0.00074982 , 0.00143596654462 , 1591217397.6003127
0.881863500405 , -0.284056991052 , 0.112780022246 , -0.00120032 , 0.00103269 , -91 , 0 , 177 , -57.41233165581201 , 2.6975755171501437 , 102.81831439993728 , -0.00126235 , 0.000719163 , 0.00334085525569 , 1591217397.6945102
0.857575095218 , -0.326733065166 , 0.0852834588042 , -0.0013345 , 0.000761928 , -92 , 0 , 92 , -65.86791093168253 , 2.6277707238488737 , 72.38531488903068 , -0.00102144 , -0.00115569 , 0.0031937067515 , 1591217397.7886586
0.834468382986 , -0.368328421595 , 0.0680797265972 , -0.000910014 , 0.000597783 , -138 , 0 , 185 , -69.78063771166804 , 2.647715347959132 , 57.29984604289867 , 0.000476378 , -0.00169459 , 0.00188560799836 , 1591217397.8828845
0.813291483036 , -0.40914396093 , 0.062492189641 , -0.00118934 , 0.000701412 , -91 , 0 , 182 , -67.30082943266785 , 2.524264921269992 , 53.18894813598604 , -0.000641453 , -0.000269414 , 0.00069659748114 , 1591217397.977149
0.793916434663 , -0.448957746085 , 0.0644037154418 , -0.00115421 , 0.000706538 , -96 , 0 , 180 , -63.22383065061683 , 1.7133642653214176 , 53.81088362546207 , 0.00067207 , -0.00128916 , 0.00204187429902 , 1591217398.0712368
0.774635765293 , -0.489843159971 , 0.0688149288283 , -0.00107025 , 0.000803342 , -91 , 0 , 88 , -59.23549487523468 , 0.7073091682943757 , 56.86203514961598 , 0.000497336 , 6.73041e-05 , 0.00257119535749 , 1591217398.1698885
0.756436570911 , -0.527698699025 , 0.0702853332904 , -0.0010217 , 0.00126342 , -92 , 0 , 91 , -50.92584082660891 , 0.18062534918461973 , 67.55640700849635 , 0.00216772 , 0.00282031 , 0.00427956806868 , 1591217398.2637253
0.737103186864 , -0.565216616539 , 0.0652859581191 , -0.00127838 , 0.00126288 , -138 , 0 , 95 , -43.943805229537105 , 0.010145836762204341 , 79.22100591049083 , -0.00156984 , 0.00167127 , 0.00268119509333 , 1591217398.358047
0.715613645158 , -0.601450256412 , 0.0482292663583 , -0.00103688 , 0.000665652 , -91 , 0 , 99 , -38.29703586493759 , -0.0021975579834771913 , 89.34463182349698 , 0.000186248 , -0.00232682 , 0.00238200581599 , 1591217398.4522812
0.691715361642 , -0.636279878868 , 0.0202915815776 , -0.00109663 , 0.000665974 , -93 , 0 , 130 , -33.50805016592665 , -0.07804580650666991 , 98.18388432256627 , 0.00182212 , -0.000946441 , 0.0022953943366 , 1591217398.5463731
0.665470501737 , -0.669059228464 , -0.0174978130995 , -0.000873457 , 0.000598494 , 0 , 0 , 121 , -34.06804270007405 , -0.4537911745657574 , 98.01132046693151 , 0.00289991 , -0.00136409 , 0.00370781908348 , 1591217398.6406543
0.637487934936 , -0.700004252255 , -0.0598454616092 , -0.00093451 , 0.00103774 , -92 , 0 , 91 , -39.12029369802547 , -1.3417993992396386 , 93.59825439774006 , 0.000348522 , 0.00192544 , 0.0019679223864 , 1591217398.734747
