0.0 , 0.0 , 0.0 , 0 , 0 , 0 , 1569444376.4767432
0.000145168468458 , 2.79376847807e-05 , 0.000147040446214 , 0 , 35 , -3 , 1569444376.521649
0.00401645904052 , -0.000865499001569 , -0.00455825383264 , 0 , 58 , -57 , 1569444376.5644724
0.0153397366394 , -0.000861237782514 , -0.00426417294021 , 0 , 81 , -91 , 1569444376.6120064
0.0290358628848 , -0.000444695828152 , -0.00176448535457 , 0 , 96 , -102 , 1569444376.6528637
0.0445213627363 , 3.08593146815e-05 , 0.000882242677285 , 0 , 107 , -113 , 1569444376.6979978
0.061989345447 , 0.000744712709848 , 0.00455825383264 , 0 , 107 , -128 , 1569444376.7389023
0.0809049821449 , 0.00180876470631 , 0.00970466945014 , 0 , 114 , -131 , 1569444376.785324
0.103251197652 , 0.00291968216325 , 0.014409963729 , 0 , 118 , -142 , 1569444376.8331635
0.123411014559 , 0.00435576851309 , 0.0204386220238 , 0 , 118 , -131 , 1569444376.878182
0.143231716334 , 0.00548746431257 , 0.0242616736253 , 0 , 111 , -139 , 1569444376.9191954
0.16260646977 , 0.00693572733391 , 0.0294080892428 , 0 , 115 , -127 , 1569444376.9641814
0.181498042389 , 0.0081901968476 , 0.0330841003982 , 0 , 114 , -139 , 1569444377.0091522
0.204910668073 , 0.0102788553683 , 0.0395538800316 , 0 , 126 , -142 , 1569444377.058381
0.226006087988 , 0.0119804426506 , 0.0441121338643 , 0 , 121 , -150 , 1569444377.099266
0.24698452776 , 0.0140530075331 , 0.050140792159 , 0 , 125 , -146 , 1569444377.144479
0.268093677387 , 0.0162871842168 , 0.0563164909 , 0 , 118 , -148 , 1569444377.1892996
0.289138741662 , 0.0186768509234 , 0.0621981087486 , 3 , 120 , -144 , 1569444377.2303705
0.31043625975 , 0.0223545393235 , 0.0644037154418 , 33 , 131 , -140 , 1569444377.2754757
0.331893082315 , 0.0279937025146 , 0.0598454616092 , 51 , 123 , -144 , 1569444377.320504
0.353321761784 , 0.0352390438856 , 0.0541108842068 , 59 , 119 , -141 , 1569444377.3654945
0.377450608851 , 0.0442680562757 , 0.0439650934181 , 69 , 112 , -148 , 1569444377.4146492
0.398223978341 , 0.0532078193153 , 0.0345545048603 , 73 , 118 , -151 , 1569444377.4606018
0.419082485553 , 0.0618958577461 , 0.0252909567488 , 70 , 108 , -147 , 1569444377.5048187
0.439626521642 , 0.0706598003983 , 0.0179389344381 , 73 , 107 , -150 , 1569444377.5497098
0.460325184293 , 0.0796094016398 , 0.0101457907888 , 66 , 104 , -148 , 1569444377.5907845
0.480370276132 , 0.0880827622616 , 0.00426417294021 , 62 , 111 , -155 , 1569444377.6358335
0.5014340686 , 0.0961069570735 , 0.000588161784857 , 59 , 108 , -152 , 1569444377.6809978
0.521753214062 , 0.103662084215 , -0.00338193026293 , 55 , 101 , -149 , 1569444377.725945
0.541957309675 , 0.111220786674 , -0.00602865829478 , 55 , 97 , -145 , 1569444377.7707882
0.561744327005 , 0.118477178878 , -0.00646977963343 , 40 , 93 , -149 , 1569444377.8119528
0.581190943789 , 0.124972731669 , -0.00338193026293 , 44 , 93 , -145 , 1569444377.8569982
0.600617599571 , 0.131584176671 , -0.000882242677285 , 44 , 89 , -145 , 1569444377.9021497
0.619350363429 , 0.138412385258 , 0.00117632356971 , 40 , 90 , -145 , 1569444377.9470055
0.637779220369 , 0.144831797808 , 0.00573457740235 , 40 , 86 , -145 , 1569444377.9886606
0.655935880126 , 0.151473445453 , 0.0105869121274 , 47 , 82 , -145 , 1569444378.0331035
0.673814319884 , 0.158563724874 , 0.0147040446214 , 40 , 78 , -143 , 1569444378.078587
0.691326780681 , 0.165582898107 , 0.0198504602389 , 44 , 85 , -142 , 1569444378.123143
0.70927781307 , 0.173148624187 , 0.0229383096094 , 52 , 74 , -145 , 1569444378.1641378
0.726746298136 , 0.181793177714 , 0.0257320780875 , 55 , 78 , -142 , 1569444378.2093163
0.744043287325 , 0.190566550578 , 0.0276436038883 , 59 , 71 , -135 , 1569444378.2542572
0.760643191568 , 0.199465954224 , 0.028819927458 , 59 , 70 , -138 , 1569444378.2993
0.777180221104 , 0.208523114595 , 0.0307314532588 , 63 , 67 , -135 , 1569444378.3402483
0.793158431652 , 0.217902683487 , 0.0316136959361 , 59 , 63 , -130 , 1569444378.3854294
0.808744970707 , 0.22717241436 , 0.0332311408444 , 62 , 67 , -138 , 1569444378.4303794
0.824073754004 , 0.236487227014 , 0.0345545048603 , 66 , 63 , -134 , 1569444378.475304
0.839661057 , 0.246390767668 , 0.0352897070914 , 65 , 60 , -134 , 1569444378.5163805
0.854946975678 , 0.256407202847 , 0.037054192446 , 62 , 59 , -134 , 1569444378.561541
0.870075302753 , 0.266305623791 , 0.0398479609241 , 70 , 48 , -134 , 1569444378.6065595
0.884380040397 , 0.276773737842 , 0.0424946889559 , 69 , 59 , -134 , 1569444378.6514978
0.899225302923 , 0.287583468699 , 0.0435239720794 , 76 , 52 , -131 , 1569444378.6925225
0.913424885809 , 0.298520659249 , 0.0439650934181 , 66 , 52 , -124 , 1569444378.7376304
0.92744591796 , 0.309009034409 , 0.0447002956491 , 73 , 48 , -124 , 1569444378.7825913
0.941094630625 , 0.320078684236 , 0.0449943765415 , 66 , 48 , -124 , 1569444378.8282173
0.954507181052 , 0.33094609894 , 0.0455825383264 , 73 , 45 , -130 , 1569444378.8727877
0.968023983242 , 0.342581549347 , 0.0470529427885 , 77 , 45 , -124 , 1569444378.9135964
0.980807821474 , 0.35400737457 , 0.0479351854658 , 81 , 41 , -127 , 1569444378.9587977
0.993463487605 , 0.365886325948 , 0.0485233472507 , 81 , 41 , -126 , 1569444379.0037196
1.00619798909 , 0.378000651459 , 0.0489644685893 , 84 , 41 , -124 , 1569444379.0486808
1.01882501282 , 0.390227473217 , 0.0482292663583 , 85 , 37 , -120 , 1569444379.0897012
1.03106896899 , 0.402537965971 , 0.048082225912 , 88 , 41 , -123 , 1569444379.1347945
1.04325163093 , 0.415151291817 , 0.0469059023423 , 85 , 33 , -124 , 1569444379.1798897
1.05481420051 , 0.427860317005 , 0.0464647810037 , 88 , 33 , -116 , 1569444379.2248755
1.06617864492 , 0.440778510323 , 0.0458766192188 , 95 , 26 , -120 , 1569444379.265978
1.07742838347 , 0.454243744744 , 0.0442591743105 , 88 , 26 , -120 , 1569444379.3108926
1.08847918966 , 0.467205585286 , 0.0445532552029 , 88 , 22 , -119 , 1569444379.355981
1.09940959176 , 0.480612924088 , 0.0458766192188 , 99 , 18 , -112 , 1569444379.3968983
1.10957281936 , 0.494531686046 , 0.0455825383264 , 96 , 22 , -116 , 1569444379.442257
1.11985718668 , 0.508005329843 , 0.0442591743105 , 92 , 18 , -124 , 1569444379.4870417
1.13067754161 , 0.521795916248 , 0.0445532552029 , 88 , 26 , -112 , 1569444379.5333643
1.14198472105 , 0.535443776309 , 0.045288457434 , 96 , 22 , -124 , 1569444379.5771089
1.1528328916 , 0.549387228546 , 0.0463177405575 , 88 , 26 , -113 , 1569444379.622136
1.1631750911 , 0.562452054446 , 0.0463177405575 , 92 , 26 , -116 , 1569444379.6631632
1.17400584072 , 0.575427654363 , 0.0457295787726 , 95 , 26 , -116 , 1569444379.7081568
1.18483655742 , 0.588564332672 , 0.0442591743105 , 99 , 26 , -116 , 1569444379.753207
1.19538169288 , 0.602007149286 , 0.0410242844938 , 95 , 26 , -116 , 1569444379.798295
1.20606466506 , 0.615475580804 , 0.0389657182468 , 92 , 22 , -109 , 1569444379.839243
1.21586207952 , 0.628746593774 , 0.0366130711073 , 103 , 14 , -112 , 1569444379.8843427
1.22576694984 , 0.642556441992 , 0.034995626199 , 96 , 15 , -108 , 1569444379.9295502
1.23551047939 , 0.656064273482 , 0.0345545048603 , 103 , 11 , -112 , 1569444379.9750178
1.24665780132 , 0.672551335366 , 0.0332311408444 , 103 , 18 , -108 , 1569444380.023519
1.25612754758 , 0.686255685152 , 0.0317607363823 , 100 , 18 , -105 , 1569444380.0685813
1.26508985446 , 0.699789574894 , 0.0304373723663 , 103 , 7 , -114 , 1569444380.1138582
1.27390200662 , 0.714061142633 , 0.0313196150436 , 85 , 3 , -113 , 1569444380.1545463
1.28233563481 , 0.727658181328 , 0.0348485857528 , 100 , 0 , -114 , 1569444380.1996543
1.28993383779 , 0.741648812012 , 0.0347015453066 , 100 , 0 , -106 , 1569444380.2364802
1.29740656792 , 0.753732991053 , 0.0395538800316 , 95 , 0 , -104 , 1569444380.2778323
1.30468409933 , 0.766854430889 , 0.0413183653862 , 101 , 0 , -105 , 1569444380.318577
1.31298342229 , 0.782828046774 , 0.0410242844938 , 104 , 0 , -107 , 1569444380.3675766
1.32033513725 , 0.797222265137 , 0.0401420418165 , 108 , 0 , -107 , 1569444380.408639
1.32802342683 , 0.811986482743 , 0.0398479609241 , 104 , 0 , -110 , 1569444380.453597
1.33595002257 , 0.826953485843 , 0.0401420418165 , 104 , 0 , -103 , 1569444380.4985995
1.34330546447 , 0.841564534037 , 0.0386716373543 , 105 , 0 , -100 , 1569444380.539586
1.35081772135 , 0.856421614641 , 0.0372012328922 , 110 , 0 , -103 , 1569444380.592686
1.35956702861 , 0.873745122829 , 0.0352897070914 , 108 , 0 , -103 , 1569444380.633901
1.36736438489 , 0.888780691104 , 0.0344074644141 , 108 , 0 , -103 , 1569444380.6788514
1.37499117051 , 0.903523504353 , 0.0333781812906 , 104 , 0 , -103 , 1569444380.7197404
1.38377518078 , 0.918855658621 , 0.0361719497687 , 104 , 0 , -103 , 1569444380.773021
1.39117125749 , 0.935253901561 , 0.0301432914739 , 105 , 0 , -96 , 1569444380.8139138
1.39823627193 , 0.949805474804 , 0.0266143207648 , 108 , 0 , -103 , 1569444380.8591166
1.40582739641 , 0.964680035765 , 0.0244087140716 , 108 , 0 , -100 , 1569444380.8999796
1.41335455968 , 0.979535455509 , 0.0217619860397 , 122 , 0 , -95 , 1569444380.9449606
1.42048135699 , 0.994556941662 , 0.0166155704222 , 115 , 0 , -92 , 1569444380.9900327
1.42749276352 , 1.00948246801 , 0.0107339525736 , 119 , -3 , -91 , 1569444381.030975
1.43463752232 , 1.02461844209 , 0.00529345606371 , 116 , 0 , -84 , 1569444381.0763988
1.44148007365 , 1.03921040087 , -0.000588161784857 , 111 , 0 , -91 , 1569444381.1210139
1.44840829759 , 1.05370598687 , -0.00632273918721 , 118 , -3 , -83 , 1569444381.1620166
1.45445388248 , 1.06850296885 , -0.0111750739123 , 114 , -33 , -89 , 1569444381.2072861
1.45908651307 , 1.08465606572 , -0.00838130543421 , 107 , -37 , -90 , 1569444381.2521935
1.46338086107 , 1.10048923496 , -0.00294080892428 , 103 , -48 , -94 , 1569444381.2970724
1.46686489178 , 1.11693435656 , 0.00646977963343 , 107 , -52 , -93 , 1569444381.338091
1.47009687378 , 1.13346678433 , 0.0157333277449 , 110 , -56 , -90 , 1569444381.383238
1.47259760555 , 1.14985170104 , 0.0245557545178 , 118 , -59 , -90 , 1569444381.428299
1.47458145071 , 1.16761825932 , 0.0339663430755 , 113 , -55 , -86 , 1569444381.4733448
1.4765649229 , 1.18476543357 , 0.0413183653862 , 121 , -59 , -85 , 1569444381.5143852
1.47747711836 , 1.20253076782 , 0.0463177405575 , 114 , -59 , -82 , 1569444381.5593135
1.47825861736 , 1.22015866135 , 0.0510230348363 , 121 , -59 , -74 , 1569444381.6043415
1.47836869631 , 1.23792782997 , 0.0548460864379 , 117 , -55 , -75 , 1569444381.6497898
1.47896529876 , 1.25530803353 , 0.0573457740235 , 125 , -59 , -67 , 1569444381.6945047
1.47875510255 , 1.27247794895 , 0.0585220975933 , 125 , -59 , -75 , 1569444381.7354474
1.47887848153 , 1.29022804428 , 0.0599925020554 , 125 , -59 , -74 , 1569444381.78053
1.47957549037 , 1.30767846794 , 0.0619040278562 , 125 , -48 , -70 , 1569444381.8256125
1.48045998184 , 1.32469601968 , 0.0623451491948 , 128 , -48 , -71 , 1569444381.8705747
1.48132652252 , 1.34188126037 , 0.0605806638403 , 124 , -44 , -74 , 1569444381.9114776
1.48225984552 , 1.35926308003 , 0.0589632189319 , 128 , -48 , -67 , 1569444381.9565701
1.48276456891 , 1.37616862574 , 0.0567576122387 , 126 , -45 , -63 , 1569444382.0016322
1.4831663978 , 1.39298110403 , 0.0532286415295 , 125 , -44 , -74 , 1569444382.0466619
1.48428323882 , 1.41021867609 , 0.0504348730515 , 121 , -44 , -67 , 1569444382.0918498
1.48552041952 , 1.42986240438 , 0.0488174281431 , 125 , -44 , -71 , 1569444382.1408896
1.48677388961 , 1.44684610382 , 0.0464647810037 , 117 , -44 , -64 , 1569444382.18599
1.48768029058 , 1.46277400022 , 0.0444062147567 , 114 , -37 , -63 , 1569444382.2308884
1.48905334011 , 1.47765659623 , 0.0402890822627 , 107 , -29 , -60 , 1569444382.271896
1.49076878733 , 1.49156613281 , 0.0367601115536 , 99 , -30 , -52 , 1569444382.317047
1.49198383135 , 1.50461062389 , 0.0310255341512 , 103 , -29 , -45 , 1569444382.362025
1.49299732871 , 1.5171921385 , 0.024702794964 , 92 , -15 , -45 , 1569444382.4029274
1.49454987985 , 1.52880023006 , 0.0176448535457 , 92 , -26 , -41 , 1569444382.4481094
1.4957005013 , 1.54038853697 , 0.012351397482 , 88 , -26 , -41 , 1569444382.4930716
1.49662558435 , 1.55168764926 , 0.00867538632664 , 81 , -33 , -45 , 1569444382.534017
1.49730332491 , 1.56281314606 , 0.0072049818645 , 77 , -30 , -37 , 1569444382.579131
1.49800587785 , 1.57276428197 , 0.00529345606371 , 74 , -30 , -41 , 1569444382.624145
1.49863067372 , 1.58271354445 , 0.00426417294021 , 74 , -34 , -34 , 1569444382.6651495
1.49897609035 , 1.59249329595 , 0.00367601115536 , 67 , -41 , -37 , 1569444382.710172
1.49874617825 , 1.60238245802 , 0.00544049650993 , 66 , -45 , -41 , 1569444382.7552564
1.49854553407 , 1.61257877227 , 0.0092635481115 , 70 , -41 , -45 , 1569444382.7961848
1.4985962349 , 1.62277693444 , 0.0130865997131 , 74 , -45 , -48 , 1569444382.8415518
1.49859990418 , 1.63358979236 , 0.0179389344381 , 66 , -45 , -41 , 1569444382.886294
1.49818008904 , 1.64350173464 , 0.0211738242548 , 70 , -41 , -41 , 1569444382.927205
1.49758011866 , 1.65354885057 , 0.0229383096094 , 59 , -37 , -33 , 1569444382.9722965
1.49703322555 , 1.66261844037 , 0.0252909567488 , 67 , -41 , -34 , 1569444383.0172026
1.49630645097 , 1.67221369363 , 0.0269084016572 , 66 , -45 , -37 , 1569444383.0583873
1.49555513753 , 1.68214288967 , 0.0289669679042 , 74 , -45 , -33 , 1569444383.1033347
1.49448831572 , 1.69222966482 , 0.0305844128126 , 70 , -49 , -41 , 1569444383.1481676
1.49358839606 , 1.70265571562 , 0.0348485857528 , 70 , -37 , -37 , 1569444383.1894112
1.49305232172 , 1.71247706605 , 0.0367601115536 , 67 , -41 , -30 , 1569444383.2343931
1.49179163109 , 1.72174024038 , 0.0367601115536 , 70 , -45 , -30 , 1569444383.2753694
1.49046923577 , 1.73136458084 , 0.0364660306611 , 74 , -45 , -30 , 1569444383.3206115
1.48905091909 , 1.74104161964 , 0.0360249093225 , 70 , -41 , -30 , 1569444383.3656602
1.48754216759 , 1.75065995833 , 0.0366130711073 , 70 , -49 , -30 , 1569444383.4063857
1.48568005589 , 1.76051627957 , 0.0389657182468 , 70 , -52 , -30 , 1569444383.4514575
1.48379258424 , 1.77042402561 , 0.04117132494 , 66 , -45 , -26 , 1569444383.4967997
1.48204555866 , 1.77991484947 , 0.0420535676173 , 70 , -45 , -26 , 1569444383.5374517
1.48009207559 , 1.78950764288 , 0.0422006080635 , 63 , -49 , -18 , 1569444383.5833113
1.477818794 , 1.79861134092 , 0.0424946889559 , 63 , -41 , -15 , 1569444383.6275382
1.47538268374 , 1.80692459835 , 0.0399950013703 , 67 , -41 , -11 , 1569444383.6684992
1.47291565962 , 1.81532573053 , 0.0361719497687 , 67 , -41 , -3 , 1569444383.7136004
1.46947434991 , 1.82344820898 , 0.0323488981671 , 67 , -42 , -3 , 1569444383.7544212
1.46583042942 , 1.83132465137 , 0.0276436038883 , 60 , -45 , 0 , 1569444383.8002517
1.46204248131 , 1.83876597009 , 0.0241146331791 , 63 , -49 , 0 , 1569444383.8405004
1.45828216421 , 1.84616475088 , 0.0207327029162 , 60 , -45 , 0 , 1569444383.8855565
1.45454920745 , 1.85346447975 , 0.0176448535457 , 56 , -49 , 0 , 1569444383.9266334
1.45064330936 , 1.86088401882 , 0.0151451659601 , 67 , -45 , -3 , 1569444383.971634
1.44689392903 , 1.86879038291 , 0.0116161952509 , 60 , -49 , 0 , 1569444384.0165706
1.44307634991 , 1.87665293342 , 0.008234264988 , 63 , -45 , 0 , 1569444384.0575447
1.43943031668 , 1.88455748181 , 0.00455825383264 , 59 , -49 , -3 , 1569444384.1025813
1.43562108273 , 1.89219512339 , 0.00249968758564 , 64 , -46 , 0 , 1569444384.143543
1.4319718396 , 1.90020414199 , -0.00117632356971 , 68 , -49 , 0 , 1569444384.19285
1.42757953991 , 1.90968019045 , -0.00602865829478 , 67 , -46 , 0 , 1569444384.2377515
1.42409584641 , 1.91777533033 , -0.0111750739123 , 60 , -45 , 0 , 1569444384.278678
1.42065073782 , 1.92560893206 , -0.0147040446214 , 63 , -49 , 0 , 1569444384.3237464
1.41699507092 , 1.93370961213 , -0.0169096513146 , 60 , -49 , 0 , 1569444384.364691
1.41369454063 , 1.94172880691 , -0.0186741366692 , 67 , -45 , -30 , 1569444384.4180033
1.41172241423 , 1.95274706375 , -0.0169096513146 , 55 , -60 , -45 , 1569444384.459055
1.41068054981 , 1.9626839792 , -0.00573457740235 , 63 , -56 , -60 , 1569444384.5040526
1.41079318269 , 1.9738865291 , 0.008234264988 , 55 , -64 , -64 , 1569444384.5490599
1.41050577346 , 1.98528312427 , 0.0245557545178 , 66 , -67 , -67 , 1569444384.5899944
1.4101535174 , 1.99765459931 , 0.0394068395854 , 66 , -52 , -63 , 1569444384.6350567
1.40998355684 , 2.00933492368 , 0.0510230348363 , 70 , -63 , -52 , 1569444384.6801317
1.40845979305 , 2.02114609736 , 0.0610217851789 , 74 , -64 , -52 , 1569444384.7210479
1.40700780061 , 2.03300902045 , 0.0708734950753 , 74 , -64 , -52 , 1569444384.766142
1.40551971939 , 2.0450868572 , 0.0788136791708 , 77 , -56 , -48 , 1569444384.8111851
1.40377362303 , 2.05674734501 , 0.0855775396967 , 81 , -52 , -37 , 1569444384.8560202
1.40180838194 , 2.06776683202 , 0.0877831463899 , 74 , -49 , -26 , 1569444384.8972104
1.39905082264 , 2.07812540575 , 0.0877831463899 , 71 , -53 , -22 , 1569444384.9463058
1.39513482128 , 2.08950385272 , 0.0874890654975 , 70 , -49 , -11 , 1569444384.9914556
1.39106293751 , 2.09882220312 , 0.0848423374656 , 85 , -53 , -11 , 1569444385.0364604
1.38662377159 , 2.10876284962 , 0.0798429622943 , 74 , -52 , -11 , 1569444385.0774229
1.38237093726 , 2.11823200749 , 0.074843587123 , 82 , -53 , -7 , 1569444385.1224256
1.37783398461 , 2.12761340219 , 0.0698442119518 , 74 , -56 , -3 , 1569444385.1674438
1.3730894551 , 2.13649544737 , 0.0661682007964 , 71 , -61 , 0 , 1569444385.2084231
1.3677406851 , 2.14549266256 , 0.0632273918721 , 71 , -53 , 0 , 1569444385.2534697
1.36295844432 , 2.15439979176 , 0.0582280167008 , 72 , -57 , 0 , 1569444385.3026514
1.35722978842 , 2.16453227831 , 0.0545520055455 , 67 , -60 , -3 , 1569444385.3435557
1.35218525357 , 2.17348998668 , 0.0532286415295 , 71 , -57 , 0 , 1569444385.388673
1.34728191979 , 2.18184575338 , 0.0508759943901 , 64 , -57 , 0 , 1569444385.4297938
1.34224333188 , 2.19040096111 , 0.0486703876969 , 67 , -61 , 0 , 1569444385.4746194
1.33718480785 , 2.19876957474 , 0.0471999832348 , 64 , -61 , 0 , 1569444385.515511
1.33204719601 , 2.20702942485 , 0.0464647810037 , 63 , -57 , 0 , 1569444385.5606015
1.32717421401 , 2.21494148998 , 0.0455825383264 , 60 , -64 , 0 , 1569444385.6097453
1.32113403359 , 2.22417466192 , 0.0461707001113 , 63 , -64 , 0 , 1569444385.6547766
1.31582189006 , 2.23220759888 , 0.0469059023423 , 52 , -61 , 0 , 1569444385.6957433
1.31061623422 , 2.23990628253 , 0.048082225912 , 67 , -64 , 0 , 1569444385.7408092
1.30506586963 , 2.24853366613 , 0.048082225912 , 56 , -61 , 0 , 1569444385.7816896
1.2995450464 , 2.25654713101 , 0.0496996708204 , 64 , -61 , 0 , 1569444385.8266988
1.29409404931 , 2.26483549557 , 0.050140792159 , 56 , -61 , 0 , 1569444385.867819
1.2887528567 , 2.27279147443 , 0.0510230348363 , 64 , -61 , 0 , 1569444385.9086535
1.28347850254 , 2.28119409502 , 0.0502878326053 , 64 , -64 , 0 , 1569444385.9537582
1.27821032743 , 2.28960059105 , 0.0495526303742 , 63 , -61 , 0 , 1569444385.994665
1.27316933097 , 2.29746247753 , 0.049405589928 , 60 , -61 , 0 , 1569444386.0398228
1.26807978042 , 2.30535061901 , 0.049405589928 , 60 , -61 , 0 , 1569444386.0807457
1.26284109939 , 2.31331530206 , 0.0498467112666 , 60 , -57 , 0 , 1569444386.125784
1.25775363781 , 2.32108958572 , 0.0496996708204 , 63 , -60 , 7 , 1569444386.1666908
1.2523717893 , 2.32896180641 , 0.0488174281431 , 60 , -60 , 0 , 1569444386.2117517
1.24714324691 , 2.33681795167 , 0.0486703876969 , 64 , -61 , 0 , 1569444386.252844
1.24184985795 , 2.34503527126 , 0.0486703876969 , 60 , -64 , 0 , 1569444386.2977638
1.236509496 , 2.35322233205 , 0.0489644685893 , 64 , -61 , 0 , 1569444386.3386707
1.23136825705 , 2.36124987046 , 0.0488174281431 , 59 , -60 , 3 , 1569444386.38382
1.22603214455 , 2.3693245283 , 0.0485233472507 , 60 , -64 , 0 , 1569444386.4246945
1.22068756609 , 2.37762399346 , 0.0485233472507 , 60 , -61 , 0 , 1569444386.4701724
1.2144242185 , 2.38688578369 , 0.049405589928 , 63 , -61 , 0 , 1569444386.5201447
1.20903364756 , 2.3949828155 , 0.050140792159 , 56 , -61 , 0 , 1569444386.5639656
1.203560071 , 2.40268039539 , 0.0519052775136 , 52 , -64 , 0 , 1569444386.6049492
1.19792649828 , 2.41038867369 , 0.054257924653 , 48 , -64 , 0 , 1569444386.6499696
1.19223406351 , 2.41794156978 , 0.057639854916 , 56 , -64 , 0 , 1569444386.6909752
1.18649036706 , 2.42592143191 , 0.0589632189319 , 59 , -67 , 3 , 1569444386.7360148
1.18073940806 , 2.43383790778 , 0.060433623394 , 60 , -65 , 0 , 1569444386.7775068
1.17486671377 , 2.44196316719 , 0.0626392300873 , 53 , -65 , 0 , 1569444386.822033
1.16915072688 , 2.44961053209 , 0.064550755888 , 59 , -64 , 3 , 1569444386.8630855
1.16251886615 , 2.45693673449 , 0.062492189641 , 59 , -60 , 30 , 1569444386.908063
1.15528180249 , 2.46334200472 , 0.0544049650993 , 66 , -64 , 45 , 1569444386.9531374
1.1466502774 , 2.46967086 , 0.0429358102946 , 59 , -56 , 41 , 1569444386.994077
1.13829727619 , 2.47582748181 , 0.0304373723663 , 55 , -64 , 48 , 1569444387.0391443
1.12932952591 , 2.48097686514 , 0.0201445411313 , 55 , -60 , 41 , 1569444387.0842097
1.12108243729 , 2.48673469997 , 0.0120573165896 , 48 , -67 , 37 , 1569444387.1251037
1.1126866178 , 2.49272432202 , 0.00794018409557 , 55 , -64 , 26 , 1569444387.1783493
1.10386517531 , 2.50061676784 , 0.00397009204778 , 56 , -67 , 22 , 1569444387.219415
1.09628741474 , 2.50790641437 , 0.00191152580078 , 55 , -72 , 22 , 1569444387.2643328
1.08877290563 , 2.51529555017 , 0.000735202231071 , 52 , -68 , 18 , 1569444387.309482
1.08213806322 , 2.52275003607 , 0.00117632356971 , 52 , -71 , 15 , 1569444387.3503456
1.07525755862 , 2.53056449952 , 0.00220560669321 , 52 , -71 , 3 , 1569444387.3953676
1.06890185203 , 2.5381216123 , 0.004117132494 , 55 , -72 , 11 , 1569444387.4371033
1.06301353183 , 2.5461714285 , 0.00691090097207 , 52 , -71 , 3 , 1569444387.481456
1.05720145272 , 2.55392606135 , 0.0104398716812 , 52 , -68 , 0 , 1569444387.5269303
1.05072047349 , 2.56285482306 , 0.0158803681911 , 49 , -72 , 0 , 1569444387.5756252
1.04488878849 , 2.57047397935 , 0.0216149455935 , 41 , -72 , 0 , 1569444387.6206145
1.03902437582 , 2.57755680744 , 0.0286728870118 , 44 , -72 , 0 , 1569444387.6616347
1.03330359784 , 2.58460361788 , 0.0348485857528 , 45 , -75 , 0 , 1569444387.706684
1.02719018217 , 2.59191029056 , 0.0413183653862 , 45 , -69 , 0 , 1569444387.747655
1.02142794785 , 2.59891411019 , 0.0471999832348 , 45 , -76 , 0 , 1569444387.7927575
1.01532669704 , 2.60603765822 , 0.0539638437606 , 45 , -72 , 0 , 1569444387.8342793
1.00838782134 , 2.61428019707 , 0.060433623394 , 48 , -65 , 0 , 1569444387.8827736
1.00252250839 , 2.62148227336 , 0.0652859581191 , 52 , -72 , 0 , 1569444387.9277825
0.996525744928 , 2.62864949069 , 0.0705794141828 , 49 , -64 , 11 , 1569444387.968852
0.989156341121 , 2.63476625437 , 0.0705794141828 , 48 , -67 , 37 , 1569444388.0138369
0.980470868306 , 2.64028584266 , 0.0644037154418 , 56 , -60 , 34 , 1569444388.0589504
0.972034123352 , 2.64629273222 , 0.0569046526849 , 59 , -71 , 45 , 1569444388.0997832
0.962554392795 , 2.65274845317 , 0.0482292663583 , 59 , -72 , 45 , 1569444388.1448565
0.953006227851 , 2.65886059384 , 0.0399950013703 , 51 , -78 , 45 , 1569444388.189945
0.942485528883 , 2.66520592468 , 0.0332311408444 , 55 , -75 , 44 , 1569444388.2308426
0.932294452899 , 2.67174360585 , 0.0266143207648 , 59 , -83 , 52 , 1569444388.2760425
0.921320811082 , 2.67846632397 , 0.0198504602389 , 44 , -82 , 45 , 1569444388.3211143
0.911277039623 , 2.68461002842 , 0.0166155704222 , 59 , -78 , 33 , 1569444388.3619118
0.901868710221 , 2.69160672395 , 0.0141158828366 , 55 , -90 , 37 , 1569444388.4070115
0.89150705156 , 2.69883673394 , 0.0127925188206 , 48 , -86 , 37 , 1569444388.4521468
0.881546342748 , 2.7057501771 , 0.012351397482 , 59 , -90 , 37 , 1569444388.4973335
0.871531672258 , 2.71336580466 , 0.0116161952509 , 55 , -90 , 41 , 1569444388.5380373
0.861577155648 , 2.72045857485 , 0.010292831235 , 51 , -86 , 37 , 1569444388.5834675
0.852020279691 , 2.72745675191 , 0.0092635481115 , 48 , -83 , 30 , 1569444388.62817
0.843007790615 , 2.73393889953 , 0.010292831235 , 48 , -86 , 33 , 1569444388.6691022
0.833696587476 , 2.7405763962 , 0.0113221143585 , 48 , -83 , 30 , 1569444388.7141979
0.824475330182 , 2.74720540122 , 0.0132336401593 , 51 , -86 , 22 , 1569444388.7633312
0.814398535083 , 2.75534231962 , 0.0166155704222 , 40 , -83 , 26 , 1569444388.8084307
0.805583796419 , 2.76156651574 , 0.0197034197927 , 48 , -82 , 30 , 1569444388.8534625
0.796166016674 , 2.76791961669 , 0.0223501478246 , 41 , -83 , 30 , 1569444388.894389
0.786929959495 , 2.77402864915 , 0.024702794964 , 44 , -79 , 34 , 1569444388.947677
0.775823374121 , 2.78079667483 , 0.0260261589799 , 52 , -83 , 33 , 1569444388.9885628
0.766371430118 , 2.78686667724 , 0.0266143207648 , 37 , -82 , 33 , 1569444389.0336323
0.757069212667 , 2.79262777673 , 0.0291140083504 , 43 , -86 , 26 , 1569444389.082817
0.74650029583 , 2.79981046008 , 0.0314666554898 , 44 , -83 , 37 , 1569444389.1278694
0.736971497314 , 2.80568780797 , 0.0330841003982 , 44 , -82 , 34 , 1569444389.172971
0.727383917845 , 2.81157605763 , 0.0339663430755 , 41 , -83 , 41 , 1569444389.2138543
0.716844788364 , 2.81680870592 , 0.032937059952 , 44 , -83 , 37 , 1569444389.2670722
0.705857903031 , 2.82404987334 , 0.0327900195058 , 44 , -78 , 45 , 1569444389.3080542
0.69594724995 , 2.82951099741 , 0.0310255341512 , 37 , -75 , 34 , 1569444389.3531423
0.68688667329 , 2.83442870931 , 0.0310255341512 , 37 , -75 , 37 , 1569444389.3982046
0.677667998387 , 2.8397607816 , 0.0314666554898 , 37 , -76 , 37 , 1569444389.439569
0.668267573516 , 2.84463591553 , 0.0326429790596 , 40 , -82 , 37 , 1569444389.484135
0.658553002006 , 2.85004896839 , 0.0327900195058 , 40 , -83 , 45 , 1569444389.5291383
0.648071146319 , 2.85521182889 , 0.0317607363823 , 44 , -86 , 45 , 1569444389.570153
0.637585738506 , 2.86066471141 , 0.0313196150436 , 40 , -86 , 52 , 1569444389.6152139
0.626436114734 , 2.86576591683 , 0.0299962510277 , 37 , -83 , 45 , 1569444389.6607018
0.614601021173 , 2.8713642069 , 0.0299962510277 , 44 , -79 , 37 , 1569444389.7094982
0.604902486351 , 2.87674710236 , 0.0294080892428 , 37 , -87 , 45 , 1569444389.7503402
0.594397175721 , 2.8816926289 , 0.0305844128126 , 37 , -83 , 45 , 1569444389.7955475
0.583789321103 , 2.8866228349 , 0.030878493705 , 36 , -86 , 52 , 1569444389.8445654
0.570795399261 , 2.89195143146 , 0.0314666554898 , 36 , -86 , 45 , 1569444389.889629
0.560286961887 , 2.89665193082 , 0.0323488981671 , 29 , -79 , 41 , 1569444389.9346752
0.55036920923 , 2.90091516915 , 0.0348485857528 , 33 , -86 , 49 , 1569444389.9757524
0.539856615922 , 2.90524505422 , 0.0361719497687 , 40 , -86 , 45 , 1569444390.0212457
0.528935273673 , 2.90999373439 , 0.0358778688763 , 37 , -90 , 56 , 1569444390.0657601
0.51753976194 , 2.91450491107 , 0.0344074644141 , 37 , -86 , 63 , 1569444390.1067405
0.505528932271 , 2.91881575063 , 0.0327900195058 , 25 , -86 , 56 , 1569444390.1517587
0.49403986668 , 2.92221250481 , 0.0341133835217 , 29 , -94 , 56 , 1569444390.1968496
0.48218587078 , 2.92622469183 , 0.0352897070914 , 29 , -90 , 60 , 1569444390.2423298
0.467999999858 , 2.93030850346 , 0.0355837879838 , 33 , -98 , 67 , 1569444390.2917829
0.452306846574 , 2.93453021605 , 0.0351426666452 , 33 , -94 , 64 , 1569444390.3412027
0.439167557823 , 2.93778628395 , 0.0348485857528 , 26 , -97 , 71 , 1569444390.3851764
0.425839680316 , 2.94092778897 , 0.0352897070914 , 22 , -94 , 71 , 1569444390.4302104
0.412674224858 , 2.94353805085 , 0.0369071519998 , 25 , -102 , 74 , 1569444390.4712083
0.398183475185 , 2.94649758597 , 0.0376423542308 , 18 , -104 , 74 , 1569444390.5172048
0.382471168196 , 2.94839407481 , 0.0366130711073 , 22 , -101 , 78 , 1569444390.569962
0.363820829282 , 2.95257534054 , 0.0392597991392 , 25 , -108 , 85 , 1569444390.618813
0.348407754774 , 2.95538094122 , 0.0373482733384 , 36 , -112 , 86 , 1569444390.6636531
0.33289710082 , 2.95837989476 , 0.0358778688763 , 25 , -97 , 71 , 1569444390.704887
0.318991709466 , 2.96131933286 , 0.0341133835217 , 25 , -97 , 71 , 1569444390.75027
0.30529259461 , 2.96406653241 , 0.0324959386133 , 29 , -112 , 97 , 1569444390.795257
0.285664862885 , 2.96764930501 , 0.0295551296891 , 25 , -120 , 108 , 1569444390.8439434
0.266605397225 , 2.97043982289 , 0.0269084016572 , 25 , -132 , 123 , 1569444390.897179
0.242504658938 , 2.97381563749 , 0.0233794309481 , 21 , -138 , 122 , 1569444390.9380887
0.220805360969 , 2.97652193981 , 0.0222031073783 , 29 , -145 , 129 , 1569444390.9832091
0.198086509911 , 2.97953844395 , 0.0195563793465 , 21 , -153 , 133 , 1569444391.02879
0.174704954875 , 2.98226663228 , 0.0186741366692 , 29 , -154 , 134 , 1569444391.0738518
0.147483367127 , 2.98603344472 , 0.016468529976 , 25 , -157 , 137 , 1569444391.1231833
0.124250435775 , 2.98914348212 , 0.0158803681911 , 25 , -153 , 129 , 1569444391.1674511
0.101216420335 , 2.99204678404 , 0.0145570041752 , 25 , -153 , 128 , 1569444391.2125235
0.0785717153912 , 2.99509793975 , 0.0147040446214 , 18 , -145 , 121 , 1569444391.2576008
0.0569512579018 , 2.99757407919 , 0.0166155704222 , 14 , -149 , 132 , 1569444391.3026326
0.0340378738292 , 2.99889775925 , 0.0189682175616 , 3 , -151 , 137 , 1569444391.3476298
0.0104525863755 , 2.99970775674 , 0.0220560669321 , 0 , -159 , 142 , 1569444391.388681
-0.0133689684923 , 3.00007648512 , 0.0263202398723 , 0 , -163 , 145 , 1569444391.4336627
-0.0377664699213 , 3.00010492546 , 0.0298492105815 , 0 , -157 , 142 , 1569444391.478787
-0.0619704480599 , 3.00005304442 , 0.0333781812906 , 0 , -156 , 146 , 1569444391.5199292
-0.0863163830004 , 2.99982713782 , 0.0364660306611 , 0 , -152 , 143 , 1569444391.5653565
-0.109881675892 , 2.99938676808 , 0.0386716373543 , 0 , -148 , 149 , 1569444391.6097748
-0.133288998857 , 2.99859295142 , 0.0392597991392 , 0 , -141 , 139 , 1569444391.6507359
-0.155674971904 , 2.99768567156 , 0.039112758693 , 0 , -137 , 146 , 1569444391.695806
-0.177770963231 , 2.99679303634 , 0.0389657182468 , 0 , -126 , 135 , 1569444391.7408266
-0.198409972795 , 2.99579270289 , 0.0379364351233 , 0 , -126 , 139 , 1569444391.7817812
-0.218850224748 , 2.99465344899 , 0.0360249093225 , 0 , -118 , 128 , 1569444391.826959
-0.238179374694 , 2.9935654352 , 0.0339663430755 , 0 , -118 , 128 , 1569444391.872103
-0.257317277117 , 2.99252378722 , 0.0319077768285 , 0 , -106 , 117 , 1569444391.9128456
-0.274999207303 , 2.99134446251 , 0.0286728870118 , 0 , -103 , 120 , 1569444391.9579067
-0.292389836687 , 2.99006310942 , 0.0245557545178 , 0 , -92 , 114 , 1569444392.0028741
-0.308330231359 , 2.98872143457 , 0.0199975006851 , 0 , -84 , 113 , 1569444392.0444486
-0.323882833828 , 2.98712498942 , 0.0132336401593 , 0 , -88 , 114 , 1569444392.0890572
-0.339493894129 , 2.98560520004 , 0.00632273918721 , 0 , -69 , 106 , 1569444392.129876
-0.353370978167 , 2.98386910133 , -0.00235264713943 , 0 , -65 , 109 , 1569444392.1830986
-0.369200147182 , 2.98141988102 , -0.0114691548047 , -37 , -63 , 98 , 1569444392.2242215
-0.382222788745 , 2.97676364842 , -0.00985170989635 , -36 , -71 , 86 , 1569444392.2695618
-0.394943155558 , 2.9725304795 , -0.00455825383264 , -48 , -67 , 93 , 1569444392.3143766
-0.407693782284 , 2.96725244727 , 0.000882242677285 , -59 , -63 , 90 , 1569444392.3550975
-0.419785579542 , 2.96092786015 , 0.00867538632664 , -55 , -67 , 89 , 1569444392.4002876
-0.432505633792 , 2.9545592291 , 0.0167626108684 , -66 , -63 , 94 , 1569444392.4452581
-0.445258358021 , 2.94736003755 , 0.0254379971951 , -62 , -63 , 100 , 1569444392.49039
-0.457891956911 , 2.93974449919 , 0.0333781812906 , -55 , -63 , 97 , 1569444392.5312443
-0.470288021312 , 2.93253794648 , 0.039112758693 , -59 , -63 , 105 , 1569444392.576438
-0.483020635897 , 2.92502195861 , 0.0445532552029 , -55 , -63 , 97 , 1569444392.62145
-0.495380002759 , 2.91759144674 , 0.0498467112666 , -55 , -60 , 105 , 1569444392.6667743
-0.509917055694 , 2.90889407943 , 0.0529345606371 , -47 , -56 , 97 , 1569444392.7155483
-0.521669327564 , 2.90206053075 , 0.0546990459917 , -48 , -56 , 86 , 1569444392.7605865
-0.533054502197 , 2.89491791987 , 0.0570516931311 , -48 , -49 , 97 , 1569444392.8015604
-0.544578924768 , 2.88793551149 , 0.0573457740235 , -37 , -52 , 90 , 1569444392.846625
-0.555379573678 , 2.88188662521 , 0.0574928144698 , -29 , -48 , 90 , 1569444392.8916478
-0.565818542042 , 2.87630465939 , 0.055581288669 , -29 , -45 , 83 , 1569444392.932588
-0.576043659722 , 2.8710629389 , 0.0517582370674 , -26 , -41 , 82 , 1569444392.977603
-0.58587260948 , 2.86624558224 , 0.0485233472507 , -23 , -45 , 82 , 1569444393.026942
-0.597490489072 , 2.86106625083 , 0.0449943765415 , -22 , -45 , 86 , 1569444393.0718594
-0.607418987409 , 2.85673195013 , 0.0417594867248 , -22 , -48 , 75 , 1569444393.1168966
-0.617080701533 , 2.85266521707 , 0.0401420418165 , -29 , -45 , 71 , 1569444393.1578376
-0.626452150638 , 2.84845827714 , 0.0380834755695 , -22 , -45 , 82 , 1569444393.2029002
-0.636509201785 , 2.84424484433 , 0.0351426666452 , -14 , -45 , 82 , 1569444393.2480533
-0.646467877585 , 2.84104332134 , 0.0307314532588 , -22 , -45 , 78 , 1569444393.2888358
-0.656464051204 , 2.83707446205 , 0.0277906443345 , -29 , -48 , 79 , 1569444393.3339293
-0.666614636733 , 2.83304720222 , 0.0266143207648 , -18 , -49 , 79 , 1569444393.3791137
-0.676689563896 , 2.82964887235 , 0.0238205522867 , -22 , -49 , 75 , 1569444393.4199145
-0.686665216647 , 2.82577827217 , 0.0219090264859 , -29 , -45 , 75 , 1569444393.4650512
-0.696400852191 , 2.82168066935 , 0.0222031073783 , -22 , -48 , 78 , 1569444393.5101068
-0.706479507498 , 2.81782406068 , 0.0216149455935 , -29 , -49 , 79 , 1569444393.5509984
-0.716653562795 , 2.81380370189 , 0.0214679051473 , -37 , -52 , 72 , 1569444393.5960674
-0.726283453339 , 2.8092097091 , 0.0239675927329 , -37 , -52 , 79 , 1569444393.6411257
-0.736431953165 , 2.80449511364 , 0.0264672803186 , -29 , -49 , 75 , 1569444393.6821322
-0.746439044968 , 2.80034549252 , 0.0272024825496 , -33 , -56 , 75 , 1569444393.7271369
-0.756627451037 , 2.79584812249 , 0.0305844128126 , -33 , -48 , 75 , 1569444393.772259
-0.766450914845 , 2.79096365985 , 0.0333781812906 , -37 , -45 , 75 , 1569444393.8171391
-0.776255100261 , 2.78588423909 , 0.0344074644141 , -33 , -45 , 82 , 1569444393.858227
-0.785674854133 , 2.78103141597 , 0.0339663430755 , -33 , -37 , 79 , 1569444393.9038346
-0.794698470044 , 2.77586083612 , 0.0335252217368 , -33 , -41 , 75 , 1569444393.944299
-0.804022031253 , 2.77090788139 , 0.0324959386133 , -33 , -37 , 79 , 1569444393.9893079
-0.813005784009 , 2.76578007061 , 0.030878493705 , -30 , -37 , 75 , 1569444394.0342917
-0.822047047919 , 2.76069322767 , 0.0289669679042 , -41 , -41 , 79 , 1569444394.075195
-0.831229370839 , 2.75514473072 , 0.0289669679042 , -33 , -45 , 79 , 1569444394.120319
-0.840660822118 , 2.74984055995 , 0.0298492105815 , -37 , -41 , 82 , 1569444394.165416
-0.850267721194 , 2.74407548988 , 0.0297021701353 , -44 , -41 , 78 , 1569444394.206279
-0.859473588315 , 2.73782067245 , 0.0313196150436 , -44 , -37 , 75 , 1569444394.251449
-0.868438870892 , 2.73192156148 , 0.0322018577209 , -41 , -33 , 75 , 1569444394.2964873
-0.877391749614 , 2.72579115764 , 0.0323488981671 , -37 , -37 , 79 , 1569444394.3373475
-0.886294459054 , 2.71963307944 , 0.0323488981671 , -52 , -30 , 71 , 1569444394.382473
-0.894459959153 , 2.71313547745 , 0.0339663430755 , -48 , -33 , 79 , 1569444394.4274595
-0.903282513575 , 2.70632245485 , 0.034995626199 , -44 , -37 , 78 , 1569444394.468443
-0.91220845548 , 2.69988785691 , 0.0354367475376 , -48 , -22 , 75 , 1569444394.513603
-0.919895855368 , 2.69273833843 , 0.0358778688763 , -48 , -22 , 79 , 1569444394.5585454
-0.927958950458 , 2.68534818602 , 0.0347015453066 , -44 , -30 , 83 , 1569444394.59949
-0.936292889974 , 2.67854546743 , 0.0335252217368 , -44 , -26 , 79 , 1569444394.644577
-0.944441376727 , 2.67175904481 , 0.0310255341512 , -56 , -15 , 75 , 1569444394.6895957
-0.952149840061 , 2.66430841567 , 0.0292610487966 , -45 , -22 , 75 , 1569444394.7305546
-0.959971444941 , 2.65698027104 , 0.026761361211 , -48 , -18 , 79 , 1569444394.7766798
-0.967519615338 , 2.64962361438 , 0.0252909567488 , -52 , -18 , 79 , 1569444394.8206632
-0.975221597389 , 2.64219060722 , 0.0251439163026 , -44 , -26 , 71 , 1569444394.861563
-0.982941529641 , 2.63542902514 , 0.0245557545178 , -48 , -26 , 71 , 1569444394.9067063
-0.990515511024 , 2.62848004433 , 0.0233794309481 , -48 , -22 , 79 , 1569444394.9516978
-0.998242137103 , 2.62150865408 , 0.0211738242548 , -52 , -15 , 67 , 1569444394.9933712
-1.00515754307 , 2.61437621945 , 0.0210267838086 , -52 , -22 , 72 , 1569444395.0377192
-1.01245397931 , 2.60690148443 , 0.0199975006851 , -52 , -26 , 72 , 1569444395.082882
-1.02014961298 , 2.59964997942 , 0.0201445411313 , -48 , -22 , 71 , 1569444395.123743
-1.0275117129 , 2.59271141813 , 0.0219090264859 , -48 , -22 , 64 , 1569444395.1687589
-1.03447331129 , 2.58571249602 , 0.0238205522867 , -52 , -15 , 64 , 1569444395.2138875
-1.0411763124 , 2.57856639342 , 0.0245557545178 , -48 , -15 , 68 , 1569444395.2548532
-1.04782911277 , 2.57155619911 , 0.0242616736253 , -52 , -22 , 64 , 1569444395.2997916
-1.05448126343 , 2.56443624373 , 0.0260261589799 , -45 , -19 , 60 , 1569444395.3408024
-1.06109500547 , 2.55817159598 , 0.0283788061193 , -56 , -18 , 63 , 1569444395.385839
-1.0675798106 , 2.5512797703 , 0.0314666554898 , -52 , -26 , 68 , 1569444395.4310634
-1.074669419 , 2.54426439059 , 0.0336722621831 , -48 , -26 , 60 , 1569444395.4719083
-1.0815214782 , 2.53782789526 , 0.0363189902149 , -55 , -15 , 64 , 1569444395.5169475
-1.08817589944 , 2.53040138404 , 0.0377893946771 , -45 , -18 , 71 , 1569444395.56194
-1.09491821439 , 2.52301727529 , 0.0373482733384 , -56 , -15 , 75 , 1569444395.6030712
-1.10183008623 , 2.51490304081 , 0.0374953137846 , -55 , -18 , 75 , 1569444395.647975
-1.10889525689 , 2.50703361067 , 0.0385245969081 , -59 , -18 , 71 , 1569444395.6930199
-1.11556334321 , 2.49911598852 , 0.0405831631551 , -56 , -18 , 71 , 1569444395.7339647
-1.1224557312 , 2.49114692547 , 0.0407302036013 , -52 , -18 , 71 , 1569444395.779009
-1.12945729718 , 2.48350788249 , 0.0395538800316 , -48 , -18 , 71 , 1569444395.8240767
-1.13661621349 , 2.47595508792 , 0.0383775564619 , -48 , -7 , 76 , 1569444395.864997
-1.14319947539 , 2.4683213307 , 0.0357308284301 , -52 , -7 , 72 , 1569444395.9101777
-1.14906256928 , 2.46031215594 , 0.0330841003982 , -53 , -3 , 76 , 1569444395.9551473
-1.1548390252 , 2.45198665973 , 0.0282317656731 , -53 , 0 , 73 , 1569444395.9961402
-1.16031958549 , 2.44378263195 , 0.0233794309481 , -52 , 0 , 65 , 1569444396.0411444
-1.16550844011 , 2.43592044322 , 0.0192622984541 , -56 , 0 , 73 , 1569444396.0821307
-1.17086776644 , 2.42771376563 , 0.0154392468525 , -53 , 0 , 69 , 1569444396.1279266
-1.17616166063 , 2.41952913109 , 0.0120573165896 , -56 , 0 , 69 , 1569444396.1681597
-1.18148455173 , 2.41147418951 , 0.00838130543421 , -45 , 0 , 69 , 1569444396.213132
-1.18669677068 , 2.40402675678 , 0.00382305160157 , -49 , 0 , 69 , 1569444396.2541187
-1.19184589076 , 2.39654765498 , -0.000147040446214 , -60 , 0 , 69 , 1569444396.2991357
-1.19731511486 , 2.38830684208 , -0.00294080892428 , -56 , 0 , 65 , 1569444396.3441014
-1.20251684052 , 2.38013636237 , -0.00499937517128 , -49 , 0 , 61 , 1569444396.3852408
-1.20724869236 , 2.37253293561 , -0.00588161784857 , -56 , 0 , 65 , 1569444396.4301853
-1.21227889688 , 2.36471189648 , -0.00749906275693 , -49 , 0 , 61 , 1569444396.4711494
-1.21737034255 , 2.35687142962 , -0.00970466945014 , -59 , -3 , 60 , 1569444396.5162609
-1.22402637506 , 2.34916898413 , -0.00558753695614 , -63 , -37 , 56 , 1569444396.557202
-1.23170988395 , 2.34239501497 , 0.00529345606371 , -71 , -37 , 56 , 1569444396.6022062
-1.23926862483 , 2.33511904099 , 0.0179389344381 , -67 , -52 , 64 , 1569444396.6472793
-1.24814734682 , 2.32825362574 , 0.0307314532588 , -67 , -45 , 64 , 1569444396.68829
-1.25683735176 , 2.32116646984 , 0.04117132494 , -70 , -41 , 63 , 1569444396.733359
-1.26452392514 , 2.31377559541 , 0.0533756819758 , -58 , -29 , 59 , 1569444396.7701247
-1.27101667206 , 2.30741354244 , 0.058375057147 , -60 , -37 , 71 , 1569444396.8111193
-1.27896142015 , 2.2998689454 , 0.0648448367805 , -55 , -26 , 71 , 1569444396.8561478
-1.28613106324 , 2.29229226104 , 0.0685208479358 , -56 , -18 , 67 , 1569444396.9012108
-1.29226520527 , 2.28414234738 , 0.072049818645 , -56 , -18 , 60 , 1569444396.9421396
-1.29776523989 , 2.27632263922 , 0.0736672635533 , -52 , -7 , 64 , 1569444396.9872253
-1.30324028197 , 2.26832687382 , 0.0730791017685 , -52 , -7 , 68 , 1569444397.0325022
-1.30820478507 , 2.25992385129 , 0.0688149288283 , -52 , 3 , 57 , 1569444397.073981
-1.31230513974 , 2.25185613718 , 0.0671974839199 , -49 , 0 , 57 , 1569444397.1182797
-1.31629808436 , 2.24416718355 , 0.0657270794578 , -56 , 0 , 57 , 1569444397.159223
-1.32010919051 , 2.23649682232 , 0.0655800390115 , -57 , 0 , 58 , 1569444397.2042584
-1.32418916721 , 2.22847346334 , 0.0649918772267 , -57 , 0 , 65 , 1569444397.245325
-1.32854181287 , 2.22009910475 , 0.0635214727645 , -57 , 0 , 54 , 1569444397.2904088
-1.3323986115 , 2.21212740153 , 0.0639625941032 , -60 , 0 , 54 , 1569444397.3312545
-1.33637355014 , 2.20378227153 , 0.0646977963343 , -57 , 0 , 54 , 1569444397.3763003
-1.3403604148 , 2.19571301375 , 0.0646977963343 , -61 , 0 , 61 , 1569444397.4173074
-1.34460449655 , 2.18712315869 , 0.0646977963343 , -60 , 0 , 61 , 1569444397.4623454
-1.34891673524 , 2.17883684671 , 0.0636685132108 , -64 , 0 , 61 , 1569444397.503299
-1.35297293525 , 2.17020791763 , 0.0646977963343 , -57 , 0 , 61 , 1569444397.549302
-1.35781357768 , 2.16034757712 , 0.0648448367805 , -61 , 0 , 61 , 1569444397.5974977
-1.36195257936 , 2.15165185346 , 0.0651389176729 , -68 , 0 , 61 , 1569444397.6383505
-1.36614558938 , 2.14233528777 , 0.0648448367805 , -57 , 0 , 54 , 1569444397.6834638
-1.37005944522 , 2.13390615287 , 0.0660211603502 , -65 , 0 , 57 , 1569444397.724541
-1.37378351112 , 2.1249523375 , 0.0683738074896 , -61 , 0 , 61 , 1569444397.7694755
-1.37830910949 , 2.11596145597 , 0.0677856457048 , -68 , 0 , 61 , 1569444397.8186321
-1.38238942927 , 2.10605175877 , 0.0710205355215 , -60 , 0 , 65 , 1569444397.863664
-1.386544725 , 2.09763374593 , 0.0698442119518 , -67 , 18 , 56 , 1569444397.904607
-1.3893110541 , 2.08794619639 , 0.0667563625813 , -52 , 26 , 64 , 1569444397.949686
-1.3910989587 , 2.07841864747 , 0.0579339358084 , -60 , 41 , 60 , 1569444397.9945817
-1.39171622966 , 2.06816845483 , 0.0483763068045 , -60 , 41 , 64 , 1569444398.0356865
-1.39285157343 , 2.05759661498 , 0.0380834755695 , -63 , 37 , 56 , 1569444398.0807924
-1.39361850752 , 2.04722294934 , 0.0299962510277 , -63 , 45 , 56 , 1569444398.121719
-1.39413324943 , 2.03694975958 , 0.0223501478246 , -63 , 37 , 49 , 1569444398.16684
-1.39483077252 , 2.02701381149 , 0.0169096513146 , -71 , 26 , 56 , 1569444398.2118075
-1.3965912896 , 2.01664561752 , 0.0119102761434 , -63 , 23 , 51 , 1569444398.2569294
-1.39937732939 , 2.00677767086 , 0.0104398716812 , -69 , 16 , 46 , 1569444398.297934
-1.40238542314 , 1.99825274658 , 0.0133806806055 , -63 , 3 , 46 , 1569444398.3387837
-1.40594905564 , 1.98971124337 , 0.0172037322071 , -71 , 0 , 53 , 1569444398.3837945
-1.40991016184 , 1.98084141765 , 0.0211738242548 , -65 , 0 , 58 , 1569444398.4247503
-1.41356822816 , 1.97302347705 , 0.0241146331791 , -67 , 0 , 57 , 1569444398.4736125
-1.41864836068 , 1.96289634784 , 0.0257320780875 , -64 , 0 , 61 , 1569444398.514877
-1.42307081867 , 1.95417486719 , 0.026761361211 , -71 , 0 , 57 , 1569444398.5607364
-1.42821937888 , 1.94397588275 , 0.0280847252269 , -64 , 0 , 53 , 1569444398.6090548
-1.43247384131 , 1.93516431824 , 0.0304373723663 , -68 , 0 , 61 , 1569444398.6499794
-1.43689082717 , 1.92600178146 , 0.0327900195058 , -68 , 0 , 57 , 1569444398.6950629
-1.44128807644 , 1.91688472377 , 0.0345545048603 , -71 , 0 , 54 , 1569444398.7360022
-1.44542067267 , 1.90757283305 , 0.0379364351233 , -64 , 0 , 54 , 1569444398.7810853
-1.44996012403 , 1.89831425465 , 0.0395538800316 , -71 , 3 , 50 , 1569444398.8302116
-1.45367782528 , 1.88824148694 , 0.046023659665 , -71 , 3 , 50 , 1569444398.8752687
-1.45727987635 , 1.87915402171 , 0.0502878326053 , -71 , 0 , 58 , 1569444398.9161947
-1.46124100548 , 1.87025503929 , 0.0526404797447 , -68 , 0 , 53 , 1569444398.9612627
-1.46493810521 , 1.86133159374 , 0.0566105717925 , -60 , 3 , 50 , 1569444399.0027394
-1.46814824376 , 1.85297877826 , 0.0599925020554 , -67 , 11 , 52 , 1569444399.0472772
-1.47011055523 , 1.84368083718 , 0.0598454616092 , -59 , 37 , 56 , 1569444399.092315
-1.4708382562 , 1.83398144843 , 0.0510230348363 , -56 , 48 , 56 , 1569444399.1334097
-1.4707090737 , 1.82386142484 , 0.0397009204778 , -63 , 56 , 56 , 1569444399.1784096
-1.4699909454 , 1.81309749964 , 0.0292610487966 , -59 , 52 , 49 , 1569444399.2234213
-1.46939340189 , 1.80260592125 , 0.0194093389003 , -67 , 49 , 49 , 1569444399.2645931
-1.46894383054 , 1.79191249915 , 0.0111750739123 , -71 , 52 , 49 , 1569444399.309492
-1.46872342673 , 1.78085094826 , 0.00367601115536 , -70 , 49 , 45 , 1569444399.354361
-1.46877850925 , 1.76950796912 , -0.00220560669321 , -71 , 45 , 48 , 1569444399.3954227
-1.46904479581 , 1.75847314411 , -0.00691090097207 , -78 , 45 , 41 , 1569444399.4405093
-1.46911777742 , 1.74791295145 , -0.00779314364935 , -78 , 33 , 41 , 1569444399.4854374
-1.46987837881 , 1.73724635937 , -0.00661682007964 , -78 , 26 , 45 , 1569444399.52647
-1.47120561462 , 1.72680621874 , -0.0051464156175 , -78 , 22 , 45 , 1569444399.5715096
-1.47275929824 , 1.71639332028 , -0.00220560669321 , -82 , 26 , 48 , 1569444399.6125095
-1.47442832201 , 1.70561302895 , 0.000588161784857 , -82 , 18 , 49 , 1569444399.6575472
-1.47640642455 , 1.69563811031 , 0.00367601115536 , -78 , 18 , 45 , 1569444399.7026172
-1.47816036542 , 1.68571371767 , 0.00838130543421 , -71 , 7 , 41 , 1569444399.7434828
-1.48055157515 , 1.67655773193 , 0.0141158828366 , -75 , 7 , 49 , 1569444399.7886217
-1.48366360614 , 1.66732138584 , 0.0204386220238 , -75 , 0 , 42 , 1569444399.8335836
-1.48706211264 , 1.65836587567 , 0.0270554421034 , -78 , 0 , 45 , 1569444399.8745573
-1.49019570866 , 1.64894647119 , 0.0339663430755 , -76 , 0 , 50 , 1569444399.9196374
-1.49381603509 , 1.64007391255 , 0.039112758693 , -75 , 0 , 42 , 1569444399.9606853
-1.4968940178 , 1.63086676561 , 0.046023659665 , -68 , 0 , 42 , 1569444400.0056071
-1.49984761087 , 1.62242444646 , 0.0526404797447 , -76 , 0 , 42 , 1569444400.0466046
-1.50259002118 , 1.61377511419 , 0.0599925020554 , -67 , 3 , 45 , 1569444400.0916395
-1.50444260131 , 1.60507151283 , 0.0633744323183 , -63 , 26 , 45 , 1569444400.1326194
-1.50521444027 , 1.59584053904 , 0.0605806638403 , -67 , 45 , 56 , 1569444400.1776602
-1.50532420402 , 1.58486218189 , 0.0532286415295 , -71 , 56 , 52 , 1569444400.2227483
-1.50412007175 , 1.57317586691 , 0.0457295787726 , -82 , 60 , 56 , 1569444400.2636483
-1.5030200195 , 1.56078092672 , 0.0385245969081 , -89 , 63 , 56 , 1569444400.3086889
-1.50153215322 , 1.54730639472 , 0.0322018577209 , -100 , 67 , 56 , 1569444400.3538215
-1.50024672109 , 1.53295243161 , 0.0261731994261 , -96 , 67 , 60 , 1569444400.398793
-1.49922964043 , 1.51813906464 , 0.0195563793465 , -97 , 67 , 56 , 1569444400.4401755
-1.49797029808 , 1.50324211899 , 0.0147040446214 , -108 , 67 , 52 , 1569444400.4848747
-1.49653928003 , 1.48820312213 , 0.0122043570358 , -104 , 60 , 52 , 1569444400.5298686
-1.49562903616 , 1.47309881848 , 0.00941058855771 , -100 , 67 , 60 , 1569444400.574813
-1.49475731303 , 1.4576009205 , 0.00367601115536 , -111 , 70 , 56 , 1569444400.6159766
-1.49397345066 , 1.44181890344 , -0.000882242677285 , -107 , 63 , 52 , 1569444400.6609974
-1.49331009662 , 1.42583795629 , -0.00161744490836 , -112 , 62 , 52 , 1569444400.7060058
-1.49251291702 , 1.41010772979 , -0.0010292831235 , -115 , 59 , 56 , 1569444400.7508721
-1.49175542146 , 1.39384720896 , -0.0010292831235 , -118 , 67 , 49 , 1569444400.7920098
-1.49075612236 , 1.37744675074 , -0.000441121338643 , -119 , 63 , 56 , 1569444400.83702
-1.49023112146 , 1.36093534584 , 0.000441121338643 , -122 , 63 , 49 , 1569444400.882188
-1.48949792182 , 1.34425686983 , 0.0030878493705 , -127 , 63 , 48 , 1569444400.926991
-1.48867193334 , 1.32749672959 , 0.00705794141828 , -122 , 59 , 56 , 1569444400.9680445
-1.48797296539 , 1.31073863456 , 0.0105869121274 , -130 , 67 , 52 , 1569444401.0131702
-1.48658198998 , 1.29362660067 , 0.0126454783744 , -126 , 63 , 56 , 1569444401.0582283
-1.48554358281 , 1.27656844223 , 0.0132336401593 , -118 , 67 , 48 , 1569444401.1031904
-1.48401498741 , 1.25979665337 , 0.0152922064063 , -119 , 59 , 45 , 1569444401.1442137
-1.48226346065 , 1.24336621959 , 0.0186741366692 , -126 , 70 , 41 , 1569444401.1893454
-1.47972700987 , 1.22675982731 , 0.0223501478246 , -119 , 70 , 41 , 1569444401.2343016
-1.47723502692 , 1.21055173828 , 0.0258791185337 , -123 , 70 , 37 , 1569444401.2793708
-1.47410104477 , 1.19419999996 , 0.0294080892428 , -122 , 70 , 37 , 1569444401.3203316
-1.47081428326 , 1.17791812005 , 0.0323488981671 , -122 , 74 , 37 , 1569444401.3654413
-1.4675727681 , 1.16153115386 , 0.0347015453066 , -119 , 74 , 30 , 1569444401.4104934
-1.46377722314 , 1.14564498124 , 0.0386716373543 , -112 , 70 , 30 , 1569444401.4554715
-1.45975114848 , 1.1304514889 , 0.0422006080635 , -123 , 82 , 26 , 1569444401.4964082
-1.45490267592 , 1.11427014692 , 0.0451414169878 , -119 , 78 , 29 , 1569444401.5415208
-1.45012096861 , 1.09848949521 , 0.0466118214499 , -122 , 88 , 30 , 1569444401.5865188
-1.44481446864 , 1.08234773588 , 0.0482292663583 , -115 , 85 , 30 , 1569444401.6315062
-1.43930200325 , 1.06650296416 , 0.0491115090355 , -119 , 89 , 26 , 1569444401.6725264
-1.4335270478 , 1.05053541957 , 0.0492585494818 , -115 , 93 , 29 , 1569444401.7175672
-1.42794306771 , 1.03455919377 , 0.0471999832348 , -115 , 96 , 30 , 1569444401.7628505
-1.42195564901 , 1.01856414849 , 0.0449943765415 , -111 , 89 , 22 , 1569444401.8076518
-1.41574363928 , 1.00323882119 , 0.0449943765415 , -122 , 92 , 15 , 1569444401.8486388
-1.40956866053 , 0.987660132682 , 0.0467588618961 , -118 , 93 , 15 , 1569444401.9018817
-1.4016078431 , 0.96971343661 , 0.0488174281431 , -111 , 89 , 18 , 1569444401.9428406
-1.39474640086 , 0.954217070613 , 0.0498467112666 , -115 , 97 , 22 , 1569444401.9878886
-1.38741595131 , 0.938386735927 , 0.0507289539439 , -110 , 101 , 18 , 1569444402.0411332
-1.37864912169 , 0.920313279604 , 0.0504348730515 , -112 , 104 , 14 , 1569444402.0820756
-1.37055301651 , 0.904861116798 , 0.0495526303742 , -107 , 104 , 18 , 1569444402.1271172
-1.36291797224 , 0.889631376197 , 0.0464647810037 , -118 , 101 , 14 , 1569444402.1722941
-1.35493810272 , 0.874284483029 , 0.0445532552029 , -111 , 104 , 14 , 1569444402.2172918
-1.34732721835 , 0.858935187772 , 0.0414654058324 , -111 , 107 , 14 , 1569444402.2581725
-1.33912713705 , 0.843393145664 , 0.0408772440476 , -109 , 104 , 22 , 1569444402.3033004
-1.33171206687 , 0.827870472313 , 0.0379364351233 , -108 , 104 , 18 , 1569444402.348301
-1.32409772574 , 0.812251483483 , 0.0354367475376 , -115 , 104 , 22 , 1569444402.3936841
-1.31699416428 , 0.796261324182 , 0.0320548172747 , -111 , 100 , 22 , 1569444402.4343157
-1.31005040404 , 0.780523364249 , 0.0301432914739 , -111 , 89 , 11 , 1569444402.479383
-1.30291932064 , 0.765589276696 , 0.0324959386133 , -115 , 92 , 7 , 1569444402.524387
-1.29596110136 , 0.751112485603 , 0.0376423542308 , -113 , 91 , 5 , 1569444402.5613034
-1.2896117699 , 0.739385796796 , 0.0395538800316 , -108 , 89 , 0 , 1569444402.6022205
-1.28194838647 , 0.725625416148 , 0.0436710125256 , -112 , 94 , 0 , 1569444402.6472876
-1.2737969837 , 0.711999449263 , 0.046023659665 , -97 , 94 , 0 , 1569444402.688188
-1.26573850042 , 0.699002223127 , 0.0471999832348 , -101 , 94 , 0 , 1569444402.7333038
-1.2575104998 , 0.685825988779 , 0.0482292663583 , -94 , 98 , 0 , 1569444402.7742434
-1.24909177128 , 0.673002424275 , 0.0474940641272 , -94 , 106 , 0 , 1569444402.8193629
-1.2402222575 , 0.659663132469 , 0.0461707001113 , -93 , 102 , 0 , 1569444402.864313
-1.23132593463 , 0.646398071872 , 0.0444062147567 , -97 , 102 , 0 , 1569444402.9052367
-1.22264143795 , 0.632997101573 , 0.0438180529718 , -101 , 108 , 0 , 1569444402.9503396
-1.21355849984 , 0.619161409045 , 0.0426417294021 , -101 , 109 , 0 , 1569444402.991278
-1.20439991606 , 0.605430816345 , 0.0407302036013 , -105 , 109 , 0 , 1569444403.036343
-1.19526304501 , 0.591571083814 , 0.039112758693 , -101 , 106 , 0 , 1569444403.0814924
-1.18615297301 , 0.577808256305 , 0.0372012328922 , -102 , 112 , 0 , 1569444403.1223214
-1.17672346005 , 0.563845209462 , 0.0342604239679 , -94 , 109 , 0 , 1569444403.1674662
-1.1675418924 , 0.550238760622 , 0.0311725745974 , -94 , 117 , 0 , 1569444403.2083726
-1.15815968246 , 0.536583642188 , 0.0270554421034 , -90 , 118 , -3 , 1569444403.2534697
-1.14860476108 , 0.523371323816 , 0.0210267838086 , -94 , 117 , 0 , 1569444403.2984836
-1.13903055823 , 0.509991951299 , 0.014409963729 , -90 , 114 , 0 , 1569444403.3394225
-1.1298394257 , 0.496824685598 , 0.00838130543421 , -86 , 114 , 0 , 1569444403.384454
-1.12072877725 , 0.483713996129 , 0.002058566247 , -86 , 110 , 0 , 1569444403.4253938
-1.11175011282 , 0.470797303869 , -0.00470529427886 , -94 , 121 , 0 , 1569444403.4705083
-1.10252437224 , 0.456952524663 , -0.0107339525736 , -86 , 117 , 0 , 1569444403.511496
-1.09342795205 , 0.443304322627 , -0.0172037322071 , -90 , 117 , 0 , 1569444403.5564544
-1.08441906128 , 0.429653421911 , -0.0233794309481 , -89 , 117 , 0 , 1569444403.6016448
-1.07545475975 , 0.415582923806 , -0.0292610487966 , -97 , 117 , 0 , 1569444403.6425178
-1.06647499779 , 0.401512964784 , -0.0344074644141 , -89 , 116 , -29 , 1569444403.6875682
-1.05484544772 , 0.389120298679 , -0.0326429790596 , -93 , 119 , -48 , 1569444403.7326953
-1.04182527627 , 0.377150716545 , -0.026761361211 , -96 , 104 , -63 , 1569444403.7776427
-1.02851602418 , 0.366202282584 , -0.0158803681911 , -89 , 112 , -70 , 1569444403.8197749
-1.01454956059 , 0.355809871679 , -0.00367601115536 , -81 , 104 , -74 , 1569444403.8636982
-0.999727259473 , 0.346731451335 , 0.00970466945014 , -85 , 108 , -85 , 1569444403.9087229
-0.984060903116 , 0.338054768783 , 0.0236735118405 , -89 , 115 , -85 , 1569444403.9539454
-0.967879932642 , 0.329271771757 , 0.0363189902149 , -77 , 119 , -82 , 1569444403.9948065
-0.951691995475 , 0.32085808904 , 0.0467588618961 , -77 , 119 , -81 , 1569444404.0407653
-0.935027799781 , 0.31257614195 , 0.0564635313463 , -77 , 126 , -74 , 1569444404.0849001
-0.918124889783 , 0.304213456739 , 0.0644037154418 , -66 , 121 , -74 , 1569444404.1381598
-0.898812801215 , 0.294988548136 , 0.0711675759677 , -81 , 131 , -74 , 1569444404.1790428
-0.881756972328 , 0.2864294277 , 0.0776373556011 , -66 , 131 , -70 , 1569444404.2241254
-0.864810357815 , 0.278220255667 , 0.0801370431867 , -70 , 134 , -73 , 1569444404.2691615
-0.847755753304 , 0.270172609864 , 0.08234264988 , -70 , 134 , -63 , 1569444404.3142354
-0.830733934132 , 0.261597778817 , 0.0824896903262 , -67 , 134 , -70 , 1569444404.359225
-0.813706366556 , 0.25355844892 , 0.0827837712186 , -74 , 142 , -63 , 1569444404.400208
-0.796694338081 , 0.244569495971 , 0.0824896903262 , -63 , 135 , -59 , 1569444404.4453511
-0.780589950401 , 0.23653793907 , 0.0792548005095 , -70 , 138 , -59 , 1569444404.4903355
-0.764160269982 , 0.227697515217 , 0.0754317489079 , -59 , 142 , -55 , 1569444404.53537
-0.747747835912 , 0.219215864856 , 0.070726454629 , -67 , 141 , -63 , 1569444404.5762806
-0.731031689595 , 0.210597416774 , 0.0673445243661 , -63 , 141 , -55 , 1569444404.6215644
-0.714688384498 , 0.201983314181 , 0.0630803514259 , -63 , 138 , -56 , 1569444404.666457
-0.698621664986 , 0.193256465307 , 0.0577868953622 , -63 , 141 , -59 , 1569444404.7114112
-0.682327648579 , 0.184740369468 , 0.0526404797447 , -66 , 138 , -56 , 1569444404.7525253
-0.666212352689 , 0.175937599887 , 0.0495526303742 , -63 , 135 , -59 , 1569444404.7975967
-0.64995313595 , 0.167541152395 , 0.0461707001113 , -62 , 135 , -55 , 1569444404.850573
-0.63116820267 , 0.157278022072 , 0.0405831631551 , -63 , 134 , -55 , 1569444404.8916655
-0.615268247563 , 0.148556810129 , 0.0367601115536 , -63 , 142 , -55 , 1569444404.936847
-0.599006681734 , 0.139565752452 , 0.0326429790596 , -59 , 131 , -59 , 1569444404.981809
-0.583187416831 , 0.131053641802 , 0.0292610487966 , -63 , 143 , -63 , 1569444405.0275147
-0.563908082921 , 0.120717573167 , 0.0257320780875 , -63 , 135 , -63 , 1569444405.0760193
-0.547800062781 , 0.111741986789 , 0.0239675927329 , -66 , 131 , -67 , 1569444405.1210663
-0.531812690601 , 0.103070828626 , 0.0230853500556 , -63 , 138 , -74 , 1569444405.1660047
-0.515012507259 , 0.0944883486335 , 0.0235264713943 , -66 , 137 , -74 , 1569444405.207004
-0.498058810841 , 0.0857211857079 , 0.0238205522867 , -66 , 134 , -70 , 1569444405.2603393
-0.478845311316 , 0.0756713980353 , 0.0241146331791 , -63 , 130 , -81 , 1569444405.301238
-0.461615070765 , 0.0677032365701 , 0.0254379971951 , -66 , 134 , -74 , 1569444405.3463182
-0.443876350143 , 0.0592116190225 , 0.0277906443345 , -63 , 135 , -85 , 1569444405.3913972
-0.426190137153 , 0.0516261470938 , 0.0285258465656 , -59 , 141 , -85 , 1569444405.4364033
-0.407976643148 , 0.0444319041049 , 0.0294080892428 , -51 , 139 , -100 , 1569444405.4813693
-0.388671440826 , 0.0382080028553 , 0.0307314532588 , -48 , 144 , -107 , 1569444405.5225115
-0.368497720548 , 0.0323715119932 , 0.032937059952 , -51 , 142 , -103 , 1569444405.5675275
-0.348121403446 , 0.0266975947895 , 0.0361719497687 , -47 , 142 , -100 , 1569444405.6125925
-0.327693635759 , 0.0215101634064 , 0.0376423542308 , -37 , 142 , -107 , 1569444405.6576338
-0.307399131416 , 0.0175216841213 , 0.0382305160157 , -29 , 149 , -129 , 1569444405.698566
-0.284675733053 , 0.0146724057283 , 0.0398479609241 , -25 , 164 , -144 , 1569444405.7436478
-0.257523448468 , 0.013853670094 , 0.0483763068045 , -11 , 163 , -148 , 1569444405.7976255
-0.225379521606 , 0.0113541796513 , 0.0424946889559 , -22 , 171 , -162 , 1569444405.8460343
-0.198883016894 , 0.0101319326102 , 0.0442591743105 , -3 , 172 , -165 , 1569444405.891083
-0.172079376644 , 0.00972500580297 , 0.0451414169878 , -7 , 168 , -162 , 1569444405.9362435
-0.14549144153 , 0.00983535799655 , 0.0438180529718 , 0 , 176 , -157 , 1569444405.9810266
-0.119111441229 , 0.0102369763912 , 0.0407302036013 , 0 , 170 , -157 , 1569444406.022165
-0.0928947137105 , 0.0110257711712 , 0.0392597991392 , 0 , 170 , -157 , 1569444406.0671635
-0.0669581955297 , 0.0115412910219 , 0.0366130711073 , 0 , 164 , -153 , 1569444406.1081605
