0.0 , 0.0 , 0.0 , 0 , 0 , 0 , 1569348030.4461243
0.00024194744743 , -2.79376847807e-05 , -0.000147040446214 , 0 , 43 , 0 , 1569348030.5081224
0.00580647166014 , -0.00184470542529 , -0.00970466945014 , 0 , 84 , -76 , 1569348030.560291
0.0195884219722 , -0.00284456790968 , -0.0142629232828 , 0 , 103 , -113 , 1569348030.6057405
0.0396291959913 , -0.00245985467532 , -0.0107339525736 , 0 , 114 , -136 , 1569348030.654816
0.0591401322494 , -0.00163553829378 , -0.00529345606371 , 0 , 118 , -143 , 1569348030.696086
0.0795667177105 , -0.000514391183517 , 0.00117632356971 , 0 , 118 , -147 , 1569348030.7500696
0.106420795378 , 0.00127727327448 , 0.0104398716812 , 0 , 115 , -146 , 1569348030.8066378
0.133933373195 , 0.00343643838294 , 0.0202915815776 , 0 , 121 , -154 , 1569348030.8682146
0.162632266098 , 0.00591901799345 , 0.0302903319201 , 0 , 122 , -153 , 1569348030.913101
0.18531920346 , 0.00811575043394 , 0.0382305160157 , 0 , 118 , -151 , 1569348030.9657722
0.21319528021 , 0.011083138475 , 0.0477881450196 , 0 , 118 , -150 , 1569348031.0228765
0.240853724335 , 0.0141959467116 , 0.0571987335773 , 0 , 118 , -146 , 1569348031.0727756
0.264872748507 , 0.0171103944133 , 0.0652859581191 , 0 , 114 , -146 , 1569348031.1228855
0.291460302245 , 0.0206124904355 , 0.074108384892 , 27 , 112 , -138 , 1569348031.187816
0.315408650031 , 0.0267888088148 , 0.0738143039995 , 51 , 112 , -136 , 1569348031.2325587
0.336744014765 , 0.0355100922037 , 0.072049818645 , 63 , 112 , -137 , 1569348031.2816987
0.358052504403 , 0.0441066370544 , 0.0561694504538 , 63 , 108 , -137 , 1569348031.3349469
0.380585323551 , 0.0536562429748 , 0.0449943765415 , 62 , 108 , -136 , 1569348031.3798778
0.400227006555 , 0.0617278641741 , 0.0360249093225 , 62 , 111 , -140 , 1569348031.4273698
0.42314909559 , 0.0706052648652 , 0.0272024825496 , 55 , 108 , -136 , 1569348031.482202
0.445724665686 , 0.0788493386432 , 0.0201445411313 , 51 , 104 , -134 , 1569348031.527382
0.465866877441 , 0.0856541772927 , 0.0154392468525 , 51 , 104 , -137 , 1569348031.5732915
0.488591851247 , 0.0932697255195 , 0.00999875034257 , 43 , 101 , -137 , 1569348031.6379237
0.514692438709 , 0.101213954852 , 0.0072049818645 , 37 , 97 , -135 , 1569348031.6832013
0.533572986697 , 0.106797981151 , 0.00764610320314 , 35 , 90 , -134 , 1569348031.7365823
0.555685166984 , 0.113448788797 , 0.00867538632664 , 33 , 86 , -131 , 1569348031.7821438
0.57325319804 , 0.118797807 , 0.0108809930199 , 33 , 86 , -131 , 1569348031.826324
0.591097276425 , 0.124412207666 , 0.0133806806055 , 35 , 82 , -131 , 1569348031.8813841
0.616825796903 , 0.132915027636 , 0.0197034197927 , 37 , 78 , -134 , 1569348031.9406626
0.636509717269 , 0.141015216384 , 0.0223501478246 , 47 , 82 , -135 , 1569348031.9982703
0.659091309034 , 0.150657907505 , 0.0302903319201 , 48 , 75 , -138 , 1569348032.0509465
0.677286566544 , 0.158895605707 , 0.028819927458 , 55 , 71 , -135 , 1569348032.0962973
0.695171498735 , 0.168215217623 , 0.0314666554898 , 62 , 70 , -135 , 1569348032.1508994
0.718480352464 , 0.181359387119 , 0.0323488981671 , 63 , 67 , -134 , 1569348032.2076159
0.734823055802 , 0.191000692742 , 0.0330841003982 , 59 , 64 , -134 , 1569348032.261143
0.753618095426 , 0.202412587535 , 0.0355837879838 , 59 , 60 , -130 , 1569348032.3220742
0.773458041068 , 0.214999903236 , 0.0385245969081 , 59 , 56 , -127 , 1569348032.367128
0.78889843597 , 0.225240690814 , 0.04117132494 , 62 , 60 , -124 , 1569348032.4209445
0.811095565911 , 0.238961404728 , 0.0449943765415 , 59 , 52 , -123 , 1569348032.4829245
0.825675828401 , 0.249713599462 , 0.0447002956491 , 59 , 49 , -120 , 1569348032.5268457
0.839813292946 , 0.259602589571 , 0.0466118214499 , 55 , 49 , -112 , 1569348032.585291
0.858026492535 , 0.272086869071 , 0.0486703876969 , 55 , 49 , -113 , 1569348032.6370199
0.870135409702 , 0.281095893448 , 0.0496996708204 , 62 , 45 , -108 , 1569348032.6912026
0.885299897422 , 0.292787324296 , 0.0498467112666 , 59 , 41 , -101 , 1569348032.748
0.89821245662 , 0.302970104835 , 0.0496996708204 , 59 , 41 , -98 , 1569348032.792918
0.911043732702 , 0.312867146812 , 0.048082225912 , 58 , 45 , -97 , 1569348032.8423615
0.922364474503 , 0.321243496079 , 0.046023659665 , 55 , 48 , -93 , 1569348032.8872898
0.933239618526 , 0.32912773074 , 0.0438180529718 , 55 , 47 , -95 , 1569348032.9401977
0.947721147501 , 0.340193458046 , 0.0408772440476 , 59 , 41 , -94 , 1569348032.99744
0.959778089395 , 0.34971800395 , 0.0398479609241 , 59 , 41 , -94 , 1569348033.0425808
0.970004767936 , 0.358010418234 , 0.0389657182468 , 66 , 37 , -98 , 1569348033.0874865
0.980624958103 , 0.367567013884 , 0.0372012328922 , 58 , 38 , -90 , 1569348033.1409774
0.993209820471 , 0.379413912711 , 0.0388186778006 , 55 , 30 , -94 , 1569348033.1985657
1.00396671675 , 0.389225830235 , 0.0410242844938 , 55 , 30 , -90 , 1569348033.2433715
1.01391553633 , 0.398162371833 , 0.0417594867248 , 55 , 30 , -90 , 1569348033.296729
1.02464586381 , 0.407950054202 , 0.043229891187 , 55 , 30 , -90 , 1569348033.341452
1.03406127212 , 0.416466840046 , 0.0435239720794 , 55 , 30 , -90 , 1569348033.3867388
1.04357572504 , 0.42487896038 , 0.043229891187 , 59 , 30 , -87 , 1569348033.4364989
1.05741234432 , 0.436439302507 , 0.0439650934181 , 62 , 34 , -86 , 1569348033.5092595
1.06962182072 , 0.448469934117 , 0.0404361227089 , 63 , 30 , -90 , 1569348033.5542674
1.07866063411 , 0.457279711258 , 0.0394068395854 , 63 , 26 , -86 , 1569348033.595071
1.0874656502 , 0.466098564315 , 0.0385245969081 , 63 , 33 , -90 , 1569348033.6401703
1.09661799435 , 0.474894774895 , 0.037054192446 , 63 , 26 , -82 , 1569348033.685302
1.10509799498 , 0.48387576966 , 0.0358778688763 , 66 , 22 , -82 , 1569348033.7266572
1.11319367048 , 0.493056254719 , 0.0354367475376 , 66 , 22 , -83 , 1569348033.7714531
1.12094993206 , 0.502360767585 , 0.0348485857528 , 66 , 22 , -83 , 1569348033.8206737
1.12962046354 , 0.513369679529 , 0.0351426666452 , 67 , 15 , -83 , 1569348033.8741233
1.13828383073 , 0.524492822574 , 0.0351426666452 , 67 , 11 , -87 , 1569348033.9185264
1.14581994173 , 0.534625866375 , 0.0358778688763 , 66 , 7 , -79 , 1569348033.960597
1.15252751105 , 0.544707020728 , 0.0382305160157 , 63 , 0 , -79 , 1569348034.0141647
1.16093561336 , 0.557833439587 , 0.0420535676173 , 67 , 0 , -84 , 1569348034.062079
1.16700768371 , 0.567763935243 , 0.0457295787726 , 67 , 0 , -81 , 1569348034.1074712
1.17321868424 , 0.578116251687 , 0.0488174281431 , 64 , 0 , -80 , 1569348034.160583
1.18048130797 , 0.590107015369 , 0.0530816010833 , 66 , 3 , -80 , 1569348034.206502
1.18636167761 , 0.59981975069 , 0.0561694504538 , 63 , 0 , -80 , 1569348034.257748
1.19490347911 , 0.614262969682 , 0.0611688256251 , 63 , 0 , -80 , 1569348034.3118184
1.20073803658 , 0.624276869732 , 0.0642566749956 , 67 , 0 , -80 , 1569348034.3567936
1.20659531633 , 0.63422820537 , 0.0673445243661 , 74 , 3 , -79 , 1569348034.3977592
1.21252719879 , 0.644792710325 , 0.068667888382 , 70 , 0 , -80 , 1569348034.4431424
1.21812825329 , 0.655035224433 , 0.0705794141828 , 67 , 0 , -76 , 1569348034.4886425
1.22419240889 , 0.665322551052 , 0.0711675759677 , 63 , 34 , -75 , 1569348034.533294
1.2324207605 , 0.673751537091 , 0.0651389176729 , 63 , 52 , -78 , 1569348034.5779333
1.24227769124 , 0.681729746442 , 0.0546990459917 , 67 , 56 , -72 , 1569348034.6239667
1.2538173895 , 0.690475651348 , 0.0395538800316 , 66 , 56 , -75 , 1569348034.6725261
1.26359171347 , 0.698020111208 , 0.0277906443345 , 66 , 45 , -75 , 1569348034.7176366
1.27475725272 , 0.707329898133 , 0.0160274086373 , 66 , 37 , -75 , 1569348034.7667534
1.28377587399 , 0.715325953479 , 0.00882242677285 , 66 , 30 , -75 , 1569348034.8119874
1.29202657158 , 0.723556867991 , 0.004117132494 , 66 , 18 , -75 , 1569348034.8572054
1.29973017661 , 0.732975726579 , 0.00235264713943 , 66 , 11 , -75 , 1569348034.9104216
1.30836314836 , 0.745204838989 , 0.00176448535457 , 67 , 3 , -68 , 1569348034.9710023
1.31622878491 , 0.757595131429 , 0.000735202231071 , 66 , 0 , -69 , 1569348035.020744
1.32222127484 , 0.768215860207 , 0.000588161784857 , 71 , 0 , -61 , 1569348035.0700974
1.32715164513 , 0.777326446877 , -0.000882242677285 , 64 , 0 , -65 , 1569348035.1192043
1.33272548 , 0.787574663705 , -0.00249968758564 , 64 , 0 , -61 , 1569348035.1642432
1.33826728466 , 0.797730159928 , -0.004117132494 , 63 , 0 , -61 , 1569348035.2133243
1.34304484146 , 0.806315369824 , -0.0051464156175 , 64 , 0 , -57 , 1569348035.2624898
1.34851442736 , 0.816009663869 , -0.00602865829478 , 64 , 0 , -62 , 1569348035.3074176
1.35404112089 , 0.825726774095 , -0.00676386052585 , 60 , 0 , -61 , 1569348035.35669
1.35893929421 , 0.834466276722 , -0.00779314364935 , 68 , 0 , -57 , 1569348035.4097865
1.36434122657 , 0.84459380391 , -0.010292831235 , 71 , -3 , -61 , 1569348035.454751
1.36922786245 , 0.853903125002 , -0.0122043570358 , 67 , 0 , -57 , 1569348035.4995713
1.37453232771 , 0.864259916738 , -0.0138218019441 , 67 , -3 , -57 , 1569348035.5491714
1.38055563846 , 0.876386592965 , -0.0161744490836 , 59 , -22 , -52 , 1569348035.6105888
1.38311939069 , 0.885286350743 , -0.0119102761434 , 63 , -41 , -52 , 1569348035.6558647
1.3842095593 , 0.895555163171 , -0.00279376847807 , 59 , -45 , -56 , 1569348035.7085924
1.38594509838 , 0.91055290974 , 0.0135277210517 , 59 , -49 , -56 , 1569348035.7698104
1.3863405375 , 0.924248977675 , 0.0269084016572 , 63 , -41 , -60 , 1569348035.8285038
1.38817526743 , 0.937014609219 , 0.0377893946771 , 59 , -31 , -60 , 1569348035.881325
1.39040731301 , 0.948421843147 , 0.0461707001113 , 59 , -26 , -56 , 1569348035.9259136
1.39258172864 , 0.957975320155 , 0.0508759943901 , 59 , -18 , -56 , 1569348035.9668343
1.39516458003 , 0.967198349879 , 0.0541108842068 , 63 , -11 , -60 , 1569348036.011997
1.39903571902 , 0.978039906743 , 0.0561694504538 , 55 , -7 , -49 , 1569348036.0653818
1.4021685997 , 0.986106935942 , 0.0561694504538 , 59 , 0 , -49 , 1569348036.1104033
1.40549473309 , 0.994184831469 , 0.0548460864379 , 55 , 0 , -50 , 1569348036.1597629
1.40964305748 , 1.0033661015 , 0.0529345606371 , 56 , 0 , -46 , 1569348036.212761
1.41358357593 , 1.01221973966 , 0.0502878326053 , 64 , 0 , -50 , 1569348036.253536
1.41719739985 , 1.02031799679 , 0.0477881450196 , 67 , 0 , -50 , 1569348036.3068717
1.42291765825 , 1.03239474352 , 0.0454354978802 , 64 , 0 , -54 , 1569348036.3721051
1.42755184524 , 1.04340053214 , 0.0404361227089 , 63 , 0 , -54 , 1569348036.4132698
1.43137112446 , 1.05194321537 , 0.0373482733384 , 67 , 0 , -54 , 1569348036.462951
1.43651371918 , 1.0633462014 , 0.0332311408444 , 68 , 0 , -57 , 1569348036.5198345
1.44125300635 , 1.07370663931 , 0.0295551296891 , 75 , 0 , -54 , 1569348036.5650954
1.4452828714 , 1.08313309092 , 0.024702794964 , 76 , 0 , -46 , 1569348036.6145992
1.45007169869 , 1.09501676729 , 0.0169096513146 , 68 , 0 , -49 , 1569348036.6758742
1.45490791502 , 1.10666640912 , 0.0116161952509 , 67 , -3 , -46 , 1569348036.7244987
1.45843984971 , 1.11506136997 , 0.00749906275692 , 64 , 0 , -46 , 1569348036.7697506
1.46257691886 , 1.1247870439 , 0.00249968758564 , 63 , -3 , -41 , 1569348036.8240647
1.46492418256 , 1.13431969162 , 0.00235264713943 , 59 , -45 , -41 , 1569348036.8718917
1.46436935513 , 1.1439010387 , 0.00955762900392 , 55 , -56 , -41 , 1569348036.9177144
1.46280879506 , 1.15528521902 , 0.02058566247 , 58 , -53 , -37 , 1569348036.9751494
1.46099382462 , 1.16821368428 , 0.0327900195058 , 59 , -52 , -41 , 1569348037.0235918
1.45980271244 , 1.1779580624 , 0.0410242844938 , 63 , -49 , -41 , 1569348037.0687044
1.45973439413 , 1.18788148792 , 0.0464647810037 , 63 , -30 , -41 , 1569348037.114357
1.46070405686 , 1.19723987636 , 0.0482292663583 , 58 , -26 , -41 , 1569348037.1668339
1.4617712265 , 1.20724877941 , 0.0502878326053 , 59 , -18 , -45 , 1569348037.212041
1.4634210224 , 1.21586359352 , 0.051464156175 , 63 , -22 , -45 , 1569348037.257275
1.4650118201 , 1.22542896602 , 0.0532286415295 , 63 , -18 , -49 , 1569348037.3088846
1.46705632617 , 1.23616927274 , 0.0557283291152 , 59 , -22 , -45 , 1569348037.351013
1.46860313408 , 1.24492971132 , 0.0567576122387 , 63 , -18 , -45 , 1569348037.3963714
1.47023437769 , 1.25375301276 , 0.0571987335773 , 67 , -18 , -48 , 1569348037.4460008
1.47312377902 , 1.26508385946 , 0.0580809762546 , 66 , -11 , -45 , 1569348037.4986074
1.47511811158 , 1.27496654356 , 0.0546990459917 , 66 , -11 , -45 , 1569348037.5440166
1.47731677242 , 1.28437613276 , 0.0523463988523 , 63 , -3 , -45 , 1569348037.5979452
1.48067986517 , 1.29509929349 , 0.0482292663583 , 63 , 0 , -46 , 1569348037.6537983
1.48495438217 , 1.30590631939 , 0.0430828507408 , 60 , 0 , -46 , 1569348037.7035565
1.48877170742 , 1.31510313589 , 0.0385245969081 , 67 , 0 , -42 , 1569348037.752921
1.49194542333 , 1.32322157335 , 0.0333781812906 , 64 , 0 , -42 , 1569348037.8017652
1.49541375966 , 1.33245014416 , 0.0266143207648 , 67 , 0 , -38 , 1569348037.8468025
1.49865717664 , 1.34153560734 , 0.0197034197927 , 67 , -3 , -38 , 1569348037.896232
1.5013091012 , 1.34941193652 , 0.0136747614979 , 68 , 0 , -38 , 1569348037.9467325
1.50447702947 , 1.35839615497 , 0.00602865829478 , 63 , -3 , -34 , 1569348037.9901736
1.50578171968 , 1.36672960196 , 0.00264672803186 , 66 , -56 , -33 , 1569348038.0397766
1.50371594584 , 1.37935201216 , 0.0126454783744 , 67 , -64 , -34 , 1569348038.1011288
1.50082900655 , 1.39334134265 , 0.0194093389003 , 66 , -64 , -37 , 1569348038.1458006
1.49838445324 , 1.40458284051 , 0.0280847252269 , 66 , -64 , -37 , 1569348038.191128
1.49585188305 , 1.41546758816 , 0.0372012328922 , 59 , -56 , -34 , 1569348038.236067
1.49334551415 , 1.42686464356 , 0.0486703876969 , 59 , -49 , -34 , 1569348038.2891154
1.49177930157 , 1.43713755371 , 0.0527875201909 , 63 , -45 , -37 , 1569348038.3346157
1.49057507306 , 1.44708956868 , 0.0573457740235 , 58 , -38 , -41 , 1569348038.3880568
1.49076252802 , 1.45902137999 , 0.0591102593781 , 63 , -26 , -37 , 1569348038.4489546
1.49128807763 , 1.46979932193 , 0.0586691380395 , 63 , -26 , -33 , 1569348038.4941976
1.49214753433 , 1.47992470425 , 0.055581288669 , 63 , -23 , -34 , 1569348038.5601454
1.49294843813 , 1.49253268684 , 0.0536697628682 , 52 , -11 , -26 , 1569348038.6126938
1.49337685665 , 1.49899063507 , 0.0499937517128 , 37 , -5 , -17 , 1569348038.6582575
1.49348759101 , 1.50355571514 , 0.0448473360953 , 32 , -5 , -11 , 1569348038.6946743
1.49368193811 , 1.50678050436 , 0.0419065271711 , 26 , -3 , -7 , 1569348038.7445445
1.49374189726 , 1.50997071321 , 0.0366130711073 , 30 , 0 , 0 , 1569348038.7968209
1.49364576761 , 1.51259509559 , 0.0297021701353 , 26 , 0 , 0 , 1569348038.8377395
1.49358105195 , 1.51477327383 , 0.0239675927329 , 22 , 0 , 0 , 1569348038.8793278
1.4935301673 , 1.51689592805 , 0.0183800557768 , 24 , 0 , 0 , 1569348038.932054
1.49348190137 , 1.51952162684 , 0.0114691548047 , 26 , 0 , 0 , 1569348038.9731061
1.49345306406 , 1.5220358531 , 0.00485233472507 , 32 , 0 , 0 , 1569348039.022429
1.49343381419 , 1.52600295764 , -0.00558753695614 , 42 , 0 , 0 , 1569348039.071581
1.49345317084 , 1.52946717647 , -0.0147040446214 , 42 , 0 , 0 , 1569348039.1163836
1.49350985878 , 1.53332216019 , -0.0248498354102 , 38 , 0 , -3 , 1569348039.157397
1.49356678116 , 1.53561234305 , -0.0299962510277 , 48 , 0 , 0 , 1569348039.2111797
1.49373771279 , 1.5413090669 , -0.0445532552029 , 56 , 0 , 0 , 1569348039.2637181
1.4939865734 , 1.54689105917 , -0.058375057147 , 56 , -3 , -11 , 1569348039.3090565
1.49509539693 , 1.55508193715 , -0.0608747447327 , 55 , -60 , -75 , 1569348039.3674054
1.49763840619 , 1.56976139131 , -0.0354367475376 , 55 , -67 , -89 , 1569348039.4154427
1.49966878493 , 1.58196175956 , -0.0101457907888 , 51 , -67 , -90 , 1569348039.4609258
1.50144489451 , 1.59485161361 , 0.0167626108684 , 50 , -72 , -82 , 1569348039.513993
1.50250724985 , 1.60942700209 , 0.0474940641272 , 55 , -64 , -75 , 1569348039.5688438
1.50290403675 , 1.62452127289 , 0.0738143039995 , 59 , -60 , -63 , 1569348039.6165438
1.50258720649 , 1.63536726327 , 0.0898417126369 , 58 , -49 , -53 , 1569348039.669233
1.50052987571 , 1.64687912017 , 0.099546382087 , 55 , -45 , -26 , 1569348039.7236373
1.4985210127 , 1.65628070741 , 0.102634231458 , 56 , -22 , -18 , 1569348039.7679534
1.49694887751 , 1.66446017059 , 0.0964585327165 , 63 , -30 , -3 , 1569348039.8167834
1.49400091675 , 1.67281992274 , 0.0888124295134 , 63 , -26 , 0 , 1569348039.8741703
1.49104038715 , 1.68097076623 , 0.0799900027405 , 63 , -30 , 0 , 1569348039.9191499
1.48798573124 , 1.68879776478 , 0.070726454629 , 64 , -30 , 0 , 1569348039.9685135
1.48549538204 , 1.69587533282 , 0.0607277042865 , 57 , -23 , 0 , 1569348040.0140655
1.48309200785 , 1.70351022133 , 0.0491115090355 , 56 , -26 , 0 , 1569348040.068076
1.48049539608 , 1.71001181952 , 0.0420535676173 , 60 , -30 , 0 , 1569348040.1112723
1.47772316088 , 1.71719335657 , 0.034995626199 , 63 , -34 , 0 , 1569348040.1526594
1.47470956702 , 1.72443996357 , 0.0282317656731 , 64 , -38 , 0 , 1569348040.2058845
1.47070509908 , 1.73424871217 , 0.0191152580078 , 68 , -38 , 0 , 1569348040.2549753
1.46749958714 , 1.74243055348 , 0.0122043570358 , 67 , -41 , 0 , 1569348040.3001974
1.4642511958 , 1.75085665593 , 0.00602865829478 , 63 , -34 , 0 , 1569348040.3491282
1.46090754778 , 1.7596649668 , -0.000882242677285 , 63 , -38 , -3 , 1569348040.3940957
1.45791420339 , 1.76737841166 , -0.00661682007964 , 64 , -38 , 0 , 1569348040.4354122
1.4549644019 , 1.77499714686 , -0.0124984379282 , 63 , -41 , -7 , 1569348040.4890077
1.45283238504 , 1.78639532101 , -0.0148510850676 , 67 , -41 , -60 , 1569348040.5415785
1.45468888205 , 1.797348469 , -0.00558753695614 , 63 , -41 , -78 , 1569348040.5872505
1.4577072504 , 1.80926118121 , 0.00911650766528 , 67 , -41 , -82 , 1569348040.6410434
1.46312994779 , 1.82487255574 , 0.0305844128126 , 66 , -37 , -82 , 1569348040.6977375
1.46549130654 , 1.83788599926 , 0.043965093418 , 59 , -37 , -71 , 1569348040.742719
1.46785851215 , 1.84903620018 , 0.0566105717925 , 63 , -37 , -60 , 1569348040.7958808
1.46950340805 , 1.86191742598 , 0.0673445243661 , 63 , -41 , -49 , 1569348040.8406882
1.4696065948 , 1.8718927976 , 0.0738143039995 , 63 , -37 , -41 , 1569348040.886326
1.46790297254 , 1.88115149627 , 0.0758728702465 , 59 , -45 , -15 , 1569348040.9397728
1.46407285457 , 1.89195557912 , 0.0763139915852 , 62 , -45 , -11 , 1569348040.996378
1.46066804082 , 1.90094158607 , 0.072785020876 , 63 , -37 , -7 , 1569348041.0454512
1.45736150578 , 1.90969229801 , 0.0652859581191 , 67 , -45 , -3 , 1569348041.098526
1.45204341771 , 1.92057153654 , 0.0598454616092 , 60 , -45 , 0 , 1569348041.1481087
1.44806114055 , 1.92797359671 , 0.0558753695614 , 60 , -46 , 0 , 1569348041.1927352
1.4437654031 , 1.93545617414 , 0.0532286415295 , 58 , -47 , 0 , 1569348041.2383173
1.43940697727 , 1.94358917719 , 0.0491115090355 , 56 , -49 , 0 , 1569348041.2914343
1.43338428187 , 1.9537544631 , 0.0467588618961 , 64 , -57 , 0 , 1569348041.3402176
1.42869709625 , 1.96178577069 , 0.0447002956491 , 64 , -53 , 0 , 1569348041.3902156
1.42328476022 , 1.97124774634 , 0.0419065271711 , 71 , -57 , 0 , 1569348041.4433663
1.41761383896 , 1.98174745645 , 0.0374953137846 , 67 , -57 , 0 , 1569348041.4876685
1.41273748138 , 1.99039904804 , 0.034995626199 , 67 , -53 , 0 , 1569348041.5286477
1.40808597971 , 1.99879036847 , 0.0323488981671 , 68 , -53 , 0 , 1569348041.578203
1.40221464008 , 2.00966948513 , 0.0283788061193 , 63 , -49 , 0 , 1569348041.6351383
1.39724925711 , 2.01917091942 , 0.0244087140716 , 63 , -50 , 0 , 1569348041.6847289
1.39237205539 , 2.02860938472 , 0.0204386220238 , 63 , -50 , 0 , 1569348041.739441
1.38712248979 , 2.03917650096 , 0.0152922064063 , 64 , -49 , 0 , 1569348041.7868943
1.38317328507 , 2.04741456686 , 0.0122043570358 , 66 , -49 , 0 , 1569348041.831961
1.37825863453 , 2.05755259815 , 0.00808722454178 , 63 , -49 , -3 , 1569348041.8813891
1.37378371331 , 2.06637294336 , 0.00661682007964 , 70 , -50 , 0 , 1569348041.9423385
1.36832885721 , 2.07899289729 , -0.000441121338643 , 63 , -57 , 0 , 1569348041.9998498
1.36320420562 , 2.08949972839 , -0.00294080892428 , 58 , -49 , -3 , 1569348042.0537353
1.35878065462 , 2.09912334236 , -0.00441121338643 , 59 , -49 , -3 , 1569348042.0979786
1.35508933026 , 2.10699019149 , -0.00588161784857 , 63 , -52 , -3 , 1569348042.1432242
1.35040541083 , 2.11690785231 , -0.00676386052585 , 59 , -56 , 0 , 1569348042.1925428
1.34600923539 , 2.1251514551 , -0.00676386052585 , 55 , -56 , -7 , 1569348042.2378757
1.34137773181 , 2.13437449097 , -0.00646977963343 , 56 , -56 , 0 , 1569348042.2865021
1.33697768628 , 2.14239330377 , -0.00676386052585 , 60 , -57 , 0 , 1569348042.3318675
1.33248775752 , 2.15108455389 , -0.00705794141828 , 55 , -56 , -37 , 1569348042.3853374
1.33048731393 , 2.16246959406 , 0.00338193026293 , 55 , -56 , -63 , 1569348042.4300249
1.33112810345 , 2.17331164486 , 0.0189682175616 , 59 , -52 , -75 , 1569348042.475091
1.33295995582 , 2.18645152766 , 0.0385245969081 , 59 , -52 , -75 , 1569348042.5253477
1.33439058842 , 2.19833308512 , 0.0552872077765 , 62 , -56 , -67 , 1569348042.5732038
1.33454702824 , 2.21126870516 , 0.0724909399836 , 62 , -56 , -56 , 1569348042.622564
1.33347235298 , 2.22205902967 , 0.0845482565732 , 66 , -61 , -37 , 1569348042.6723387
1.33043144032 , 2.23444637638 , 0.0952822091468 , 63 , -60 , -26 , 1569348042.7254045
1.32719861134 , 2.24640180826 , 0.0977818967325 , 63 , -45 , -15 , 1569348042.7739515
1.32311651939 , 2.25431062319 , 0.095429249593 , 58 , -53 , 0 , 1569348042.8269877
1.31718584842 , 2.26345356086 , 0.093370683346 , 59 , -57 , 3 , 1569348042.8845
1.31000442427 , 2.27319129768 , 0.0914591575452 , 60 , -60 , 0 , 1569348042.9336538
1.30380595827 , 2.28196510013 , 0.0914591575452 , 56 , -57 , 0 , 1569348042.987343
1.29667859043 , 2.29186007072 , 0.0920473193301 , 60 , -61 , 0 , 1569348043.0400355
1.29038373173 , 2.30056569145 , 0.092635481115 , 56 , -60 , 0 , 1569348043.084952
1.2849382844 , 2.30791603804 , 0.0927825215612 , 56 , -56 , 0 , 1569348043.126063
1.27948140268 , 2.31537685394 , 0.0930766024536 , 59 , -61 , 0 , 1569348043.1798708
1.27274540783 , 2.32454071304 , 0.0932236428998 , 52 , -60 , 3 , 1569348043.2244055
1.2673320478 , 2.33149842632 , 0.0943999664695 , 52 , -57 , 0 , 1569348043.265209
1.26190524019 , 2.33850539352 , 0.095429249593 , 56 , -60 , 0 , 1569348043.3106632
1.25603795223 , 2.34597047542 , 0.0951351687006 , 47 , -57 , 30 , 1569348043.363917
1.24775661004 , 2.35023186944 , 0.093370683346 , 55 , -56 , 52 , 1569348043.4084074
1.23699961878 , 2.35559415246 , 0.0795488814019 , 55 , -56 , 52 , 1569348043.4578295
1.22911548407 , 2.36132762527 , 0.0701382928442 , 63 , -60 , 52 , 1569348043.503041
1.21977947757 , 2.36716925604 , 0.0561694504538 , 63 , -56 , 45 , 1569348043.5479817
1.21125538297 , 2.37309779371 , 0.043965093418 , 63 , -56 , 41 , 1569348043.5931194
1.20301529184 , 2.37983831939 , 0.0332311408444 , 63 , -56 , 34 , 1569348043.6384861
1.194131962 , 2.38781713036 , 0.0233794309481 , 63 , -58 , 16 , 1569348043.695984
1.18617231537 , 2.39702063258 , 0.0202915815776 , 63 , -64 , 15 , 1569348043.7568152
1.17923272074 , 2.40747036068 , 0.016468529976 , 59 , -67 , 11 , 1569348043.7982092
1.17309705645 , 2.4156399824 , 0.0172037322071 , 63 , -68 , 3 , 1569348043.842956
1.16719297366 , 2.42406065511 , 0.0179389344381 , 59 , -68 , 0 , 1569348043.888229
1.15979316341 , 2.43457386698 , 0.0219090264859 , 60 , -61 , 0 , 1569348043.945112
1.15495181088 , 2.44346587466 , 0.0194093389003 , 58 , -64 , 0 , 1569348043.986932
1.14966082574 , 2.45174605163 , 0.0207327029162 , 55 , -61 , 0 , 1569348044.040339
1.14305701336 , 2.46211594468 , 0.0222031073783 , 52 , -61 , 0 , 1569348044.0928257
1.13734473095 , 2.47087546748 , 0.0239675927329 , 59 , -65 , 0 , 1569348044.150313
1.13045816488 , 2.48152537163 , 0.0257320780875 , 60 , -68 , 0 , 1569348044.2034724
1.1241172728 , 2.49092002362 , 0.0279376847807 , 55 , -64 , 3 , 1569348044.2482052
1.1183829473 , 2.49864128086 , 0.0292610487966 , 52 , -64 , 0 , 1569348044.293237
1.11152361883 , 2.50805519177 , 0.0326429790596 , 55 , -67 , 0 , 1569348044.3428133
1.1056417098 , 2.51619298819 , 0.0358778688763 , 56 , -71 , 0 , 1569348044.3957305
1.09886631897 , 2.52553859392 , 0.0399950013703 , 48 , -68 , 3 , 1569348044.4367626
1.0930910169 , 2.53310833981 , 0.0435239720794 , 51 , -65 , 0 , 1569348044.4863281
1.08549611646 , 2.54290059927 , 0.0482292663583 , 48 , -72 , 0 , 1569348044.5431416
1.07833736501 , 2.55170132824 , 0.0539638437606 , 52 , -72 , 0 , 1569348044.5884602
1.07117808904 , 2.56043557331 , 0.0591102593781 , 44 , -68 , 3 , 1569348044.6376915
1.06513899493 , 2.56746663728 , 0.0630803514259 , 51 , -68 , 30 , 1569348044.691021
1.05446554555 , 2.5752464529 , 0.0607277042865 , 48 , -67 , 52 , 1569348044.739903
1.04453672016 , 2.57987675102 , 0.0524934392985 , 47 , -64 , 56 , 1569348044.792889
1.03262847502 , 2.58518203033 , 0.0408772440476 , 51 , -63 , 53 , 1569348044.8463829
1.02159660134 , 2.59085429465 , 0.0289669679042 , 47 , -60 , 48 , 1569348044.8994894
1.01155612712 , 2.59654454491 , 0.0198504602389 , 51 , -64 , 37 , 1569348044.9407089
1.00321397222 , 2.60230288381 , 0.0135277210517 , 55 , -67 , 30 , 1569348044.994492
0.993188082686 , 2.61007433638 , 0.00794018409557 , 43 , -68 , 30 , 1569348045.0470772
0.984533765063 , 2.61520219124 , 0.0105869121274 , 48 , -75 , 22 , 1569348045.0922813
0.975693238947 , 2.62290364477 , 0.0114691548047 , 48 , -71 , 18 , 1569348045.1412857
0.967384899804 , 2.63001674773 , 0.0163214895298 , 40 , -67 , 11 , 1569348045.1944356
0.960941393219 , 2.63636603564 , 0.0202915815776 , 49 , -68 , 11 , 1569348045.2353659
0.954841626896 , 2.64359136878 , 0.0236735118405 , 55 , -68 , 0 , 1569348045.2848203
0.947947512441 , 2.65265015041 , 0.0276436038883 , 51 , -71 , 0 , 1569348045.3378696
0.941260115424 , 2.6616602509 , 0.0319077768285 , 52 , -72 , 0 , 1569348045.3791182
0.935489833417 , 2.66952622234 , 0.0358778688763 , 51 , -68 , 0 , 1569348045.4323683
0.927906636595 , 2.67979332624 , 0.0401420418165 , 51 , -68 , 0 , 1569348045.4858398
0.920268376394 , 2.689104858 , 0.0474940641272 , 49 , -72 , 0 , 1569348045.5430923
0.913282909387 , 2.69847816074 , 0.0508759943901 , 44 , -68 , 0 , 1569348045.5875907
0.906314087841 , 2.70687913333 , 0.0563164909 , 47 , -72 , 37 , 1569348045.6458364
0.895101605703 , 2.71405400818 , 0.0510230348363 , 47 , -71 , 60 , 1569348045.7025313
0.883071868117 , 2.71906247337 , 0.0413183653862 , 44 , -71 , 60 , 1569348045.7478456
0.872003113563 , 2.72321852575 , 0.0324959386133 , 43 , -67 , 56 , 1569348045.8010387
0.858458601927 , 2.72881595665 , 0.0219090264859 , 43 , -71 , 56 , 1569348045.8578901
0.846485450637 , 2.73405863965 , 0.0142629232828 , 40 , -71 , 52 , 1569348045.8990266
0.83664243602 , 2.73877989162 , 0.00985170989635 , 40 , -75 , 45 , 1569348045.9440258
0.827059802191 , 2.74379832767 , 0.0072049818645 , 39 , -75 , 37 , 1569348045.9939399
0.81622353357 , 2.75006227025 , 0.00573457740235 , 40 , -79 , 37 , 1569348046.0380483
0.807238782173 , 2.75573806549 , 0.00588161784857 , 40 , -79 , 30 , 1569348046.0836236
0.798153789912 , 2.76185896555 , 0.00749906275692 , 31 , -75 , 26 , 1569348046.1329856
0.788632005844 , 2.76681648442 , 0.0149981255138 , 37 , -79 , 26 , 1569348046.177384
0.780418848493 , 2.77233734033 , 0.0186741366692 , 37 , -79 , 26 , 1569348046.2231052
0.770954536686 , 2.77895062322 , 0.0222031073783 , 35 , -75 , 26 , 1569348046.2802932
0.759077217389 , 2.78634367935 , 0.026761361211 , 44 , -82 , 26 , 1569348046.3412762
0.747905888965 , 2.7949879094 , 0.0292610487966 , 41 , -75 , 30 , 1569348046.3904588
0.739213163281 , 2.80088240135 , 0.0311725745974 , 40 , -75 , 30 , 1569348046.4363399
0.729531417417 , 2.80706519191 , 0.0322018577209 , 40 , -75 , 33 , 1569348046.4846745
0.72084298253 , 2.81226393794 , 0.0327900195058 , 40 , -75 , 33 , 1569348046.5304012
0.710477823972 , 2.81829716035 , 0.0327900195058 , 39 , -75 , 37 , 1569348046.5880768
0.698981071246 , 2.82488027138 , 0.0332311408444 , 37 , -71 , 33 , 1569348046.6388335
0.68957122548 , 2.83122029835 , 0.0364660306611 , 39 , -79 , 37 , 1569348046.6939611
0.678605708078 , 2.83713836924 , 0.037054192446 , 39 , -79 , 37 , 1569348046.7476695
0.665727012776 , 2.84362220297 , 0.037054192446 , 37 , -79 , 41 , 1569348046.7958472
0.656206922138 , 2.84832947657 , 0.0372012328922 , 33 , -72 , 37 , 1569348046.8409832
0.645513126297 , 2.85332717694 , 0.0373482733384 , 35 , -72 , 41 , 1569348046.8989112
0.634184755122 , 2.85843940687 , 0.0377893946771 , 29 , -68 , 41 , 1569348046.944005
0.625225831032 , 2.86229434001 , 0.0364660306611 , 33 , -71 , 41 , 1569348046.9885912
0.61464668675 , 2.86691256193 , 0.034995626199 , 33 , -71 , 45 , 1569348047.0379972
0.605311688509 , 2.87077896455 , 0.0341133835217 , 31 , -75 , 45 , 1569348047.095067
0.592547168264 , 2.87593414429 , 0.0330841003982 , 33 , -71 , 45 , 1569348047.1401322
0.582682964076 , 2.87994038898 , 0.0324959386133 , 31 , -72 , 45 , 1569348047.1939855
0.570127516125 , 2.88489911313 , 0.0302903319201 , 31 , -75 , 45 , 1569348047.2511766
0.557533822294 , 2.88991197695 , 0.0291140083504 , 31 , -79 , 45 , 1569348047.3079028
0.544214806341 , 2.89511400327 , 0.0294080892428 , 33 , -79 , 48 , 1569348047.356841
0.533980090187 , 2.89908924782 , 0.0294080892428 , 29 , -79 , 49 , 1569348047.4022791
0.521987676128 , 2.90357178232 , 0.0292610487966 , 29 , -83 , 52 , 1569348047.4530005
0.509559784966 , 2.90807126435 , 0.0292610487966 , 29 , -82 , 52 , 1569348047.5007088
0.499932378551 , 2.91282041278 , 0.0332311408444 , 31 , -83 , 52 , 1569348047.5541987
0.487145397915 , 2.91734303219 , 0.0336722621831 , 29 , -86 , 56 , 1569348047.599071
0.473971408117 , 2.92179113425 , 0.0338193026293 , 31 , -86 , 56 , 1569348047.6563327
0.459480604102 , 2.92650026091 , 0.0342604239679 , 27 , -83 , 59 , 1569348047.7133813
0.444760273281 , 2.93077588796 , 0.0342604239679 , 27 , -87 , 56 , 1569348047.7714303
0.429747861963 , 2.93509741247 , 0.0345545048603 , 22 , -83 , 56 , 1569348047.8198128
0.418698683157 , 2.93818180367 , 0.0347015453066 , 23 , -83 , 56 , 1569348047.8696404
0.405843239858 , 2.94167710731 , 0.0347015453066 , 23 , -82 , 60 , 1569348047.923431
0.390743834405 , 2.94565360101 , 0.0341133835217 , 22 , -82 , 60 , 1569348047.971355
0.379360346503 , 2.94864754879 , 0.0342604239679 , 22 , -82 , 60 , 1569348048.0169196
0.365643602391 , 2.95189531722 , 0.0339663430755 , 23 , -90 , 67 , 1569348048.0744202
0.34611303947 , 2.95528498242 , 0.0319077768285 , 25 , -90 , 67 , 1569348048.1391823
0.330421250794 , 2.96001113 , 0.0333781812906 , 23 , -86 , 60 , 1569348048.1969807
0.315979142283 , 2.96333054223 , 0.0335252217368 , 22 , -86 , 60 , 1569348048.2424088
0.301934681529 , 2.96632574273 , 0.0336722621831 , 22 , -93 , 71 , 1569348048.2911463
0.28791799693 , 2.96848122265 , 0.0307314532588 , 22 , -94 , 74 , 1569348048.344431
0.271480231522 , 2.97247599922 , 0.0332311408444 , 22 , -90 , 71 , 1569348048.3933277
0.258621492758 , 2.97478793685 , 0.0335252217368 , 15 , -82 , 63 , 1569348048.4425962
0.244787337147 , 2.97728702946 , 0.0341133835217 , 19 , -101 , 85 , 1569348048.4961317
0.224516797748 , 2.9796422448 , 0.0320548172747 , 19 , -127 , 115 , 1569348048.5533547
0.202077427408 , 2.98188562509 , 0.0299962510277 , 18 , -135 , 122 , 1569348048.5980532
0.181007073755 , 2.98388072813 , 0.0283788061193 , 18 , -142 , 126 , 1569348048.6427999
0.156060861419 , 2.98613518177 , 0.0272024825496 , 23 , -141 , 126 , 1569348048.7012105
0.128018497213 , 2.98844645434 , 0.0266143207648 , 11 , -138 , 118 , 1569348048.7588906
0.101093778648 , 2.99066419813 , 0.0266143207648 , 18 , -128 , 111 , 1569348048.807703
0.0819339139956 , 2.99213842924 , 0.0277906443345 , 19 , -116 , 97 , 1569348048.8608518
0.059288077883 , 2.9935491636 , 0.0283788061193 , 5 , -127 , 111 , 1569348048.914088
0.0367333995679 , 2.99511688301 , 0.0316136959361 , 11 , -137 , 126 , 1569348048.9675004
0.011741779958 , 2.99390726746 , 0.0263202398723 , 0 , -141 , 135 , 1569348049.019943
-0.015578672003 , 2.99464128347 , 0.0330841003982 , 0 , -142 , 135 , 1569348049.0779076
-0.0428738917718 , 2.99429697569 , 0.0360249093225 , 0 , -138 , 129 , 1569348049.1270025
-0.0648345034416 , 2.99367323917 , 0.0369071519998 , 0 , -120 , 120 , 1569348049.1725907
-0.0884159994653 , 2.99235521036 , 0.0345545048603 , 0 , -115 , 112 , 1569348049.22171
-0.10850012763 , 2.99208025249 , 0.0367601115536 , 0 , -99 , 102 , 1569348049.2786334
-0.12938615761 , 2.99120030739 , 0.0361719497687 , 0 , -92 , 95 , 1569348049.3321936
-0.146788916634 , 2.99040280515 , 0.0352897070914 , 0 , -88 , 91 , 1569348049.3761542
-0.162885684012 , 2.98963883338 , 0.0342604239679 , 0 , -80 , 91 , 1569348049.4254413
-0.176559432735 , 2.98880677842 , 0.0323488981671 , 0 , -80 , 91 , 1569348049.4749508
-0.19221496728 , 2.98785292545 , 0.0299962510277 , 0 , -76 , 87 , 1569348049.527802
-0.207339819741 , 2.98692394607 , 0.0274965634421 , 0 , -76 , 84 , 1569348049.5688834
-0.219564675229 , 2.98611259957 , 0.0249968758564 , 0 , -69 , 80 , 1569348049.6188333
-0.233432059601 , 2.98512311852 , 0.0216149455935 , 0 , -69 , 87 , 1569348049.6712964
-0.249332179533 , 2.98402489102 , 0.0176448535457 , 0 , -65 , 80 , 1569348049.724233
-0.26281842223 , 2.98308835269 , 0.0139688423904 , 0 , -69 , 80 , 1569348049.769639
-0.27538051079 , 2.98162760454 , 0.0072049818645 , 0 , -69 , 83 , 1569348049.827528
-0.291587549681 , 2.98109175495 , 0.00499937517128 , 0 , -65 , 79 , 1569348049.8766716
-0.303052223612 , 2.98033598742 , 0.00132336401593 , 0 , -61 , 79 , 1569348049.921236
-0.316212970132 , 2.97942456426 , -0.00294080892428 , 0 , -61 , 83 , 1569348049.9746072
-0.329474262015 , 2.97856955352 , -0.00764610320314 , 0 , -61 , 80 , 1569348050.0275924
-0.342933836909 , 2.97766668277 , -0.0129395592669 , -3 , -57 , 76 , 1569348050.0726416
-0.353446852253 , 2.97676894327 , -0.0170566917608 , -3 , -57 , 75 , 1569348050.1139648
-0.364216346382 , 2.97527614807 , -0.0197034197927 , -50 , -56 , 75 , 1569348050.1669493
-0.376630389535 , 2.96914975004 , -0.0113221143585 , -63 , -52 , 71 , 1569348050.2118025
-0.386914882137 , 2.96264454152 , -0.00161744490836 , -66 , -52 , 78 , 1569348050.2528102
-0.397378566231 , 2.95550940931 , 0.00970466945014 , -66 , -53 , 71 , 1569348050.3066108
-0.411124042649 , 2.94576499367 , 0.0248498354102 , -58 , -56 , 71 , 1569348050.3673427
-0.422606682734 , 2.93840917602 , 0.0357308284301 , -51 , -52 , 74 , 1569348050.4084032
-0.432511031954 , 2.93238016252 , 0.0433769316332 , -43 , -52 , 79 , 1569348050.462565
-0.445615193782 , 2.92518392212 , 0.0504348730515 , -39 , -53 , 75 , 1569348050.518847
-0.457388294838 , 2.91941459117 , 0.0541108842068 , -33 , -52 , 79 , 1569348050.5641046
-0.469273009487 , 2.91426631007 , 0.0560224100076 , -23 , -52 , 75 , 1569348050.6217504
-0.483036783692 , 2.90907333238 , 0.0557283291152 , -19 , -60 , 82 , 1569348050.6785386
-0.495745317996 , 2.90492269475 , 0.0548460864379 , -22 , -56 , 79 , 1569348050.7198002
-0.50646496277 , 2.90156417801 , 0.0530816010833 , -19 , -52 , 79 , 1569348050.7731404
-0.520244542922 , 2.89733491177 , 0.050140792159 , -11 , -52 , 79 , 1569348050.8312936
-0.533746528888 , 2.8931607385 , 0.0467588618961 , -14 , -49 , 79 , 1569348050.8793142
-0.543813659782 , 2.88986487389 , 0.0442591743105 , -14 , -52 , 79 , 1569348050.9243758
-0.554176578273 , 2.88652551772 , 0.0419065271711 , -19 , -45 , 75 , 1569348050.9740746
-0.565203114771 , 2.88267973284 , 0.0395538800316 , -19 , -45 , 72 , 1569348051.0274372
-0.57969126306 , 2.87799631696 , 0.0369071519998 , -22 , -52 , 75 , 1569348051.084314
-0.589724493531 , 2.87432695745 , 0.0376423542308 , -18 , -52 , 75 , 1569348051.1302528
-0.600900829145 , 2.87021566643 , 0.0376423542308 , -27 , -45 , 71 , 1569348051.1866546
-0.613115745992 , 2.86539428253 , 0.0372012328922 , -22 , -45 , 72 , 1569348051.2358296
-0.622370044483 , 2.86163909492 , 0.0369071519998 , -23 , -41 , 68 , 1569348051.285401
-0.633892955614 , 2.85634915407 , 0.0360249093225 , -31 , -41 , 75 , 1569348051.3470206
-0.646128794674 , 2.85056860605 , 0.0352897070914 , -29 , -45 , 75 , 1569348051.3953714
-0.655603465664 , 2.84601289021 , 0.0347015453066 , -31 , -41 , 75 , 1569348051.4451256
-0.666312982356 , 2.84069315512 , 0.0342604239679 , -31 , -41 , 75 , 1569348051.4988005
-0.6808818041 , 2.83348484435 , 0.0338193026293 , -29 , -41 , 67 , 1569348051.563092
-0.690837335256 , 2.82864748606 , 0.0352897070914 , -33 , -45 , 67 , 1569348051.6126232
-0.699688263088 , 2.82425356653 , 0.0376423542308 , -31 , -45 , 71 , 1569348051.662398
-0.711367058232 , 2.81805449858 , 0.0399950013703 , -37 , -37 , 67 , 1569348051.7148404
-0.719837533601 , 2.81310213385 , 0.0413183653862 , -33 , -37 , 71 , 1569348051.7602956
-0.729908357877 , 2.80717736165 , 0.0419065271711 , -35 , -37 , 75 , 1569348051.8183022
-0.742931074621 , 2.80011610456 , 0.0402890822627 , -33 , -39 , 75 , 1569348051.8801258
-0.753178887133 , 2.79363560479 , 0.0410242844938 , -37 , -37 , 75 , 1569348051.9240496
-0.762113998762 , 2.78831970815 , 0.0401420418165 , -37 , -37 , 79 , 1569348051.9690714
-0.773410778783 , 2.78140718031 , 0.0361719497687 , -37 , -37 , 79 , 1569348052.0258312
-0.782843033913 , 2.77578216972 , 0.0374953137846 , -33 , -33 , 82 , 1569348052.0672915
-0.791741163023 , 2.77030422548 , 0.0355837879838 , -35 , -37 , 78 , 1569348052.1208496
-0.803023957532 , 2.76352874438 , 0.0338193026293 , -23 , -41 , 82 , 1569348052.1737986
-0.81415150819 , 2.75898717813 , 0.0282317656731 , -33 , -37 , 76 , 1569348052.2189243
-0.824822400423 , 2.75287248494 , 0.0263202398723 , -37 , -37 , 79 , 1569348052.26825
-0.83592193507 , 2.7460685391 , 0.0255850376413 , -43 , -41 , 79 , 1569348052.3292863
-0.847123216298 , 2.73927027968 , 0.0266143207648 , -37 , -37 , 75 , 1569348052.3702538
-0.856026846423 , 2.73369527146 , 0.0272024825496 , -44 , -37 , 72 , 1569348052.415595
-0.865859673233 , 2.72680404634 , 0.0280847252269 , -44 , -31 , 72 , 1569348052.4726813
-0.875340762963 , 2.71966232075 , 0.0285258465656 , -41 , -30 , 68 , 1569348052.5177658
-0.883792576646 , 2.71218235484 , 0.0270554421034 , -48 , -26 , 71 , 1569348052.5671775
-0.891118641815 , 2.70563992027 , 0.0272024825496 , -47 , -26 , 68 , 1569348052.6201332
-0.89976167507 , 2.69771904354 , 0.0269084016572 , -43 , -22 , 67 , 1569348052.673102
-0.907784966703 , 2.6900689821 , 0.0266143207648 , -48 , -34 , 71 , 1569348052.714223
-0.916280801273 , 2.68372229734 , 0.028819927458 , -44 , -33 , 75 , 1569348052.759806
-0.927234352707 , 2.67577637287 , 0.0279376847807 , -48 , -30 , 71 , 1569348052.8166385
-0.935217784072 , 2.66870587139 , 0.0307314532588 , -44 , -26 , 68 , 1569348052.8621745
-0.944045163061 , 2.66136293451 , 0.0319077768285 , -41 , -26 , 68 , 1569348052.9111817
-0.951459298976 , 2.65550795117 , 0.0332311408444 , -41 , -30 , 67 , 1569348052.9559808
-0.959009840217 , 2.64961041587 , 0.0344074644141 , -43 , -26 , 71 , 1569348053.0089595
-0.967916499356 , 2.64251096136 , 0.0352897070914 , -44 , -26 , 71 , 1569348053.0502193
-0.976905724646 , 2.63517687487 , 0.0363189902149 , -48 , -30 , 67 , 1569348053.1040354
-0.986015223487 , 2.62735364115 , 0.0383775564619 , -51 , -30 , 71 , 1569348053.1646724
-0.996555044092 , 2.61808617791 , 0.0407302036013 , -48 , -30 , 75 , 1569348053.2137017
-1.00416865496 , 2.6112050969 , 0.0410242844938 , -48 , -22 , 71 , 1569348053.2587578
-1.01130592056 , 2.60456493648 , 0.0407302036013 , -44 , -22 , 67 , 1569348053.2996411
-1.01815959283 , 2.59805035555 , 0.0401420418165 , -43 , -22 , 67 , 1569348053.352857
-1.02604492912 , 2.59060379861 , 0.0392597991392 , -44 , -18 , 68 , 1569348053.3939078
-1.03300049126 , 2.58398383922 , 0.0385245969081 , -48 , -18 , 71 , 1569348053.4389374
-1.04010275123 , 2.57727965332 , 0.0377893946771 , -48 , -22 , 68 , 1569348053.4840908
-1.04724879367 , 2.570327603 , 0.0366130711073 , -45 , -18 , 75 , 1569348053.528925
-1.05433522151 , 2.56285527457 , 0.0348485857528 , -39 , 0 , 79 , 1569348053.5784302
-1.06129655654 , 2.55559596461 , 0.0230853500556 , -48 , -3 , 73 , 1569348053.623825
-1.06749911731 , 2.54751633371 , 0.0166155704222 , -51 , 0 , 76 , 1569348053.6728215
-1.0741674502 , 2.53815687505 , 0.00985170989635 , -49 , -3 , 73 , 1569348053.718136
-1.08018166115 , 2.52971591069 , 0.00499937517128 , -48 , -3 , 73 , 1569348053.762511
-1.08609508462 , 2.5220033877 , -0.000588161784857 , -49 , 0 , 73 , 1569348053.8076286
-1.09200330083 , 2.51401668346 , -0.00602865829478 , -48 , 0 , 69 , 1569348053.8525646
-1.09853689176 , 2.50584224413 , -0.0130865997131 , -51 , 0 , 61 , 1569348053.910686
-1.10533106114 , 2.49699033706 , -0.0111750739123 , -48 , -41 , 60 , 1569348053.9552512
-1.11376279895 , 2.49163637756 , -0.00323488981671 , -52 , -52 , 63 , 1569348054.0005152
-1.12428305539 , 2.48555202457 , 0.00911650766528 , -51 , -52 , 60 , 1569348054.0599759
-1.13772025336 , 2.47852862595 , 0.0230853500556 , -52 , -49 , 60 , 1569348054.117849
-1.14747687692 , 2.47134501327 , 0.0363189902149 , -52 , -41 , 60 , 1569348054.1640272
-1.15510994443 , 2.46553235409 , 0.0442591743105 , -52 , -30 , 60 , 1569348054.2088888
-1.16195541745 , 2.45932855128 , 0.0502878326053 , -48 , -22 , 56 , 1569348054.249854
-1.16768890804 , 2.4529138858 , 0.055581288669 , -52 , -5 , 59 , 1569348054.2868211
-1.17215390702 , 2.44692937625 , 0.0567576122387 , -53 , -11 , 64 , 1569348054.323931
-1.17776019588 , 2.4389715452 , 0.0554342482228 , -56 , -3 , 64 , 1569348054.3728254
-1.18231717326 , 2.43113591318 , 0.0552872077765 , -58 , 0 , 62 , 1569348054.4139738
-1.18792943949 , 2.42220733538 , 0.051464156175 , -59 , 0 , 66 , 1569348054.4590466
-1.19245622924 , 2.41414123964 , 0.0495526303742 , -56 , 0 , 69 , 1569348054.5001092
-1.1975176059 , 2.40580631589 , 0.0458766192188 , -53 , 0 , 69 , 1569348054.5448875
-1.20264895749 , 2.39729247688 , 0.0424946889559 , -52 , 0 , 69 , 1569348054.5905519
-1.208714273 , 2.38730347874 , 0.0385245969081 , -56 , 0 , 69 , 1569348054.6395547
-1.21472033863 , 2.37728653266 , 0.0351426666452 , -53 , 0 , 65 , 1569348054.6924262
-1.21966440156 , 2.36917350909 , 0.0322018577209 , -53 , 0 , 65 , 1569348054.7340097
-1.22449170616 , 2.36121935001 , 0.0295551296891 , -55 , 0 , 65 , 1569348054.7872448
-1.23030377018 , 2.35148866092 , 0.0269084016572 , -45 , 0 , 61 , 1569348054.8316226
-1.2349891305 , 2.34571709889 , 0.0197034197927 , -49 , 0 , 65 , 1569348054.872817
-1.23982091158 , 2.33793752906 , 0.0172037322071 , -59 , 0 , 61 , 1569348054.9219706
-1.24541740478 , 2.32848072942 , 0.0155862872987 , -59 , 0 , 61 , 1569348054.9750926
-1.25187657845 , 2.31751096715 , 0.0139688423904 , -59 , 0 , 65 , 1569348055.0327134
-1.25802220792 , 2.30708716227 , 0.0124984379282 , -64 , -3 , 65 , 1569348055.0775316
-1.26332967358 , 2.29808006634 , 0.0122043570358 , -63 , 0 , 61 , 1569348055.1266115
-1.26862683161 , 2.28801297867 , 0.0138218019441 , -64 , -3 , 57 , 1569348055.1719763
-1.27414923796 , 2.27790605724 , 0.0157333277449 , -63 , 0 , 61 , 1569348055.2209122
-1.27890367159 , 2.26942096398 , 0.0160274086373 , -63 , 0 , 61 , 1569348055.2740688
-1.28521151256 , 2.25836687779 , 0.0170566917608 , -59 , -3 , 57 , 1569348055.3232772
-1.28981957235 , 2.25046458212 , 0.0177918939919 , -56 , 0 , 61 , 1569348055.3684661
-1.29555316275 , 2.24086224347 , 0.0167626108684 , -59 , -3 , 65 , 1569348055.4218032
-1.30068030239 , 2.23203056715 , 0.0170566917608 , -56 , 0 , 60 , 1569348055.4665532
-1.30547712696 , 2.22384563398 , 0.0172037322071 , -57 , 0 , 57 , 1569348055.5076203
-1.31008306352 , 2.21588679373 , 0.0172037322071 , -59 , -3 , 61 , 1569348055.5612173
-1.31637789695 , 2.20482529512 , 0.0177918939919 , -60 , 0 , 58 , 1569348055.6102452
-1.32097517532 , 2.1966402811 , 0.0179389344381 , -60 , 0 , 57 , 1569348055.655056
-1.32575876318 , 2.18811592088 , 0.018527096223 , -60 , 0 , 60 , 1569348055.7004795
-1.3311502471 , 2.17871117496 , 0.0189682175616 , -59 , 0 , 61 , 1569348055.7532825
-1.33648867118 , 2.16927703681 , 0.0188211771154 , -60 , 0 , 61 , 1569348055.7985706
-1.34163916504 , 2.16007078839 , 0.0194093389003 , -56 , 0 , 53 , 1569348055.8475356
-1.34589917586 , 2.15263909869 , 0.0204386220238 , -55 , 0 , 54 , 1569348055.9007242
-1.35041440493 , 2.14385636571 , 0.0227912691632 , -52 , 0 , 52 , 1569348055.9460444
-1.35483385214 , 2.13601487443 , 0.0239675927329 , -49 , 0 , 60 , 1569348055.9826891
-1.35897792187 , 2.12918061567 , 0.0229383096094 , -45 , 0 , 53 , 1569348056.028705
-1.36191864628 , 2.12444632752 , 0.0222031073783 , -60 , -3 , 53 , 1569348056.0727477
-1.36605119891 , 2.1165580212 , 0.0239675927329 , -64 , 0 , 53 , 1569348056.1180387
-1.3708983074 , 2.10674466369 , 0.0263202398723 , -64 , -3 , 53 , 1569348056.1678407
-1.37553764712 , 2.09726015983 , 0.0295551296891 , -59 , 0 , 50 , 1569348056.2281184
-1.37868071107 , 2.08894997113 , 0.0366130711073 , -64 , -3 , 50 , 1569348056.2695355
-1.38249755889 , 2.08078666938 , 0.0398479609241 , -64 , -3 , 53 , 1569348056.315291
-1.38741328393 , 2.07046920745 , 0.0430828507408 , -63 , 0 , 57 , 1569348056.3758633
-1.39239229664 , 2.06013172947 , 0.0458766192188 , -65 , -3 , 61 , 1569348056.4205077
-1.39687602817 , 2.05122811529 , 0.047347023681 , -60 , 0 , 61 , 1569348056.4624758
-1.40197311027 , 2.04122541216 , 0.0476411045734 , -63 , 0 , 57 , 1569348056.5194037
-1.4066779129 , 2.03118383418 , 0.0498467112666 , -64 , 0 , 58 , 1569348056.5726497
-1.41144886295 , 2.02095966367 , 0.0520523179598 , -60 , 0 , 57 , 1569348056.6131473
-1.41575435491 , 2.01245457991 , 0.0526404797447 , -60 , 0 , 64 , 1569348056.6585975
-1.4206229535 , 2.00369322057 , 0.0533756819758 , -60 , -3 , 61 , 1569348056.7115982
-1.42615986661 , 1.99304571742 , 0.0541108842068 , -64 , 0 , 57 , 1569348056.7570856
-1.43103968676 , 1.98293292838 , 0.0552872077765 , -60 , 0 , 58 , 1569348056.8100584
-1.43574213399 , 1.97332721188 , 0.0560224100076 , -59 , 0 , 50 , 1569348056.8632388
-1.44005726648 , 1.96385129196 , 0.0582280167008 , -60 , 0 , 50 , 1569348056.9083812
-1.44365010548 , 1.95563810895 , 0.0607277042865 , -60 , 0 , 46 , 1569348056.953533
-1.44714866937 , 1.94700061463 , 0.0636685132108 , -52 , 0 , 42 , 1569348057.003763
-1.45036050906 , 1.93881743915 , 0.0671974839199 , -59 , 0 , 42 , 1569348057.055742
-1.45369905315 , 1.9300524907 , 0.0717557377525 , -64 , 0 , 42 , 1569348057.1009057
-1.45707010413 , 1.92093108745 , 0.0767551129238 , -64 , 0 , 42 , 1569348057.1584935
-1.46055422386 , 1.91133241624 , 0.0820485689875 , -60 , 0 , 41 , 1569348057.2034347
-1.4635189559 , 1.90192215712 , 0.0869009037126 , -60 , 3 , 46 , 1569348057.2524211
-1.46604592674 , 1.89413025967 , 0.0908709957604 , -60 , 0 , 41 , 1569348057.306204
-1.46811085156 , 1.88426366593 , 0.0996934225332 , -63 , 34 , 45 , 1569348057.3545022
-1.46796364372 , 1.87501294895 , 0.0961644518241 , -59 , 60 , 41 , 1569348057.3998783
-1.46571881473 , 1.86484456541 , 0.0858716205891 , -55 , 75 , 48 , 1569348057.4492645
-1.4625369142 , 1.85101384716 , 0.0621981087486 , -59 , 68 , 48 , 1569348057.510446
-1.45862425922 , 1.83723362342 , 0.0454354978802 , -59 , 64 , 48 , 1569348057.5595527
-1.45689424189 , 1.82581803107 , 0.0348485857528 , -59 , 52 , 49 , 1569348057.6132045
-1.45611154501 , 1.81170026132 , 0.0204386220238 , -59 , 41 , 52 , 1569348057.6744618
-1.45655932722 , 1.80045781251 , 0.0107339525736 , -56 , 37 , 45 , 1569348057.719191
-1.45636959225 , 1.79179866795 , 0.00838130543421 , -59 , 26 , 48 , 1569348057.7689495
-1.45691831954 , 1.78221110633 , 0.00867538632664 , -63 , 18 , 45 , 1569348057.8133433
-1.45906901847 , 1.77353143952 , 0.00852834588042 , -63 , 3 , 45 , 1569348057.858489
-1.46180545855 , 1.76529412361 , 0.010292831235 , -60 , 7 , 45 , 1569348057.9036746
-1.46496312964 , 1.75707544582 , 0.0130865997131 , -51 , 0 , 45 , 1569348057.9539657
-1.46900435297 , 1.74785821159 , 0.016468529976 , -60 , 0 , 42 , 1569348058.0055194
-1.47163105938 , 1.73985162967 , 0.0248498354102 , -63 , 0 , 46 , 1569348058.0552557
-1.47545572521 , 1.73014303613 , 0.0302903319201 , -71 , 3 , 50 , 1569348058.1048717
-1.47935315642 , 1.71976710977 , 0.0363189902149 , -64 , 0 , 42 , 1569348058.1536222
-1.4824500844 , 1.71171504469 , 0.0413183653862 , -64 , 0 , 42 , 1569348058.198804
-1.48608331453 , 1.7023654903 , 0.0471999832348 , -57 , 0 , 46 , 1569348058.2480874
-1.48977925352 , 1.69343666733 , 0.051464156175 , -63 , 0 , 42 , 1569348058.3048608
-1.49336720224 , 1.68407614425 , 0.0561694504538 , -60 , 0 , 46 , 1569348058.3503575
-1.4964313803 , 1.67564921451 , 0.060433623394 , -59 , 3 , 46 , 1569348058.4038146
-1.49990822934 , 1.66581069948 , 0.064550755888 , -56 , 19 , 45 , 1569348058.4565163
-1.50145948073 , 1.65605180869 , 0.0623451491948 , -60 , 52 , 45 , 1569348058.5015812
-1.50015322839 , 1.64600022404 , 0.0541108842068 , -56 , 56 , 37 , 1569348058.5471022
-1.49818381973 , 1.6346916114 , 0.0435239720794 , -60 , 64 , 37 , 1569348058.5998037
-1.49484166679 , 1.62356760764 , 0.0341133835217 , -63 , 60 , 34 , 1569348058.6446764
-1.49261349645 , 1.61360818005 , 0.0258791185337 , -63 , 52 , 34 , 1569348058.6902945
-1.49064933569 , 1.60317888112 , 0.0188211771154 , -63 , 45 , 34 , 1569348058.739349
-1.48928523906 , 1.59241870142 , 0.0132336401593 , -63 , 45 , 34 , 1569348058.7843173
-1.48867864398 , 1.58315060575 , 0.00985170989635 , -74 , 41 , 45 , 1569348058.8336668
-1.48889047317 , 1.57026862109 , 0.00646977963343 , -89 , 41 , 56 , 1569348058.8785758
-1.4896297518 , 1.55738429581 , 0.00441121338643 , -100 , 48 , 59 , 1569348058.9243855
-1.49053517339 , 1.54324369574 , 0.00323488981671 , -111 , 48 , 60 , 1569348058.9686255
-1.49159670235 , 1.52734363598 , 0.00426417294021 , -114 , 44 , 64 , 1569348059.0219173
-1.49319942232 , 1.50602015438 , 0.00235264713943 , -116 , 48 , 59 , 1569348059.0797186
-1.49426985183 , 1.48794190395 , 0.00867538632664 , -114 , 48 , 56 , 1569348059.1243668
-1.49480573677 , 1.47162103292 , 0.0114691548047 , -115 , 52 , 52 , 1569348059.177708
-1.49535754994 , 1.45222467529 , 0.0135277210517 , -109 , 41 , 48 , 1569348059.238728
-1.49492857557 , 1.4312473575 , 0.0213208647011 , -107 , 44 , 45 , 1569348059.288361
-1.49475982433 , 1.41652444904 , 0.0245557545178 , -95 , 45 , 45 , 1569348059.3415716
-1.49443983764 , 1.40152524711 , 0.0272024825496 , -90 , 37 , 41 , 1569348059.3862152
-1.4939641748 , 1.38938079883 , 0.0298492105815 , -82 , 37 , 34 , 1569348059.4314475
-1.49346804372 , 1.37762860539 , 0.0323488981671 , -71 , 41 , 33 , 1569348059.4847505
-1.49258729348 , 1.36387661836 , 0.0326429790596 , -71 , 37 , 33 , 1569348059.5335329
-1.49183379933 , 1.35414577434 , 0.032937059952 , -70 , 37 , 30 , 1569348059.5788538
-1.49104656067 , 1.34494727396 , 0.0333781812906 , -66 , 34 , 26 , 1569348059.6282258
-1.49003197954 , 1.3348620732 , 0.0344074644141 , -60 , 35 , 26 , 1569348059.6811376
-1.48883279653 , 1.32534300357 , 0.0339663430755 , -60 , 34 , 26 , 1569348059.7264738
-1.4876928407 , 1.31744285697 , 0.0372012328922 , -56 , 22 , 18 , 1569348059.7713108
-1.48761610482 , 1.31017688572 , 0.0408772440476 , -55 , 30 , 26 , 1569348059.82028
-1.48643225256 , 1.30136165491 , 0.0410242844938 , -56 , 34 , 22 , 1569348059.865292
-1.48513986926 , 1.29347371992 , 0.0402890822627 , -67 , 45 , 26 , 1569348059.9105978
-1.48321456836 , 1.2841566447 , 0.0394068395854 , -59 , 37 , 26 , 1569348059.9642797
-1.48100077268 , 1.27468181684 , 0.0394068395854 , -60 , 41 , 26 , 1569348060.0087416
-1.47935957224 , 1.2662189106 , 0.0382305160157 , -59 , 38 , 26 , 1569348060.0499392
-1.47777774999 , 1.2577801474 , 0.0376423542308 , -60 , 37 , 22 , 1569348060.0952458
-1.47623768128 , 1.24903153739 , 0.0372012328922 , -66 , 42 , 26 , 1569348060.1479173
-1.47423565401 , 1.23817485176 , 0.0366130711073 , -59 , 41 , 26 , 1569348060.1890247
-1.47270254559 , 1.22936882329 , 0.0358778688763 , -63 , 41 , 26 , 1569348060.2341375
-1.47087900293 , 1.21903476495 , 0.0354367475376 , -63 , 41 , 22 , 1569348060.2834647
-1.46915687899 , 1.2100662759 , 0.0351426666452 , -64 , 45 , 22 , 1569348060.3281648
-1.46743739258 , 1.2010972808 , 0.0348485857528 , -63 , 45 , 26 , 1569348060.3739712
-1.46644368924 , 1.19064892743 , 0.0374953137846 , -66 , 38 , 26 , 1569348060.435801
-1.46487262134 , 1.17974858739 , 0.0385245969081 , -67 , 43 , 26 , 1569348060.4880383
-1.46266281414 , 1.16890201557 , 0.0374953137846 , -67 , 45 , 22 , 1569348060.5330892
-1.4597344707 , 1.15925475628 , 0.0382305160157 , -67 , 45 , 22 , 1569348060.5828807
-1.45659768153 , 1.14687745898 , 0.0373482733384 , -67 , 53 , 22 , 1569348060.6354809
-1.45386209327 , 1.13716670542 , 0.0360249093225 , -67 , 52 , 22 , 1569348060.67659
-1.45099730269 , 1.12754132742 , 0.0351426666452 , -66 , 49 , 22 , 1569348060.7304583
-1.44681297984 , 1.11594735923 , 0.0333781812906 , -63 , 49 , 22 , 1569348060.7832747
-1.44419777333 , 1.10577583801 , 0.0354367475376 , -63 , 45 , 18 , 1569348060.828194
-1.44151030507 , 1.09552767588 , 0.0344074644141 , -63 , 45 , 22 , 1569348060.8776803
-1.43850031991 , 1.08685365442 , 0.0345545048603 , -62 , 45 , 22 , 1569348060.9314976
-1.43652403721 , 1.07730566709 , 0.0355837879838 , -63 , 34 , 22 , 1569348060.975532
-1.43546205902 , 1.0692364116 , 0.0436710125256 , -71 , 34 , 18 , 1569348061.0207586
-1.43304211668 , 1.05930295969 , 0.0504348730515 , -67 , 48 , 15 , 1569348061.077939
-1.42951902805 , 1.04901879977 , 0.0510230348363 , -63 , 52 , 15 , 1569348061.122847
-1.42605258455 , 1.03996437216 , 0.050140792159 , -64 , 56 , 15 , 1569348061.1680522
-1.42261865535 , 1.03043012082 , 0.048082225912 , -71 , 52 , 22 , 1569348061.2181513
-1.41875592351 , 1.01962377871 , 0.048082225912 , -67 , 51 , 15 , 1569348061.2702637
-1.41484082974 , 1.00873604618 , 0.0458766192188 , -59 , 53 , 18 , 1569348061.3153365
-1.41109419088 , 0.999930607581 , 0.0441121338643 , -62 , 56 , 15 , 1569348061.3690503
-1.40662746026 , 0.988718097982 , 0.0414654058324 , -63 , 60 , 18 , 1569348061.4137878
-1.40281605591 , 0.979732747693 , 0.0392597991392 , -63 , 56 , 15 , 1569348061.4588194
-1.39848174345 , 0.96925053307 , 0.037054192446 , -67 , 56 , 15 , 1569348061.5082011
-1.39563395641 , 0.960353990038 , 0.0382305160157 , -66 , 45 , 18 , 1569348061.5613801
-1.39281475255 , 0.949949571447 , 0.0416124462786 , -67 , 49 , 15 , 1569348061.6062298
-1.38840628134 , 0.939451682456 , 0.0436710125256 , -71 , 56 , 11 , 1569348061.655349
-1.38417612451 , 0.930212550363 , 0.0466118214499 , -67 , 57 , 3 , 1569348061.705066
-1.37858134645 , 0.919314265509 , 0.0496996708204 , -67 , 56 , 0 , 1569348061.7535083
-1.37390362519 , 0.910987437723 , 0.0519052775136 , -64 , 57 , 0 , 1569348061.7943375
-1.36902294911 , 0.902848389919 , 0.0536697628682 , -64 , 60 , 0 , 1569348061.8436995
-1.36332369166 , 0.893278338477 , 0.0546990459917 , -67 , 64 , 3 , 1569348061.8887122
-1.35804694596 , 0.884529870957 , 0.053522722422 , -63 , 64 , 3 , 1569348061.9338732
-1.35262806142 , 0.875643480044 , 0.054257924653 , -64 , 56 , 3 , 1569348061.979055
-1.3475016453 , 0.866912709586 , 0.0549931268841 , -63 , 57 , 3 , 1569348062.0285933
-1.34209498227 , 0.857613204727 , 0.0561694504538 , -64 , 56 , 3 , 1569348062.073041
-1.33726372336 , 0.849266460743 , 0.0571987335773 , -68 , 60 , 0 , 1569348062.1179485
-1.33219869185 , 0.840377919237 , 0.058375057147 , -63 , 52 , 0 , 1569348062.163787
-1.32645876649 , 0.830078934553 , 0.0589632189319 , -60 , 57 , 0 , 1569348062.2161715
-1.32159047537 , 0.822334243904 , 0.0591102593781 , -60 , 56 , 0 , 1569348062.2617037
-1.31570961789 , 0.812243280199 , 0.0580809762546 , -63 , 64 , 30 , 1569348062.3109534
-1.31226034326 , 0.800438332241 , 0.0483763068045 , -67 , 64 , 49 , 1569348062.3638067
-1.31045518449 , 0.789169741894 , 0.0380834755695 , -71 , 64 , 49 , 1569348062.4050772
-1.30875759533 , 0.777659829165 , 0.0279376847807 , -74 , 63 , 45 , 1569348062.4584787
-1.30627182967 , 0.761463213693 , 0.0155862872987 , -78 , 68 , 41 , 1569348062.5110676
-1.30410043248 , 0.749454455574 , 0.00735202231071 , -74 , 67 , 30 , 1569348062.5568902
-1.30106063824 , 0.737491213918 , 0.00161744490836 , -79 , 64 , 18 , 1569348062.6102295
-1.29644064224 , 0.723278386359 , -0.000441121338643 , -70 , 63 , -3 , 1569348062.6674328
-1.29073595767 , 0.711318539652 , 0.000588161784857 , -67 , 64 , 0 , 1569348062.7118938
-1.28477742944 , 0.700063155317 , 0.00264672803186 , -74 , 67 , -3 , 1569348062.7617788
-1.27884642547 , 0.689685997967 , 0.00441121338643 , -72 , 68 , 0 , 1569348062.8060381
-1.27367627424 , 0.680433403165 , 0.00544049650993 , -64 , 64 , 0 , 1569348062.851246
-1.26840073664 , 0.671354284962 , 0.00558753695614 , -64 , 64 , 0 , 1569348062.8960297
-1.26302739883 , 0.662332357826 , 0.0051464156175 , -49 , 64 , 0 , 1569348062.9419115
-1.25679480605 , 0.654821158838 , -0.00323488981671 , -60 , 68 , 0 , 1569348062.9904835
-1.25140268564 , 0.64631061525 , -0.00558753695614 , -64 , 75 , 0 , 1569348063.0357585
-1.24521376973 , 0.636749134866 , -0.00852834588042 , -60 , 72 , 0 , 1569348063.0808444
-1.23838653075 , 0.625878631188 , -0.0116161952509 , -67 , 69 , 0 , 1569348063.1379938
-1.23217028021 , 0.615273200951 , -0.0127925188206 , -68 , 72 , 0 , 1569348063.1831691
-1.22663175577 , 0.605618935383 , -0.0133806806055 , -68 , 72 , 0 , 1569348063.2322304
-1.22029467976 , 0.594581583026 , -0.0141158828366 , -68 , 72 , 0 , 1569348063.2854497
-1.21363452016 , 0.583004030229 , -0.0149981255138 , -68 , 75 , 0 , 1569348063.3305666
-1.2064039688 , 0.571411897368 , -0.0163214895298 , -67 , 73 , 0 , 1569348063.3845074
-1.19956123786 , 0.560710410875 , -0.0182330153306 , -63 , 75 , -3 , 1569348063.4327056
-1.19348862945 , 0.551350765655 , -0.0201445411313 , -67 , 80 , 0 , 1569348063.4777498
-1.18606974286 , 0.540023953637 , -0.0233794309481 , -67 , 79 , -37 , 1569348063.527622
-1.17625505378 , 0.531271126808 , -0.0174978130995 , -70 , 82 , -67 , 1569348063.5722044
-1.16437654804 , 0.524189535014 , -0.00382305160157 , -67 , 82 , -79 , 1569348063.6170986
-1.1492581979 , 0.516951699041 , 0.0148510850676 , -66 , 86 , -86 , 1569348063.671601
-1.13328613275 , 0.510315490554 , 0.0342604239679 , -63 , 85 , -83 , 1569348063.7319922
-1.1156934263 , 0.502755866053 , 0.053522722422 , -63 , 86 , -71 , 1569348063.7772453
-1.10084065465 , 0.495969616852 , 0.0674915648123 , -62 , 82 , -56 , 1569348063.830343
-1.08782194372 , 0.489205214715 , 0.0776373556011 , -59 , 82 , -48 , 1569348063.8756106
-1.07672843444 , 0.482614342863 , 0.0839600947883 , -59 , 82 , -34 , 1569348063.9203246
-1.06693423618 , 0.475868762156 , 0.0866068228202 , -60 , 79 , -22 , 1569348063.965438
-1.05630943699 , 0.467060401756 , 0.0863127419277 , -56 , 86 , -15 , 1569348064.0193624
-1.04663696538 , 0.457998486178 , 0.0816074476489 , -59 , 87 , -11 , 1569348064.067676
-1.03847646383 , 0.449639952905 , 0.0770491938162 , -63 , 86 , -3 , 1569348064.1128094
-1.0303400302 , 0.440432795114 , 0.0721968590912 , -63 , 86 , 0 , 1569348064.162187
-1.02125468043 , 0.429521470666 , 0.0661682007964 , -68 , 87 , 0 , 1569348064.2151809
-1.01237089061 , 0.418406591094 , 0.0598454616092 , -72 , 95 , 0 , 1569348064.256238
-1.00434058042 , 0.408168420204 , 0.054257924653 , -71 , 95 , 0 , 1569348064.3016303
-0.995527844702 , 0.396700078163 , 0.0483763068045 , -67 , 95 , 0 , 1569348064.3528743
-0.986330154589 , 0.384838396563 , 0.0414654058324 , -68 , 98 , 0 , 1569348064.3993213
-0.978295976762 , 0.374462389408 , 0.0354367475376 , -70 , 101 , -3 , 1569348064.44043
-0.969736270131 , 0.363835347516 , 0.0291140083504 , -70 , 101 , 0 , 1569348064.4947019
-0.959014846294 , 0.349753571767 , 0.0208797433624 , -72 , 102 , 0 , 1569348064.5426698
-0.950946475152 , 0.338856326557 , 0.0142629232828 , -72 , 98 , -3 , 1569348064.5878348
-0.942165075271 , 0.327134800156 , 0.00749906275692 , -67 , 98 , -3 , 1569348064.6422238
-0.932098653613 , 0.314079209234 , -0.000735202231071 , -63 , 93 , -3 , 1569348064.685938
-0.924218789241 , 0.303708532084 , -0.0072049818645 , -68 , 101 , -3 , 1569348064.7312002
-0.916117868801 , 0.293005629901 , -0.0142629232828 , -71 , 102 , 0 , 1569348064.780713
-0.905578115322 , 0.278717385492 , -0.0242616736253 , -71 , 101 , -41 , 1569348064.841444
-0.891874867651 , 0.266954979634 , -0.0235264713943 , -63 , 104 , -78 , 1569348064.8871562
-0.877002748453 , 0.25925538158 , -0.0127925188206 , -63 , 108 , -104 , 1569348064.940894
-0.854751560025 , 0.250924005681 , 0.00573457740235 , -67 , 111 , -111 , 1569348064.9926727
-0.835649566368 , 0.244607775587 , 0.0222031073783 , -63 , 115 , -114 , 1569348065.038048
-0.816110607004 , 0.238754143684 , 0.0376423542308 , -66 , 116 , -111 , 1569348065.0842369
-0.796112524646 , 0.232350157 , 0.0529345606371 , -70 , 117 , -104 , 1569348065.1369643
-0.775154517018 , 0.225487188726 , 0.0683738074896 , -66 , 119 , -96 , 1569348065.1821718
-0.757124364996 , 0.21930107775 , 0.0792548005095 , -66 , 119 , -89 , 1569348065.2269588
-0.739328031836 , 0.21281124767 , 0.0867538632664 , -62 , 127 , -77 , 1569348065.280606
-0.718595099701 , 0.204518902271 , 0.0907239553142 , -63 , 131 , -66 , 1569348065.3250892
-0.701902524081 , 0.197284934084 , 0.0907239553142 , -63 , 134 , -63 , 1569348065.3703685
-0.684956439129 , 0.189400755241 , 0.088518348621 , -66 , 136 , -59 , 1569348065.423634
-0.664233763372 , 0.179235569992 , 0.0855775396967 , -63 , 138 , -56 , 1569348065.4685388
-0.647974796559 , 0.17087235498 , 0.0811663263102 , -67 , 142 , -55 , 1569348065.5134947
-0.631532777689 , 0.162119044435 , 0.0763139915852 , -66 , 142 , -55 , 1569348065.559252
-0.61114073548 , 0.151209711169 , 0.0695501310593 , -62 , 142 , -55 , 1569348065.6200545
-0.591866058548 , 0.141210249586 , 0.0629333109797 , -59 , 142 , -59 , 1569348065.6650128
-0.574537958128 , 0.132448634662 , 0.0570516931311 , -58 , 143 , -63 , 1569348065.7189822
-0.552240523427 , 0.121381525835 , 0.0504348730515 , -62 , 147 , -66 , 1569348065.7756963
-0.531686275143 , 0.111565433779 , 0.0454354978802 , -59 , 146 , -70 , 1569348065.821095
-0.513233070355 , 0.103091581711 , 0.0410242844938 , -48 , 145 , -74 , 1569348065.865939
-0.495346744792 , 0.0956331325987 , 0.0358778688763 , -54 , 145 , -78 , 1569348065.914748
-0.474360012178 , 0.0869653524633 , 0.0317607363823 , -52 , 145 , -78 , 1569348065.9599388
-0.456163721463 , 0.0795772166777 , 0.0295551296891 , -55 , 145 , -86 , 1569348066.0051386
-0.436170540209 , 0.0730410676275 , 0.0322018577209 , -51 , 146 , -92 , 1569348066.0544376
-0.414735766109 , 0.064423471192 , 0.0286728870118 , -51 , 145 , -99 , 1569348066.1075034
-0.39157149642 , 0.0568148845534 , 0.0292610487966 , -48 , 149 , -103 , 1569348066.1528096
-0.370373470915 , 0.0503920264786 , 0.0301432914739 , -43 , 149 , -107 , 1569348066.2071779
-0.342709122455 , 0.0432603148034 , 0.0319077768285 , -40 , 152 , -115 , 1569348066.255021
-0.320953009593 , 0.0381407418624 , 0.0335252217368 , -40 , 149 , -114 , 1569348066.3001852
-0.298712513113 , 0.0332959604505 , 0.0345545048603 , -31 , 150 , -119 , 1569348066.3535724
-0.270160859694 , 0.0281329796955 , 0.0357308284301 , -31 , 149 , -122 , 1569348066.4116688
-0.242937777691 , 0.0237665912439 , 0.0363189902149 , -29 , 156 , -133 , 1569348066.4598262
-0.218869912893 , 0.0210347567539 , 0.0376423542308 , -25 , 170 , -154 , 1569348066.5048509
-0.188314650137 , 0.0184671262164 , 0.0401420418165 , -19 , 179 , -165 , 1569348066.5628002
-0.152058916409 , 0.0164841819095 , 0.0427887698483 , -19 , 178 , -166 , 1569348066.6196945
-0.119741508701 , 0.0150715206188 , 0.0448473360953 , -18 , 174 , -162 , 1569348066.6645002
-0.0920349334357 , 0.0139937587306 , 0.0463177405575 , -18 , 174 , -159 , 1569348066.7104378
