0.0 , 0.0 , 0.0 , 0 , 0 , 0 , 1569438937.55175
0.000290336936916 , -4.65255913474e-21 , 1.19131916551e-21 , 0 , 61 , -57 , 1569438937.6096506
0.0136942255245 , 0.000586691380395 , 0.0030878493705 , 0 , 108 , -116 , 1569438937.662145
0.0326150295835 , 0.000449551433187 , 0.002058566247 , 0 , 126 , -143 , 1569438937.7076755
0.0536146432456 , 0.00116328644557 , 0.00558753695614 , 0 , 134 , -154 , 1569438937.7522552
0.080077817235 , 0.00228898617859 , 0.0107339525736 , 0 , 141 , -161 , 1569438937.8035927
0.107839789055 , 0.00370456508544 , 0.0166155704222 , 0 , 141 , -161 , 1569438937.861356
0.139653397448 , 0.0055744089881 , 0.0236735118405 , 0 , 137 , -161 , 1569438937.921221
0.171064686228 , 0.00771543921419 , 0.0310255341512 , 0 , 133 , -158 , 1569438937.9704804
0.19791642892 , 0.00983454855565 , 0.0377893946771 , 0 , 129 , -153 , 1569438938.0241675
0.227740675602 , 0.0125277536798 , 0.0455825383264 , 0 , 130 , -158 , 1569438938.0860229
0.257880129868 , 0.015496642637 , 0.0539638437606 , 0 , 129 , -157 , 1569438938.1303453
0.28095413043 , 0.0180579998871 , 0.0608747447327 , 0 , 125 , -155 , 1569438938.1745007
0.303073485394 , 0.0210295684327 , 0.0676386052585 , 40 , 123 , -155 , 1569438938.220221
0.328609433636 , 0.0292558208303 , 0.0642566749956 , 63 , 122 , -155 , 1569438938.2769403
0.353646811483 , 0.0395454500994 , 0.055581288669 , 69 , 115 , -152 , 1569438938.3220391
0.375172185408 , 0.0489974554058 , 0.0464647810037 , 69 , 111 , -147 , 1569438938.3676574
0.398904806059 , 0.059498185133 , 0.0367601115536 , 66 , 111 , -147 , 1569438938.4249685
0.426176779191 , 0.0710687417845 , 0.0266143207648 , 63 , 108 , -145 , 1569438938.4785247
0.449651734929 , 0.0802456194762 , 0.0186741366692 , 58 , 111 , -145 , 1569438938.5272136
0.470031750624 , 0.0877795374479 , 0.0135277210517 , 51 , 103 , -144 , 1569438938.5803676
0.495321665401 , 0.096419924886 , 0.00955762900392 , 44 , 101 , -134 , 1569438938.6290224
0.514089579208 , 0.102326794082 , 0.00838130543421 , 40 , 93 , -135 , 1569438938.6745396
0.533202908795 , 0.108242357696 , 0.00867538632664 , 38 , 94 , -138 , 1569438938.7282243
0.557142115867 , 0.115490606284 , 0.0104398716812 , 37 , 93 , -134 , 1569438938.7767024
0.575277240299 , 0.121267783 , 0.0120573165896 , 37 , 89 , -138 , 1569438938.8217356
0.593157361588 , 0.127378659739 , 0.0139688423904 , 40 , 86 , -135 , 1569438938.8669693
0.613766139924 , 0.134819304386 , 0.0163214895298 , 43 , 82 , -135 , 1569438938.9245546
0.636893843554 , 0.1440542423 , 0.0192622984541 , 48 , 82 , -139 , 1569438938.9733865
0.654412283763 , 0.15168481815 , 0.0210267838086 , 51 , 82 , -138 , 1569438939.0190284
0.674400035695 , 0.160963362461 , 0.0235264713943 , 59 , 74 , -139 , 1569438939.0766969
0.69669749934 , 0.171939626332 , 0.0260261589799 , 59 , 74 , -138 , 1569438939.124725
0.713555822754 , 0.180734680501 , 0.0285258465656 , 55 , 71 , -138 , 1569438939.1702669
0.730190661042 , 0.189845590221 , 0.0307314532588 , 59 , 67 , -135 , 1569438939.2156944
0.752355240148 , 0.202713539212 , 0.0427887698483 , 63 , 67 , -134 , 1569438939.2803545
0.769626533571 , 0.213352008925 , 0.0339663430755 , 62 , 59 , -134 , 1569438939.3258553
0.78579051011 , 0.223545315289 , 0.0352897070914 , 70 , 60 , -130 , 1569438939.3794339
0.805367717074 , 0.236816266672 , 0.0352897070914 , 70 , 60 , -131 , 1569438939.4369428
0.823326334162 , 0.249303242426 , 0.034995626199 , 70 , 56 , -130 , 1569438939.4895406
0.842743790982 , 0.263093847728 , 0.0355837879838 , 71 , 59 , -131 , 1569438939.5470293
0.860303912904 , 0.275795692078 , 0.0355837879838 , 69 , 52 , -124 , 1569438939.5917432
0.87417553315 , 0.286017978092 , 0.0355837879838 , 70 , 60 , -126 , 1569438939.6371312
0.888532729807 , 0.296201639287 , 0.0348485857528 , 73 , 52 , -127 , 1569438939.6825159
0.904769516951 , 0.30822910708 , 0.0342604239679 , 71 , 48 , -123 , 1569438939.7391858
0.922600234366 , 0.321978656025 , 0.0345545048603 , 73 , 48 , -126 , 1569438939.7882733
0.936214505991 , 0.332932167292 , 0.0345545048603 , 74 , 45 , -126 , 1569438939.8424418
0.953014989493 , 0.346958983813 , 0.0342604239679 , 77 , 45 , -123 , 1569438939.891122
0.966512792289 , 0.358575286831 , 0.0347015453066 , 77 , 44 , -123 , 1569438939.9357936
0.979338117436 , 0.369894830292 , 0.0358778688763 , 80 , 41 , -127 , 1569438939.98081
0.992801079781 , 0.38197966535 , 0.0364660306611 , 79 , 41 , -127 , 1569438940.0339475
1.00816726496 , 0.396127005075 , 0.0369071519998 , 84 , 41 , -127 , 1569438940.0791202
1.02098399215 , 0.408342072559 , 0.0382305160157 , 84 , 41 , -123 , 1569438940.1202457
1.03382542259 , 0.420771360938 , 0.0388186778006 , 84 , 37 , -124 , 1569438940.1657526
1.04665303499 , 0.433375699832 , 0.0394068395854 , 86 , 37 , -127 , 1569438940.218429
1.06094564903 , 0.447946873211 , 0.0398479609241 , 88 , 33 , -124 , 1569438940.2634509
1.07383249812 , 0.461182405254 , 0.0401420418165 , 86 , 34 , -123 , 1569438940.3126957
1.08957864487 , 0.477891947676 , 0.0404361227089 , 88 , 34 , -123 , 1569438940.3665717
1.105898031 , 0.493483128912 , 0.0479351854658 , 94 , 33 , -127 , 1569438940.4312155
1.12015893423 , 0.511284777513 , 0.039112758693 , 92 , 30 , -123 , 1569438940.4765923
1.13232257633 , 0.524677863306 , 0.0382305160157 , 89 , 34 , -123 , 1569438940.530744
1.14823395147 , 0.541669914545 , 0.0361719497687 , 92 , 30 , -120 , 1569438940.5787022
1.15962595794 , 0.554690308691 , 0.0354367475376 , 92 , 22 , -120 , 1569438940.623884
1.1704767773 , 0.568213948167 , 0.0366130711073 , 92 , 18 , -116 , 1569438940.66963
1.18220110031 , 0.583907609265 , 0.0383775564619 , 94 , 18 , -113 , 1569438940.7261975
1.19399013391 , 0.599737315001 , 0.0389657182468 , 96 , 22 , -109 , 1569438940.770744
1.20429222029 , 0.613726975521 , 0.0389657182468 , 92 , 18 , -113 , 1569438940.8168154
1.2145768933 , 0.628163299693 , 0.0386716373543 , 94 , 22 , -113 , 1569438940.8700511
1.22739454807 , 0.646077427049 , 0.0385245969081 , 95 , 18 , -112 , 1569438940.9185157
1.23727515447 , 0.65985034953 , 0.0374953137846 , 101 , 18 , -113 , 1569438940.9720907
1.24850120553 , 0.676850170901 , 0.0364660306611 , 101 , 18 , -109 , 1569438941.0257215
1.26042631037 , 0.695065413001 , 0.0355837879838 , 101 , 15 , -108 , 1569438941.0825684
1.27088360822 , 0.711428158652 , 0.0345545048603 , 99 , 3 , -106 , 1569438941.1273954
1.28006348673 , 0.726002220876 , 0.0341133835217 , 102 , 3 , -103 , 1569438941.1771617
1.28952448073 , 0.742454520948 , 0.0342604239679 , 101 , 0 , -110 , 1569438941.221588
1.29774142294 , 0.756992732513 , 0.0360249093225 , 104 , 0 , -111 , 1569438941.2670593
1.30642137083 , 0.772765132458 , 0.0374953137846 , 99 , 0 , -104 , 1569438941.3123007
1.31444093774 , 0.78746399719 , 0.0386716373543 , 107 , 0 , -107 , 1569438941.3661249
1.32497169286 , 0.806911240393 , 0.039112758693 , 106 , 3 , -109 , 1569438941.4142263
1.3332422954 , 0.822025238534 , 0.0379364351233 , 107 , 3 , -103 , 1569438941.459776
1.34395889939 , 0.840772300509 , 0.0399950013703 , 106 , 0 , -103 , 1569438941.525396
1.35305168289 , 0.860428590958 , 0.0342604239679 , 108 , 0 , -103 , 1569438941.5699239
1.36048527791 , 0.875219495101 , 0.0322018577209 , 112 , 0 , -103 , 1569438941.6152313
1.36950734388 , 0.892728663368 , 0.0305844128126 , 112 , 0 , -103 , 1569438941.673032
1.37955173445 , 0.912545588958 , 0.0277906443345 , 111 , 0 , -99 , 1569438941.721869
1.38698257289 , 0.927341254747 , 0.0251439163026 , 105 , 0 , -96 , 1569438941.766239
1.39462918481 , 0.942792360114 , 0.0216149455935 , 104 , 0 , -91 , 1569438941.8120856
1.4019553265 , 0.957649394644 , 0.0177918939919 , 107 , 0 , -95 , 1569438941.8726234
1.41129569491 , 0.976704459508 , 0.0122043570358 , 112 , 0 , -92 , 1569438941.9140303
1.41837900984 , 0.99109607105 , 0.00764610320314 , 115 , 0 , -92 , 1569438941.9596133
1.42676586196 , 1.00809093092 , 0.00191152580078 , 111 , 0 , -92 , 1569438942.01659
1.43534638556 , 1.02526110263 , -0.00397009204778 , 110 , 0 , -95 , 1569438942.0612493
1.44280859308 , 1.04001062854 , -0.008234264988 , 110 , 0 , -92 , 1569438942.1061704
1.4504336234 , 1.05511851775 , -0.0130865997131 , 109 , -18 , -90 , 1569438942.1566184
1.45715343663 , 1.07307986312 , -0.0142629232828 , 110 , -52 , -85 , 1569438942.2006154
1.46020280187 , 1.0900800886 , -0.00794018409557 , 117 , -70 , -89 , 1569438942.2460043
1.46194312742 , 1.10814252168 , 0.002058566247 , 115 , -70 , -82 , 1569438942.3003058
1.46344316309 , 1.13166919004 , 0.0155862872987 , 114 , -74 , -82 , 1569438942.3483675
1.46403016961 , 1.14989592328 , 0.0258791185337 , 110 , -70 , -78 , 1569438942.3932757
1.46459129071 , 1.16748913772 , 0.0336722621831 , 110 , -60 , -74 , 1569438942.4387448
1.46542930982 , 1.18716869828 , 0.0399950013703 , 114 , -51 , -71 , 1569438942.4913878
1.46642757038 , 1.20336955059 , 0.0438180529718 , 108 , -52 , -75 , 1569438942.5444558
1.46774513523 , 1.22303045394 , 0.0489644685893 , 114 , -48 , -75 , 1569438942.5984452
1.46951733674 , 1.24420758972 , 0.0526404797447 , 113 , -40 , -71 , 1569438942.6472802
1.47139138925 , 1.26014099557 , 0.0533756819758 , 114 , -37 , -75 , 1569438942.6923864
1.47423417792 , 1.27677164008 , 0.0508759943901 , 115 , -29 , -75 , 1569438942.7461371
1.47823439578 , 1.29717247249 , 0.0467588618961 , 117 , -33 , -75 , 1569438942.8036878
1.48158440226 , 1.31875291179 , 0.0442591743105 , 118 , -40 , -71 , 1569438942.8558428
1.48367885996 , 1.33598825946 , 0.0422006080635 , 118 , -41 , -71 , 1569438942.910294
1.48639849067 , 1.3587527877 , 0.039112758693 , 121 , -44 , -71 , 1569438942.9625566
1.48797735702 , 1.37656858125 , 0.0372012328922 , 122 , -48 , -71 , 1569438943.0076585
1.48917689234 , 1.39377884114 , 0.0361719497687 , 120 , -48 , -71 , 1569438943.0616317
1.49105241087 , 1.41688243261 , 0.0395538800316 , 121 , -48 , -74 , 1569438943.1182559
1.4920758259 , 1.43629890429 , 0.0342604239679 , 121 , -44 , -67 , 1569438943.1638353
1.49320098113 , 1.45291424251 , 0.0323488981671 , 106 , -37 , -60 , 1569438943.2167
1.49479997126 , 1.4708275115 , 0.028819927458 , 104 , -33 , -52 , 1569438943.2614892
1.49600893196 , 1.48430597235 , 0.0254379971951 , 96 , -34 , -49 , 1569438943.30642
1.49699170153 , 1.49704673792 , 0.022644228717 , 92 , -37 , -49 , 1569438943.3477495
1.49778019543 , 1.50924854997 , 0.02058566247 , 87 , -33 , -45 , 1569438943.4010105
1.49848734406 , 1.52426882525 , 0.0188211771154 , 81 , -37 , -41 , 1569438943.4497502
1.49881395064 , 1.5352005429 , 0.0180859748843 , 74 , -37 , -37 , 1569438943.4990597
1.49889203395 , 1.54693770222 , 0.0176448535457 , 71 , -38 , -37 , 1569438943.5528915
1.49861443919 , 1.5599258496 , 0.0180859748843 , 70 , -34 , -37 , 1569438943.6013737
1.4981941771 , 1.56978186381 , 0.0188211771154 , 67 , -41 , -34 , 1569438943.650556
1.49759891727 , 1.58083594198 , 0.0201445411313 , 67 , -41 , -30 , 1569438943.7039082
1.49679100869 , 1.59210877998 , 0.0217619860397 , 62 , -34 , -33 , 1569438943.7565284
1.49627458997 , 1.60249282007 , 0.0230853500556 , 63 , -33 , -30 , 1569438943.798023
1.49558187838 , 1.61153104815 , 0.0244087140716 , 66 , -42 , -30 , 1569438943.8521137
1.49440838329 , 1.62391042707 , 0.0261731994261 , 71 , -45 , -30 , 1569438943.908983
1.49301078152 , 1.63661778805 , 0.0279376847807 , 66 , -45 , -33 , 1569438943.958123
1.49172183936 , 1.6480965882 , 0.0294080892428 , 70 , -41 , -34 , 1569438944.007432
1.49071290181 , 1.65770957933 , 0.0307314532588 , 67 , -41 , -30 , 1569438944.0603783
1.48954128769 , 1.66904957174 , 0.0319077768285 , 63 , -37 , -30 , 1569438944.1071708
1.48852549397 , 1.6796388758 , 0.0330841003982 , 66 , -37 , -30 , 1569438944.154422
1.48739189283 , 1.68902151269 , 0.0336722621831 , 63 , -37 , -26 , 1569438944.2084217
1.48593854095 , 1.70054531814 , 0.0341133835217 , 66 , -37 , -26 , 1569438944.2567344
1.48437980641 , 1.71075122291 , 0.0342604239679 , 66 , -37 , -26 , 1569438944.3060608
1.48286359181 , 1.71967251902 , 0.0342604239679 , 67 , -37 , -22 , 1569438944.3596065
1.48082121526 , 1.73123142001 , 0.0341133835217 , 63 , -41 , -22 , 1569438944.4166098
1.47868000423 , 1.74289900609 , 0.0341133835217 , 63 , -41 , -22 , 1569438944.46586
1.47765062053 , 1.75178118628 , 0.0316136959361 , 67 , -33 , -18 , 1569438944.5150943
1.47631772484 , 1.76331101817 , 0.026761361211 , 74 , -45 , -26 , 1569438944.5759144
1.47436358095 , 1.77482905455 , 0.0258791185337 , 74 , -45 , -26 , 1569438944.6176267
1.47221171042 , 1.78502991828 , 0.0255850376413 , 71 , -52 , -22 , 1569438944.6710794
1.46901389001 , 1.79839050988 , 0.0266143207648 , 71 , -49 , -26 , 1569438944.729231
1.46556268807 , 1.81165758105 , 0.0280847252269 , 77 , -56 , -26 , 1569438944.7767208
1.46255425899 , 1.82224947375 , 0.0295551296891 , 70 , -52 , -22 , 1569438944.8220408
1.45973033689 , 1.83261924733 , 0.0302903319201 , 66 , -49 , -22 , 1569438944.871587
1.45703289408 , 1.84335436177 , 0.0307314532588 , 66 , -45 , -22 , 1569438944.916163
1.45491167964 , 1.85251294445 , 0.0311725745974 , 70 , -45 , -22 , 1569438944.961409
1.45239300634 , 1.86341925232 , 0.0316136959361 , 66 , -45 , -22 , 1569438945.0108821
1.45024781745 , 1.87307858706 , 0.0320548172747 , 71 , -49 , -22 , 1569438945.0638158
1.44648355971 , 1.88629100814 , 0.0311725745974 , 70 , -49 , -18 , 1569438945.1168115
1.4434772688 , 1.89575659631 , 0.0298492105815 , 74 , -52 , -18 , 1569438945.1579037
1.44004153306 , 1.90705766704 , 0.0289669679042 , 71 , -52 , -18 , 1569438945.2158008
1.43632618274 , 1.92000238893 , 0.028819927458 , 70 , -49 , -18 , 1569438945.2723858
1.43309072809 , 1.93148012408 , 0.0292610487966 , 70 , -52 , -18 , 1569438945.3178794
1.43033865867 , 1.94115400025 , 0.0294080892428 , 67 , -52 , -18 , 1569438945.367216
1.42679802766 , 1.95290054947 , 0.0326429790596 , 66 , -45 , -18 , 1569438945.4197867
1.42423957549 , 1.96304764714 , 0.030878493705 , 66 , -49 , -15 , 1569438945.4653106
1.4223156553 , 1.97204434744 , 0.0291140083504 , 66 , -38 , -18 , 1569438945.5146496
1.42047669967 , 1.98199672443 , 0.0257320780875 , 67 , -45 , -15 , 1569438945.5680482
1.41683918423 , 1.99355697553 , 0.0274965634421 , 63 , -49 , -18 , 1569438945.6288557
1.41306609993 , 2.00577838051 , 0.0252909567488 , 66 , -52 , -18 , 1569438945.6778903
1.40973843249 , 2.01486069471 , 0.0263202398723 , 59 , -52 , -15 , 1569438945.7314005
1.40504903462 , 2.02566465967 , 0.0260261589799 , 59 , -53 , -3 , 1569438945.7802017
1.40110692424 , 2.03391823618 , 0.0258791185337 , 59 , -53 , -3 , 1569438945.825144
1.39626928317 , 2.04315527365 , 0.0248498354102 , 62 , -54 , 0 , 1569438945.878827
1.39041348567 , 2.05284683025 , 0.0249968758564 , 67 , -53 , 0 , 1569438945.935544
1.3854144328 , 2.06306201721 , 0.0194093389003 , 63 , -50 , 0 , 1569438945.9892
1.37948540805 , 2.07429176118 , 0.0155862872987 , 64 , -52 , 0 , 1569438946.0545337
1.37413810956 , 2.08513337164 , 0.0104398716812 , 64 , -53 , 0 , 1569438946.0957637
1.36998728243 , 2.09336004133 , 0.0072049818645 , 64 , -52 , -3 , 1569438946.1408327
1.36591127628 , 2.10162838102 , 0.00455825383264 , 64 , -53 , 0 , 1569438946.1819956
1.3617128929 , 2.10971125635 , 0.00220560669321 , 63 , -53 , -3 , 1569438946.2353191
1.35622129362 , 2.12039930332 , 0.000294080892428 , 64 , -53 , 0 , 1569438946.2840827
1.35176696314 , 2.12889104993 , -0.000882242677285 , 60 , -60 , -3 , 1569438946.3337135
1.34630735786 , 2.13842262084 , -0.000147040446214 , 60 , -64 , 0 , 1569438946.3824654
1.34084076285 , 2.14806192601 , 0.000735202231071 , 59 , -60 , -3 , 1569438946.427302
1.33614071899 , 2.15657946669 , 0.00147040446214 , 63 , -64 , 0 , 1569438946.4721472
1.33124052789 , 2.16531676621 , 0.002058566247 , 59 , -60 , -3 , 1569438946.51795
1.32580090254 , 2.17502790327 , 0.002058566247 , 64 , -61 , 0 , 1569438946.5709877
1.32021593649 , 2.18482255436 , 0.00161744490836 , 63 , -61 , 0 , 1569438946.6157908
1.31482875895 , 2.19467585652 , 0.00147040446214 , 63 , -63 , 0 , 1569438946.664737
1.30997749133 , 2.20305003768 , 0.00191152580078 , 59 , -61 , 0 , 1569438946.714234
1.3038597062 , 2.21387818487 , 0.00249968758564 , 60 , -56 , -3 , 1569438946.771488
1.29870655263 , 2.22342002161 , 0.00294080892428 , 60 , -61 , 0 , 1569438946.816756
1.29408533402 , 2.2316480841 , 0.0030878493705 , 58 , -61 , -22 , 1569438946.8659945
1.29076242795 , 2.24214244299 , 0.00896946721907 , 59 , -60 , -60 , 1569438946.9108765
1.29065818551 , 2.25376405236 , 0.0242616736253 , 62 , -60 , -70 , 1569438946.9556983
1.29100308712 , 2.26548175787 , 0.0408772440476 , 62 , -60 , -70 , 1569438947.001388
1.29108549579 , 2.27767614281 , 0.0577868953622 , 62 , -60 , -60 , 1569438947.0546813
1.29003386099 , 2.29250300319 , 0.07690215337 , 62 , -61 , -48 , 1569438947.1120517
1.28718947078 , 2.3067424091 , 0.0919002788839 , 63 , -60 , -37 , 1569438947.1605623
1.28341939734 , 2.31812239999 , 0.101310867442 , 59 , -60 , -22 , 1569438947.2098527
1.27870922703 , 2.32665778695 , 0.104839838151 , 59 , -60 , 3 , 1569438947.263331
1.27130865197 , 2.33641352969 , 0.103957595473 , 58 , -57 , 7 , 1569438947.316018
1.26475283212 , 2.34469003335 , 0.102781271904 , 59 , -57 , 0 , 1569438947.3609035
1.25926689329 , 2.35212867024 , 0.102781271904 , 59 , -64 , 7 , 1569438947.4067285
1.25224461047 , 2.36078505062 , 0.103810555027 , 60 , -61 , 0 , 1569438947.4594662
1.24579675937 , 2.3694387958 , 0.104545757258 , 56 , -60 , 0 , 1569438947.5045905
1.24013875062 , 2.37699151787 , 0.104839838151 , 63 , -61 , 0 , 1569438947.545617
1.23450617946 , 2.38474212958 , 0.104839838151 , 60 , -61 , 0 , 1569438947.5954394
1.22797498825 , 2.39363422825 , 0.104251676366 , 59 , -60 , 3 , 1569438947.6393511
1.22218354238 , 2.40109014924 , 0.104986878597 , 60 , -61 , 0 , 1569438947.6846583
1.21653391333 , 2.40852923928 , 0.105575040382 , 55 , -61 , 0 , 1569438947.7257433
1.21099970237 , 2.41575294656 , 0.105869121274 , 55 , -56 , 33 , 1569438947.7789834
1.20185359207 , 2.42214190828 , 0.0971937349476 , 59 , -60 , 60 , 1569438947.8200512
1.19205694517 , 2.42637970638 , 0.0829308116648 , 55 , -60 , 64 , 1569438947.8652563
1.18184413269 , 2.43066103037 , 0.067932686151 , 59 , -60 , 63 , 1569438947.9103584
1.16993299208 , 2.4360671322 , 0.0507289539439 , 58 , -60 , 60 , 1569438947.9674256
1.15853314344 , 2.44206214595 , 0.034995626199 , 59 , -60 , 48 , 1569438948.0121531
1.14822600798 , 2.44880181343 , 0.0224971882708 , 58 , -64 , 37 , 1569438948.0658057
1.13866485198 , 2.45641120976 , 0.0129395592669 , 59 , -64 , 30 , 1569438948.119015
1.13009076031 , 2.46454256561 , 0.00646977963343 , 59 , -67 , 22 , 1569438948.1643472
1.12219362577 , 2.47348759496 , 0.00352897070914 , 59 , -68 , 11 , 1569438948.2135901
1.11538443537 , 2.4832976917 , 0.004117132494 , 63 , -68 , 0 , 1569438948.2705479
1.1087628025 , 2.49316045364 , 0.00588161784857 , 55 , -68 , 0 , 1569438948.3247392
1.10134101428 , 2.50445969723 , 0.00955762900392 , 56 , -72 , 0 , 1569438948.380993
1.09471340758 , 2.51437056012 , 0.0130865997131 , 60 , -72 , 0 , 1569438948.4218118
1.0888913323 , 2.5228999084 , 0.016468529976 , 56 , -72 , 0 , 1569438948.4756482
1.08111072386 , 2.53397629259 , 0.0216149455935 , 60 , -73 , 0 , 1569438948.5283957
1.07412402394 , 2.54371750311 , 0.0264672803186 , 52 , -72 , 0 , 1569438948.5740912
1.06809603579 , 2.55199805826 , 0.0307314532588 , 52 , -68 , 0 , 1569438948.6229875
1.06153367466 , 2.56074060624 , 0.0358778688763 , 47 , -69 , 0 , 1569438948.6721625
1.05371369674 , 2.57085943291 , 0.0420535676173 , 48 , -68 , 0 , 1569438948.7333457
1.04696547706 , 2.57929974975 , 0.0477881450196 , 52 , -73 , 0 , 1569438948.774184
1.04088835303 , 2.58684060644 , 0.0532286415295 , 48 , -71 , 0 , 1569438948.8277218
1.03249328974 , 2.59615740707 , 0.0608747447327 , 41 , -72 , 0 , 1569438948.876439
1.02630298818 , 2.60227367875 , 0.0698442119518 , 48 , -76 , 0 , 1569438948.9220295
1.02001861169 , 2.60959168904 , 0.0757258298003 , 52 , -69 , 0 , 1569438948.9626806
1.01384239559 , 2.61680002031 , 0.080284083633 , 52 , -71 , 22 , 1569438949.0075788
1.00553681115 , 2.62288651702 , 0.078225517386 , 55 , -71 , 56 , 1569438949.052739
0.994739159857 , 2.62750469752 , 0.0680797265972 , 51 , -71 , 67 , 1569438949.0939002
0.983528950901 , 2.63186479558 , 0.0561694504538 , 55 , -71 , 67 , 1569438949.139447
0.968892609368 , 2.63702992296 , 0.0422006080635 , 55 , -71 , 63 , 1569438949.1965778
0.957843809774 , 2.64291088562 , 0.028819927458 , 55 , -71 , 56 , 1569438949.2492805
0.943047131951 , 2.65072936923 , 0.0152922064063 , 55 , -71 , 41 , 1569438949.3066883
0.932484294728 , 2.6578883569 , 0.00705794141828 , 51 , -71 , 34 , 1569438949.364621
0.920853833553 , 2.66710974918 , 0.000882242677285 , 55 , -75 , 30 , 1569438949.4175553
0.911217107083 , 2.67528699207 , -0.00147040446214 , 54 , -79 , 22 , 1569438949.4746375
0.900634403629 , 2.68522044176 , -0.000441121338643 , 51 , -76 , 15 , 1569438949.532803
0.891009246498 , 2.69508669131 , 0.00294080892428 , 47 , -80 , 11 , 1569438949.5889869
0.881447884703 , 2.70480886724 , 0.00794018409557 , 48 , -79 , 15 , 1569438949.6384525
0.873596863431 , 2.71237375575 , 0.0114691548047 , 43 , -86 , 22 , 1569438949.6920986
0.862457126148 , 2.7216336663 , 0.0167626108684 , 48 , -87 , 26 , 1569438949.7407
0.853432019861 , 2.72880306967 , 0.0204386220238 , 48 , -86 , 26 , 1569438949.7861874
0.844135868051 , 2.73607396281 , 0.0239675927329 , 51 , -83 , 26 , 1569438949.8357177
0.833736461697 , 2.74384508541 , 0.0260261589799 , 47 , -83 , 30 , 1569438949.8887298
0.821163582395 , 2.7526565056 , 0.0277906443345 , 43 , -86 , 30 , 1569438949.9459357
0.810209450614 , 2.76012168134 , 0.0294080892428 , 48 , -82 , 30 , 1569438949.9905622
0.79909568853 , 2.76764863792 , 0.0305844128126 , 47 , -87 , 37 , 1569438950.0481086
0.78553081595 , 2.77587041858 , 0.0301432914739 , 48 , -82 , 33 , 1569438950.105114
0.774608361089 , 2.78328333589 , 0.0324959386133 , 44 , -82 , 34 , 1569438950.1463861
0.764976790282 , 2.78914772846 , 0.0332311408444 , 43 , -87 , 37 , 1569438950.199999
0.751746380211 , 2.79681430908 , 0.0339663430755 , 39 , -83 , 41 , 1569438950.2570055
0.739667245182 , 2.80319664266 , 0.0330841003982 , 41 , -86 , 41 , 1569438950.3062656
0.728358312525 , 2.80989446454 , 0.0354367475376 , 43 , -87 , 45 , 1569438950.3593252
0.714149781872 , 2.81733003645 , 0.0352897070914 , 43 , -91 , 47 , 1569438950.4206853
0.70018907005 , 2.82463663254 , 0.0352897070914 , 40 , -82 , 41 , 1569438950.4658709
0.689978583506 , 2.82995104109 , 0.0355837879838 , 35 , -79 , 37 , 1569438950.5150082
0.678688724815 , 2.83561545331 , 0.0366130711073 , 39 , -79 , 41 , 1569438950.568849
0.665327275015 , 2.84214309248 , 0.0369071519998 , 40 , -79 , 41 , 1569438950.6175568
0.655367513478 , 2.84697528955 , 0.0369071519998 , 37 , -83 , 45 , 1569438950.6627195
0.643203874401 , 2.85248094234 , 0.0369071519998 , 40 , -86 , 52 , 1569438950.7119985
0.631881882908 , 2.85748649433 , 0.0363189902149 , 39 , -86 , 52 , 1569438950.7609468
0.618791531259 , 2.86327302788 , 0.0357308284301 , 37 , -86 , 48 , 1569438950.805771
0.607724214933 , 2.86810509889 , 0.0354367475376 , 39 , -87 , 52 , 1569438950.8552635
0.594404106651 , 2.873699166 , 0.0351426666452 , 39 , -94 , 52 , 1569438950.9085267
0.578239559251 , 2.88037119756 , 0.0344074644141 , 40 , -94 , 60 , 1569438950.958123
0.56586809891 , 2.88531257113 , 0.0339663430755 , 37 , -90 , 52 , 1569438951.0026774
0.553739678651 , 2.8902955396 , 0.0341133835217 , 35 , -93 , 56 , 1569438951.055595
0.537458839089 , 2.89633706139 , 0.0348485857528 , 35 , -102 , 63 , 1569438951.1143134
0.519754571343 , 2.90279237116 , 0.034995626199 , 37 , -105 , 67 , 1569438951.1618905
0.50611894043 , 2.90779412983 , 0.0355837879838 , 36 , -101 , 59 , 1569438951.2071927
0.491011713778 , 2.91323878212 , 0.0366130711073 , 33 , -94 , 56 , 1569438951.2563357
0.477223962114 , 2.91818524654 , 0.0374953137846 , 33 , -90 , 63 , 1569438951.3062942
0.464776199355 , 2.92213555386 , 0.0373482733384 , 35 , -98 , 67 , 1569438951.3591745
0.447537995556 , 2.92730653088 , 0.0366130711073 , 33 , -98 , 64 , 1569438951.416087
0.432311803974 , 2.931864829 , 0.0361719497687 , 29 , -94 , 59 , 1569438951.4612508
0.417723348888 , 2.93625715689 , 0.0355837879838 , 29 , -86 , 60 , 1569438951.5102503
0.404114596057 , 2.94041329476 , 0.0352897070914 , 29 , -90 , 64 , 1569438951.5638518
0.389194463342 , 2.94472277955 , 0.0342604239679 , 31 , -105 , 74 , 1569438951.6224236
0.369745784679 , 2.94992655746 , 0.032937059952 , 33 , -108 , 81 , 1569438951.670016
0.354365079764 , 2.95386428146 , 0.0316136959361 , 31 , -106 , 78 , 1569438951.7192276
0.336900177271 , 2.95806374807 , 0.0305844128126 , 27 , -101 , 74 , 1569438951.772806
0.318419630799 , 2.96238973748 , 0.0298492105815 , 23 , -91 , 67 , 1569438951.8299885
0.300780366766 , 2.96622328405 , 0.0298492105815 , 23 , -124 , 104 , 1569438951.8909369
0.276276191258 , 2.96974005702 , 0.0274965634421 , 31 , -153 , 133 , 1569438951.9489055
0.245671760659 , 2.9736495306 , 0.0242616736253 , 29 , -163 , 143 , 1569438951.997842
0.220379471158 , 2.97669669102 , 0.0219090264859 , 25 , -167 , 148 , 1569438952.0431912
0.194517558255 , 2.97962303991 , 0.0195563793465 , 27 , -166 , 150 , 1569438952.0969088
0.160566166016 , 2.98331810132 , 0.0173507726533 , 21 , -167 , 144 , 1569438952.1457133
0.135110735022 , 2.98603381924 , 0.0167626108684 , 19 , -163 , 139 , 1569438952.1986845
0.103213110327 , 2.98918737424 , 0.0172037322071 , 19 , -153 , 129 , 1569438952.2562
0.0734007856852 , 2.99199951692 , 0.0192622984541 , 11 , -142 , 115 , 1569438952.3086464
0.0482412553264 , 2.99411351336 , 0.0223501478246 , 7 , -147 , 131 , 1569438952.3627715
0.021795974767 , 2.9949195922 , 0.0248498354102 , 3 , -164 , 150 , 1569438952.4202704
-0.0133183948781 , 2.99382325573 , 0.0219090264859 , 0 , -171 , 160 , 1569438952.477163
-0.0460095716806 , 2.99475562834 , 0.0305844128126 , 0 , -167 , 163 , 1569438952.526916
-0.0767336335755 , 2.99417901768 , 0.0324959386133 , 0 , -167 , 161 , 1569438952.5792305
-0.106872539018 , 2.99345085275 , 0.0338193026293 , 0 , -160 , 157 , 1569438952.6375449
-0.139764244195 , 2.99250577595 , 0.0347015453066 , 0 , -148 , 149 , 1569438952.6946967
-0.170570760995 , 2.99146426741 , 0.0348485857528 , 0 , -137 , 135 , 1569438952.7519834
-0.198520957666 , 2.99043393878 , 0.0345545048603 , 0 , -122 , 131 , 1569438952.8088708
-0.22481561344 , 2.98913361696 , 0.0324959386133 , 0 , -118 , 124 , 1569438952.865867
-0.250138349836 , 2.98769548737 , 0.0292610487966 , 0 , -106 , 120 , 1569438952.915154
-0.268210289638 , 2.9865516402 , 0.0260261589799 , 0 , -95 , 113 , 1569438952.9564385
-0.287344227109 , 2.98521513035 , 0.0216149455935 , 0 , -88 , 113 , 1569438953.013641
-0.305799333531 , 2.98364250518 , 0.0158803681911 , 0 , -85 , 110 , 1569438953.0678844
-0.326096399834 , 2.98181132797 , 0.00794018409557 , 0 , -80 , 106 , 1569438953.1156058
-0.340699360903 , 2.98041020132 , 0.00117632356971 , 0 , -73 , 102 , 1569438953.160331
-0.355214423062 , 2.97888449088 , -0.00676386052585 , -11 , -68 , 101 , 1569438953.2146082
-0.373102049279 , 2.97422802875 , -0.00985170989635 , -62 , -71 , 101 , 1569438953.2719724
-0.390951781548 , 2.96510018431 , -0.00147040446214 , -69 , -67 , 97 , 1569438953.3205748
-0.404077026731 , 2.95715723497 , 0.00735202231071 , -70 , -60 , 93 , 1569438953.3660114
-0.416935257656 , 2.94870910575 , 0.0167626108684 , -62 , -56 , 90 , 1569438953.4111674
-0.428759813305 , 2.94099458359 , 0.0244087140716 , -63 , -59 , 94 , 1569438953.4643767
-0.444784735252 , 2.93121349904 , 0.0336722621831 , -55 , -60 , 90 , 1569438953.521995
-0.460505710044 , 2.92215811131 , 0.0408772440476 , -48 , -60 , 89 , 1569438953.5703952
-0.471874296413 , 2.91593316112 , 0.0449943765415 , -40 , -56 , 86 , 1569438953.6156633
-0.484999473562 , 2.90944137953 , 0.0479351854658 , -35 , -60 , 90 , 1569438953.6733425
-0.500326185193 , 2.90274855738 , 0.0496996708204 , -29 , -60 , 87 , 1569438953.7217822
-0.511822121327 , 2.89814874198 , 0.0496996708204 , -22 , -56 , 83 , 1569438953.767045
-0.524483522895 , 2.89360284448 , 0.0489644685893 , -22 , -60 , 79 , 1569438953.8165035
-0.535405122369 , 2.89007472704 , 0.0491115090355 , -23 , -57 , 82 , 1569438953.8696961
-0.549903035957 , 2.88539019931 , 0.048082225912 , -22 , -56 , 79 , 1569438953.9184666
-0.560733762284 , 2.88193218109 , 0.0467588618961 , -19 , -56 , 86 , 1569438953.9718812
-0.57556403682 , 2.87690314914 , 0.0442591743105 , -23 , -60 , 90 , 1569438954.0319932
-0.590632477295 , 2.87153766478 , 0.0424946889559 , -22 , -56 , 86 , 1569438954.0780494
-0.601840638396 , 2.86745387275 , 0.04117132494 , -26 , -52 , 86 , 1569438954.1232038
-0.614668144885 , 2.86259143484 , 0.0395538800316 , -25 , -56 , 90 , 1569438954.172829
-0.629602247895 , 2.85693974571 , 0.0372012328922 , -25 , -53 , 86 , 1569438954.229609
-0.640652511681 , 2.85199943402 , 0.0372012328922 , -25 , -52 , 82 , 1569438954.2750144
-0.654451794472 , 2.84676110903 , 0.0352897070914 , -31 , -53 , 79 , 1569438954.3403945
-0.667884107094 , 2.84047223104 , 0.0369071519998 , -31 , -49 , 82 , 1569438954.398209
-0.679592197441 , 2.83495179886 , 0.0374953137846 , -29 , -48 , 79 , 1569438954.4387088
-0.689052608128 , 2.83026352453 , 0.0372012328922 , -33 , -45 , 75 , 1569438954.4841712
-0.698368290034 , 2.82555551337 , 0.0367601115536 , -31 , -41 , 75 , 1569438954.5368874
-0.71215766011 , 2.81867428782 , 0.034995626199 , -33 , -41 , 75 , 1569438954.5899997
-0.72107140955 , 2.81327444438 , 0.0355837879838 , -33 , -37 , 75 , 1569438954.635502
-0.730137991147 , 2.80817131458 , 0.0351426666452 , -35 , -41 , 79 , 1569438954.684826
-0.740815712068 , 2.80200924276 , 0.0342604239679 , -35 , -37 , 75 , 1569438954.737692
-0.751210612657 , 2.79592238139 , 0.0336722621831 , -37 , -37 , 75 , 1569438954.7825212
-0.76174947495 , 2.78969713848 , 0.0332311408444 , -39 , -38 , 79 , 1569438954.839697
-0.774894412799 , 2.78168486141 , 0.0299962510277 , -37 , -37 , 75 , 1569438954.8935442
-0.784259463366 , 2.77595356035 , 0.0326429790596 , -37 , -37 , 75 , 1569438954.9383938
-0.793085517401 , 2.77046617013 , 0.0326429790596 , -39 , -37 , 79 , 1569438954.987819
-0.803475660635 , 2.76394936506 , 0.0327900195058 , -35 , -34 , 74 , 1569438955.0452223
-0.814859412559 , 2.75675549639 , 0.0326429790596 , -37 , -37 , 75 , 1569438955.090129
-0.823630720232 , 2.75107422585 , 0.0316136959361 , -37 , -37 , 75 , 1569438955.1351726
-0.833686359225 , 2.74449505407 , 0.0313196150436 , -39 , -34 , 71 , 1569438955.1922693
-0.844588270607 , 2.73705384498 , 0.0310255341512 , -37 , -30 , 71 , 1569438955.2411046
-0.852790094808 , 2.73146063028 , 0.0302903319201 , -41 , -30 , 71 , 1569438955.2868555
-0.861179344757 , 2.72553248662 , 0.0304373723663 , -39 , -30 , 75 , 1569438955.3396876
-0.8720810151 , 2.71787750059 , 0.0294080892428 , -44 , -33 , 75 , 1569438955.3886864
-0.880706655496 , 2.71158661354 , 0.0289669679042 , -44 , -34 , 78 , 1569438955.4341497
-0.8895220736 , 2.70507051834 , 0.0291140083504 , -39 , -34 , 75 , 1569438955.48359
-0.899346589278 , 2.6983280652 , 0.0291140083504 , -43 , -33 , 75 , 1569438955.5368967
-0.912926380291 , 2.68921233816 , 0.0251439163026 , -44 , -33 , 71 , 1569438955.5979686
-0.921700711367 , 2.68203298751 , 0.0299962510277 , -45 , -37 , 75 , 1569438955.6428432
-0.930424413055 , 2.67590167641 , 0.030878493705 , -43 , -30 , 75 , 1569438955.6924222
-0.93997879618 , 2.66861880537 , 0.0316136959361 , -44 , -27 , 72 , 1569438955.745437
-0.950454507501 , 2.66001383023 , 0.0317607363823 , -45 , -26 , 75 , 1569438955.794622
-0.958374017853 , 2.65327740278 , 0.0316136959361 , -45 , -26 , 75 , 1569438955.8395302
-0.966331404094 , 2.64617760196 , 0.0317607363823 , -47 , -26 , 68 , 1569438955.8931768
-0.975884251886 , 2.63751651169 , 0.0332311408444 , -47 , -26 , 67 , 1569438955.9510632
-0.985090455787 , 2.62899224973 , 0.0345545048603 , -44 , -18 , 68 , 1569438955.9948354
-0.992169950159 , 2.62229006395 , 0.0341133835217 , -48 , -22 , 75 , 1569438956.0404422
-0.999533039696 , 2.61530188498 , 0.0335252217368 , -47 , -22 , 71 , 1569438956.0897627
-1.00953173864 , 2.60593760503 , 0.0270554421034 , -56 , -3 , 73 , 1569438956.150502
-1.01517915568 , 2.59639427559 , 0.0270554421034 , -53 , 0 , 69 , 1569438956.1919396
-1.02141610337 , 2.5871703672 , 0.0213208647011 , -48 , 0 , 73 , 1569438956.2412345
-1.02696037688 , 2.57933958666 , 0.016468529976 , -52 , 0 , 73 , 1569438956.2938843
-1.03433880718 , 2.56893560144 , 0.00955762900392 , -47 , 0 , 69 , 1569438956.3470607
-1.04064315373 , 2.56021426713 , 0.00367601115536 , -44 , 0 , 69 , 1569438956.3923285
-1.04603562739 , 2.55281884564 , -0.00117632356971 , -49 , 0 , 69 , 1569438956.4345706
-1.05189992055 , 2.5450311245 , -0.00602865829478 , -39 , -30 , 71 , 1569438956.4864473
-1.06098075997 , 2.53974967568 , -0.00985170989635 , -45 , -60 , 71 , 1569438956.531656
-1.0714321605 , 2.53496331107 , -0.00161744490836 , -48 , -63 , 71 , 1569438956.5766613
-1.08271453351 , 2.5302600848 , 0.00970466945014 , -51 , -67 , 67 , 1569438956.6262567
-1.09514746302 , 2.52488689146 , 0.0235264713943 , -50 , -64 , 68 , 1569438956.6791732
-1.11006335782 , 2.5169906454 , 0.0363189902149 , -56 , -48 , 71 , 1569438956.7401266
-1.12022590029 , 2.51016352585 , 0.0495526303742 , -55 , -41 , 71 , 1569438956.7818854
-1.13005407002 , 2.50220758587 , 0.0574928144698 , -56 , -30 , 71 , 1569438956.835078
-1.13875449341 , 2.4933676136 , 0.0621981087486 , -59 , -18 , 71 , 1569438956.8916776
-1.1471554624 , 2.48268338662 , 0.0635214727645 , -56 , 0 , 68 , 1569438956.9412313
-1.15277245947 , 2.47417981022 , 0.06175698741 , -59 , -7 , 73 , 1569438956.9861135
-1.15925314801 , 2.46373028742 , 0.0588161784857 , -56 , -3 , 76 , 1569438957.0353477
-1.16485357756 , 2.45511663224 , 0.0541108842068 , -56 , 0 , 73 , 1569438957.0803
-1.17024532645 , 2.44640302563 , 0.0495526303742 , -56 , 0 , 73 , 1569438957.1217804
-1.17544477429 , 2.43792139437 , 0.0455825383264 , -52 , 0 , 69 , 1569438957.1713712
-1.18130877404 , 2.4284248909 , 0.04117132494 , -52 , 0 , 65 , 1569438957.2240503
-1.18793298791 , 2.41758260747 , 0.0367601115536 , -55 , 0 , 69 , 1569438957.2771738
-1.19401637011 , 2.40788160311 , 0.0323488981671 , -55 , 0 , 69 , 1569438957.3301754
-1.20017548924 , 2.39773127091 , 0.0289669679042 , -60 , 0 , 65 , 1569438957.3800929
-1.2060408355 , 2.38797467447 , 0.0261731994261 , -60 , 0 , 69 , 1569438957.4243464
-1.21104576991 , 2.3794594724 , 0.0244087140716 , -60 , 0 , 65 , 1569438957.4655275
-1.21602075567 , 2.37109394254 , 0.0224971882708 , -56 , 0 , 69 , 1569438957.5108361
-1.22260878613 , 2.3605782008 , 0.0186741366692 , -64 , 0 , 61 , 1569438957.5678625
-1.22825787252 , 2.34949127193 , 0.0208797433624 , -64 , 0 , 65 , 1569438957.6170187
-1.23334860763 , 2.34063856141 , 0.0202915815776 , -67 , -3 , 69 , 1569438957.662169
-1.23882138141 , 2.33127821715 , 0.0201445411313 , -63 , 0 , 69 , 1569438957.7116334
-1.24573846316 , 2.31906732778 , 0.0192622984541 , -63 , 0 , 65 , 1569438957.7683246
-1.25139609477 , 2.3087591883 , 0.0194093389003 , -64 , 0 , 65 , 1569438957.8138578
-1.2571935562 , 2.29825187263 , 0.0194093389003 , -64 , 0 , 65 , 1569438957.866758
-1.262707242 , 2.28808538092 , 0.0198504602389 , -60 , 0 , 65 , 1569438957.920452
-1.26906288208 , 2.27667015321 , 0.0195563793465 , -63 , 0 , 61 , 1569438957.973112
-1.27482079839 , 2.26669364596 , 0.0192622984541 , -55 , 0 , 65 , 1569438958.0265834
-1.28058272457 , 2.25677469744 , 0.0179389344381 , -59 , -3 , 69 , 1569438958.0801654
-1.28764052425 , 2.24552708656 , 0.0149981255138 , -59 , 0 , 65 , 1569438958.1288648
-1.29298096543 , 2.23698091328 , 0.0136747614979 , -63 , 0 , 65 , 1569438958.1739955
-1.29904129478 , 2.22717481114 , 0.0127925188206 , -60 , 0 , 61 , 1569438958.2279148
-1.3055884103 , 2.21692090306 , 0.00999875034257 , -60 , 0 , 61 , 1569438958.2803247
-1.31024263132 , 2.20810149357 , 0.0114691548047 , -61 , 0 , 61 , 1569438958.3223968
-1.31513061696 , 2.19969151286 , 0.0116161952509 , -52 , -3 , 53 , 1569438958.3710704
-1.32137542546 , 2.19154443301 , 0.0149981255138 , -56 , -45 , 56 , 1569438958.4196188
-1.32965410523 , 2.18530121785 , 0.0264672803186 , -64 , -52 , 56 , 1569438958.4648473
-1.33724288486 , 2.17939903208 , 0.0405831631551 , -58 , -40 , 59 , 1569438958.5017912
-1.34530058868 , 2.17269680409 , 0.0511700752825 , -64 , -41 , 60 , 1569438958.550968
-1.35273958024 , 2.16562995995 , 0.0623451491948 , -64 , -33 , 60 , 1569438958.5960548
-1.36077438762 , 2.15687071841 , 0.0732261422147 , -60 , -26 , 60 , 1569438958.6450026
-1.36679812181 , 2.14903346635 , 0.080284083633 , -63 , -3 , 56 , 1569438958.6943212
-1.37240199359 , 2.13964167505 , 0.0849893779118 , -59 , -7 , 57 , 1569438958.747908
-1.37755057052 , 2.1276790607 , 0.0858716205891 , -55 , 0 , 60 , 1569438958.8087661
-1.38249516867 , 2.1168501995 , 0.0842541756807 , -55 , 0 , 57 , 1569438958.8621461
-1.38689507766 , 2.10742261272 , 0.0839600947883 , -56 , 0 , 57 , 1569438958.9150696
-1.39183791923 , 2.09691351303 , 0.0835189734497 , -61 , 0 , 61 , 1569438958.9642966
-1.39585111339 , 2.08858746257 , 0.083077852111 , -61 , 0 , 61 , 1569438959.0051072
-1.39985406996 , 2.08009613526 , 0.083077852111 , -57 , 0 , 57 , 1569438959.0506258
-1.40377449134 , 2.07177988687 , 0.083077852111 , -56 , 0 , 57 , 1569438959.0913389
-1.4076031042 , 2.06352735207 , 0.0833719330035 , -56 , 0 , 57 , 1569438959.1372573
-1.41147454933 , 2.05465313821 , 0.084401216127 , -55 , 3 , 53 , 1569438959.1898417
-1.41589538234 , 2.04491460469 , 0.0833719330035 , -60 , 0 , 50 , 1569438959.2387278
-1.41923871847 , 2.03611255766 , 0.087194984605 , -59 , 0 , 53 , 1569438959.2881956
-1.42262244125 , 2.02647803643 , 0.0876361059437 , -59 , 49 , 49 , 1569438959.3419785
-1.42180676939 , 2.01221854833 , 0.0742554253382 , -63 , 58 , 52 , 1569438959.4034283
-1.42029677496 , 1.9977911551 , 0.058375057147 , -63 , 60 , 56 , 1569438959.4519112
-1.41887174349 , 1.98418959822 , 0.0398479609241 , -62 , 53 , 56 , 1569438959.5179703
-1.41830462482 , 1.96875039506 , 0.0282317656731 , -60 , 49 , 52 , 1569438959.571201
-1.41879806154 , 1.95708180195 , 0.0119102761434 , -63 , 37 , 52 , 1569438959.628685
-1.42073392112 , 1.94490498933 , 0.012351397482 , -60 , 18 , 48 , 1569438959.6726625
-1.42314370395 , 1.93626976032 , 0.0124984379282 , -64 , 17 , 54 , 1569438959.709438
-1.42629092191 , 1.928658719 , 0.0110280334661 , -63 , 7 , 57 , 1569438959.7506392
-1.43025926732 , 1.91989786646 , 0.0114691548047 , -67 , 3 , 57 , 1569438959.7956896
-1.43498318958 , 1.90984133568 , 0.014409963729 , -64 , 0 , 49 , 1569438959.845295
-1.43941055922 , 1.90139535734 , 0.0157333277449 , -64 , 0 , 50 , 1569438959.8951473
-1.44337415453 , 1.89186094419 , 0.0219090264859 , -60 , 0 , 50 , 1569438959.9403293
-1.44721386321 , 1.88375676616 , 0.024702794964 , -64 , 0 , 50 , 1569438959.984804
-1.4516218334 , 1.87409025062 , 0.0286728870118 , -64 , 0 , 49 , 1569438960.0339093
-1.45516719397 , 1.8660510019 , 0.0323488981671 , -64 , 0 , 50 , 1569438960.078336
-1.4587232101 , 1.85774590206 , 0.0364660306611 , -64 , 3 , 46 , 1569438960.119411
-1.46209483829 , 1.84929192904 , 0.0407302036013 , -67 , 0 , 46 , 1569438960.1685019
-1.4660458477 , 1.83928868678 , 0.0467588618961 , -71 , 0 , 46 , 1569438960.2218761
-1.47036238778 , 1.82801127448 , 0.0533756819758 , -67 , 0 , 46 , 1569438960.2714236
-1.47339134277 , 1.81940023453 , 0.058375057147 , -63 , 3 , 45 , 1569438960.3202803
-1.47575292608 , 1.80921547832 , 0.0594043402705 , -63 , 49 , 45 , 1569438960.3672006
-1.47444679048 , 1.7970348312 , 0.0505819134977 , -63 , 63 , 41 , 1569438960.4183693
-1.4723578923 , 1.78639877223 , 0.0404361227089 , -63 , 63 , 41 , 1569438960.4594839
-1.47037023471 , 1.77557457842 , 0.0302903319201 , -67 , 60 , 41 , 1569438960.5053182
-1.46955150129 , 1.76453098528 , 0.0192622984541 , -64 , 52 , 49 , 1569438960.5534947
-1.46811006275 , 1.7525153778 , 0.012351397482 , -70 , 45 , 45 , 1569438960.5987973
-1.46870231124 , 1.74169535355 , 0.00529345606371 , -67 , 37 , 45 , 1569438960.6483183
-1.46795861486 , 1.72918303218 , 0.00691090097207 , -74 , 30 , 49 , 1569438960.7091079
-1.47004244946 , 1.71561853007 , 0.006175698741 , -70 , 19 , 49 , 1569438960.7662334
-1.47305753679 , 1.70235719445 , 0.00794018409557 , -74 , 15 , 49 , 1569438960.816122
-1.47611202679 , 1.69090606744 , 0.0113221143585 , -70 , 19 , 45 , 1569438960.877024
-1.47935736846 , 1.67835243669 , 0.0151451659601 , -71 , 15 , 45 , 1569438960.9307234
-1.48224012274 , 1.66738388589 , 0.0189682175616 , -71 , 7 , 45 , 1569438960.9757397
-1.48501383534 , 1.65797045886 , 0.0235264713943 , -68 , 3 , 49 , 1569438961.0205998
-1.48829054907 , 1.64911849379 , 0.0280847252269 , -71 , 0 , 46 , 1569438961.077732
-1.49271076519 , 1.6375912484 , 0.0355837879838 , -75 , 0 , 46 , 1569438961.119002
-1.49603055855 , 1.62883485479 , 0.0417594867248 , -76 , 0 , 46 , 1569438961.1645
-1.49936491491 , 1.6193841661 , 0.0488174281431 , -71 , 3 , 42 , 1569438961.2095563
-1.50200764616 , 1.61100360493 , 0.0548460864379 , -68 , 0 , 42 , 1569438961.2539933
-1.50474935085 , 1.60268299313 , 0.06175698741 , -68 , 0 , 38 , 1569438961.295048
-1.50725754114 , 1.59463442274 , 0.0683738074896 , -71 , 30 , 45 , 1569438961.3483305
-1.507337983 , 1.58093539019 , 0.066609322135 , -86 , 71 , 48 , 1569438961.4075642
-1.50371889557 , 1.5630329571 , 0.0551401673303 , -93 , 82 , 52 , 1569438961.454604
-1.50045625884 , 1.54782392646 , 0.045288457434 , -97 , 82 , 52 , 1569438961.4997785
-1.49683041176 , 1.52981011384 , 0.0348485857528 , -104 , 85 , 56 , 1569438961.5529988
-1.49383487548 , 1.51193970157 , 0.0258791185337 , -111 , 78 , 56 , 1569438961.5994177
-1.49161347947 , 1.49531281767 , 0.0188211771154 , -115 , 78 , 60 , 1569438961.6430018
-1.48979346544 , 1.47833001254 , 0.0126454783744 , -114 , 74 , 60 , 1569438961.6886334
-1.48835596192 , 1.4603269439 , 0.008234264988 , -115 , 70 , 57 , 1569438961.742148
-1.4871698148 , 1.43969006216 , 0.0010292831235 , -115 , 63 , 56 , 1569438961.7946546
-1.48671518703 , 1.42111195988 , 0.00470529427885 , -121 , 63 , 56 , 1569438961.8483546
-1.48579542991 , 1.40047011004 , 0.00544049650993 , -119 , 63 , 60 , 1569438961.8930209
-1.48531742723 , 1.38376572789 , 0.00529345606371 , -118 , 59 , 56 , 1569438961.9379816
-1.48484158501 , 1.36700540104 , 0.006175698741 , -124 , 59 , 55 , 1569438961.9911573
-1.48422967939 , 1.34627902261 , 0.008234264988 , -126 , 59 , 52 , 1569438962.036503
-1.48345732013 , 1.32887961486 , 0.0110280334661 , -126 , 63 , 52 , 1569438962.0815918
-1.48244958585 , 1.31209915903 , 0.0135277210517 , -129 , 63 , 52 , 1569438962.1263077
-1.4812025894 , 1.29504454166 , 0.0158803681911 , -126 , 67 , 52 , 1569438962.171947
-1.47945650942 , 1.27651931034 , 0.0183800557768 , -122 , 67 , 52 , 1569438962.2246258
-1.47759777499 , 1.25702173709 , 0.0210267838086 , -122 , 70 , 48 , 1569438962.269912
-1.47544298651 , 1.2397139138 , 0.0236735118405 , -122 , 70 , 41 , 1569438962.3147883
-1.47287390608 , 1.22320305379 , 0.0264672803186 , -122 , 74 , 41 , 1569438962.3603277
-1.46971256265 , 1.20618289199 , 0.0291140083504 , -123 , 82 , 37 , 1569438962.4048674
-1.46583226989 , 1.18930258097 , 0.0297021701353 , -127 , 82 , 37 , 1569438962.4498577
-1.46174525812 , 1.17231860191 , 0.0305844128126 , -122 , 82 , 37 , 1569438962.4915657
-1.45674157516 , 1.15276640108 , 0.0323488981671 , -122 , 81 , 33 , 1569438962.5440063
-1.45218970935 , 1.13628207653 , 0.0344074644141 , -119 , 82 , 30 , 1569438962.5893471
-1.44750143099 , 1.11964295958 , 0.0364660306611 , -118 , 82 , 29 , 1569438962.6423173
-1.44169768579 , 1.09992187217 , 0.0392597991392 , -119 , 81 , 26 , 1569438962.6878252
-1.4367506672 , 1.08370412341 , 0.0416124462786 , -119 , 85 , 29 , 1569438962.7326612
-1.43134618475 , 1.0667325843 , 0.0438180529718 , -122 , 85 , 30 , 1569438962.7778804
-1.42627083124 , 1.05040011903 , 0.0449943765415 , -122 , 85 , 29 , 1569438962.8311532
-1.41985776317 , 1.03060928617 , 0.0457295787726 , -115 , 85 , 26 , 1569438962.8759696
-1.41467240109 , 1.01468169521 , 0.0458766192188 , -115 , 85 , 30 , 1569438962.9215338
-1.40906980124 , 0.99815863784 , 0.0458766192188 , -115 , 89 , 30 , 1569438962.9753673
-1.40182742101 , 0.977571728542 , 0.045288457434 , -115 , 92 , 26 , 1569438963.0231738
-1.39597485685 , 0.961728340145 , 0.0444062147567 , -115 , 92 , 26 , 1569438963.0688217
-1.3889165662 , 0.945682305435 , 0.0457295787726 , -114 , 97 , 26 , 1569438963.1218135
-1.3803682314 , 0.925070331617 , 0.0447002956491 , -111 , 97 , 18 , 1569438963.1789303
-1.37257067263 , 0.906682152129 , 0.043229891187 , -111 , 92 , 22 , 1569438963.2241688
-1.36553126219 , 0.890627825689 , 0.0427887698483 , -109 , 93 , 15 , 1569438963.2732642
-1.35785664913 , 0.873143804419 , 0.0426417294021 , -109 , 93 , 15 , 1569438963.3264291
-1.34984737944 , 0.855701006651 , 0.0426417294021 , -111 , 96 , 18 , 1569438963.3716688
-1.34244970394 , 0.840105641588 , 0.0427887698483 , -109 , 97 , 11 , 1569438963.42102
-1.33365239581 , 0.822418018881 , 0.0430828507408 , -111 , 100 , 14 , 1569438963.470923
-1.32475801035 , 0.804848799326 , 0.0426417294021 , -111 , 103 , 18 , 1569438963.5187795
-1.31688164363 , 0.789385711281 , 0.0416124462786 , -108 , 102 , 7 , 1569438963.5643165
-1.30778577591 , 0.773322839518 , 0.0420535676173 , -108 , 100 , 7 , 1569438963.6089094
-1.29928158557 , 0.758832643954 , 0.0429358102946 , -106 , 106 , 0 , 1569438963.664762
-1.2880284573 , 0.740412807059 , 0.0449943765415 , -107 , 107 , 0 , 1569438963.7075107
-1.27893930315 , 0.726811083852 , 0.0427887698483 , -105 , 109 , 7 , 1569438963.7607973
-1.26685147938 , 0.708061923231 , 0.0398479609241 , -107 , 105 , 0 , 1569438963.8138933
-1.25453145854 , 0.688142398524 , 0.0410242844938 , -108 , 109 , 0 , 1569438963.8669755
-1.24547116833 , 0.673890585896 , 0.0408772440476 , -106 , 113 , 0 , 1569438963.9207044
-1.23325475006 , 0.654649741895 , 0.0402890822627 , -102 , 113 , 7 , 1569438963.9776428
-1.22218987451 , 0.637257058012 , 0.0369071519998 , -105 , 112 , 0 , 1569438964.0185752
-1.21270271041 , 0.622930081673 , 0.0347015453066 , -102 , 113 , 0 , 1569438964.063724
-1.2028979844 , 0.608286837701 , 0.0317607363823 , -103 , 109 , 0 , 1569438964.1180212
-1.19144893714 , 0.590789401688 , 0.0291140083504 , -101 , 113 , 0 , 1569438964.1621418
-1.182027783 , 0.576474112472 , 0.0264672803186 , -101 , 112 , 0 , 1569438964.20697
-1.17214455941 , 0.561532330281 , 0.0232323905018 , -97 , 110 , 0 , 1569438964.256702
-1.16131104181 , 0.545240490248 , 0.0191152580078 , -94 , 118 , 0 , 1569438964.3012516
-1.15199952867 , 0.531586823016 , 0.0142629232828 , -94 , 117 , 0 , 1569438964.3460724
-1.14265760792 , 0.517889514427 , 0.00896946721907 , -97 , 117 , 0 , 1569438964.3869298
-1.13319176664 , 0.503809444281 , 0.00367601115536 , -98 , 117 , 0 , 1569438964.4325323
-1.12380120607 , 0.489847089596 , -0.00161744490836 , -95 , 114 , 0 , 1569438964.4813247
-1.11308487191 , 0.473681753575 , -0.00808722454178 , -94 , 117 , 0 , 1569438964.5263617
-1.10247108811 , 0.457726791753 , -0.014409963729 , -90 , 117 , 0 , 1569438964.5758612
-1.09333135183 , 0.443820370657 , -0.0207327029162 , -91 , 117 , 0 , 1569438964.624834
-1.08268001148 , 0.427643660778 , -0.0283788061193 , -89 , 120 , -3 , 1569438964.669778
-1.07358317258 , 0.413858147812 , -0.0351426666452 , -86 , 121 , -3 , 1569438964.7150254
-1.06185149186 , 0.397735016211 , -0.0414654058324 , -82 , 120 , -63 , 1569438964.78098
-1.04424710844 , 0.38313561166 , -0.0345545048603 , -81 , 115 , -93 , 1569438964.8256042
-1.02738698686 , 0.37363534183 , -0.02058566247 , -73 , 113 , -103 , 1569438964.8792858
-1.00465995534 , 0.363219501211 , 0.000735202231071 , -77 , 112 , -107 , 1569438964.9287803
-0.98568536511 , 0.355187395983 , 0.0183800557768 , -73 , 115 , -104 , 1569438964.9771185
-0.967698644509 , 0.348225062573 , 0.0342604239679 , -74 , 118 , -100 , 1569438965.0181265
-0.949681214882 , 0.340987489944 , 0.0485233472507 , -77 , 119 , -96 , 1569438965.0633767
-0.932076434029 , 0.333619045475 , 0.0599925020554 , -74 , 122 , -84 , 1569438965.108287
-0.914647966848 , 0.325933611925 , 0.0692560501669 , -74 , 123 , -81 , 1569438965.1531656
-0.897840290191 , 0.317885924371 , 0.0755787893541 , -74 , 127 , -66 , 1569438965.1983693
-0.877976758332 , 0.307426507148 , 0.080284083633 , -77 , 123 , -59 , 1569438965.2594874
-0.857515861602 , 0.295675363211 , 0.08234264988 , -74 , 130 , -48 , 1569438965.3088188
-0.842299008746 , 0.286026491646 , 0.0811663263102 , -78 , 128 , -37 , 1569438965.3620312
-0.824634826521 , 0.273588552828 , 0.0771962342625 , -74 , 127 , -33 , 1569438965.4072742
-0.810775611803 , 0.263199917729 , 0.0717557377525 , -77 , 131 , -33 , 1569438965.4522426
-0.796840537866 , 0.252241389977 , 0.065874119904 , -77 , 134 , -29 , 1569438965.4974377
-0.780430876924 , 0.239464714831 , 0.0588161784857 , -77 , 136 , -33 , 1569438965.554932
-0.761541458735 , 0.224904797686 , 0.0510230348363 , -77 , 134 , -37 , 1569438965.604012
-0.747270893556 , 0.213968362192 , 0.045288457434 , -74 , 134 , -37 , 1569438965.6489913
-0.733135650011 , 0.203478352314 , 0.0401420418165 , -70 , 131 , -40 , 1569438965.6940005
-0.718175300832 , 0.19272736917 , 0.0351426666452 , -67 , 131 , -44 , 1569438965.7477682
-0.699181418599 , 0.179948811085 , 0.0297021701353 , -70 , 134 , -52 , 1569438965.7961855
-0.684082078296 , 0.170335421553 , 0.0270554421034 , -70 , 134 , -59 , 1569438965.8418226
-0.665876163789 , 0.159425362315 , 0.0257320780875 , -70 , 135 , -63 , 1569438965.8946228
-0.645788793268 , 0.148176705883 , 0.0255850376413 , -63 , 134 , -70 , 1569438965.9477856
-0.62901629728 , 0.1396629385 , 0.0261731994261 , -66 , 134 , -81 , 1569438965.992988
-0.608775805403 , 0.130159752784 , 0.0276436038883 , -63 , 134 , -81 , 1569438966.050195
-0.585548336979 , 0.119958042584 , 0.0292610487966 , -59 , 134 , -85 , 1569438966.099253
-0.567618136586 , 0.112712846338 , 0.0307314532588 , -58 , 138 , -89 , 1569438966.1447139
-0.549392252947 , 0.105670490593 , 0.0322018577209 , -51 , 134 , -85 , 1569438966.1980913
-0.527834872886 , 0.0977556480669 , 0.0332311408444 , -48 , 131 , -85 , 1569438966.2430346
-0.510250790173 , 0.0916594072348 , 0.0333781812906 , -48 , 134 , -85 , 1569438966.288298
-0.489394754219 , 0.0847525171332 , 0.0335252217368 , -42 , 131 , -89 , 1569438966.3463361
-0.466047814631 , 0.0772333643236 , 0.0335252217368 , -44 , 134 , -92 , 1569438966.4025066
-0.445021661599 , 0.0710620004741 , 0.0339663430755 , -44 , 138 , -96 , 1569438966.4474554
-0.425957611701 , 0.0657276706401 , 0.0347015453066 , -44 , 134 , -96 , 1569438966.488774
-0.407039572648 , 0.0605419259455 , 0.0352897070914 , -40 , 138 , -100 , 1569438966.5335286
-0.387208530317 , 0.0556510302609 , 0.0363189902149 , -40 , 148 , -111 , 1569438966.5785844
-0.366065795311 , 0.0508000705781 , 0.0380834755695 , -40 , 152 , -118 , 1569438966.624289
-0.340969107057 , 0.0453818878866 , 0.0402890822627 , -42 , 150 , -115 , 1569438966.6815472
-0.312694134206 , 0.0395595441177 , 0.0416124462786 , -39 , 145 , -111 , 1569438966.7390666
-0.286278907554 , 0.0344238796044 , 0.0414654058324 , -29 , 152 , -126 , 1569438966.7881994
-0.259207546721 , 0.0309613263212 , 0.0429358102946 , -29 , 174 , -151 , 1569438966.841432
-0.228221183203 , 0.0278463795992 , 0.0469059023423 , -33 , 181 , -164 , 1569438966.88978
-0.199916560936 , 0.025483173023 , 0.0508759943901 , -29 , 185 , -168 , 1569438966.935611
-0.171083970649 , 0.0235105393726 , 0.0552872077765 , -27 , 181 , -173 , 1569438966.9891334
-0.133309670808 , 0.021376059377 , 0.0599925020554 , -25 , 183 , -167 , 1569438967.0375638
-0.104823538132 , 0.0200643590994 , 0.0626392300873 , -19 , 181 , -162 , 1569438967.0911329
-0.0684147966611 , 0.0185689633194 , 0.0639625941032 , -22 , 175 , -154 , 1569438967.140456
