0.0 , 0.0 , 0.0 , -0.000562366 , 4.14867e-05 , 0 , 0 , 0 , 1569607963.0252059
4.8389489486e-05 , 2.79376847807e-05 , 0.000147040446214 , -0.000564909 , 0.00013314 , 0 , 3 , 0 , 1569607963.0661933
0.000241963877216 , -8.37845922856e-05 , -0.000441121338643 , -0.000671374 , 0.000291478 , 0 , 0 , 0 , 1569607963.1111674
0.000338742846772 , -8.3827283557e-05 , -0.000441121338643 , -0.00068792 , 0.000364892 , 0 , 23 , 0 , 1569607963.1521711
0.00232225573806 , -0.00111839669093 , -0.00588161784857 , -0.000727949 , 0.000313759 , 0 , 38 , -49 , 1569607963.1932073
0.00871087241198 , -0.000932467181942 , -0.00470529427885 , 5.39466e-05 , -0.00187248 , 0 , 42 , -61 , 1569607963.234382
0.016505831977 , -4.71912275891e-05 , 0.000147040446214 , 0.00105341 , -0.00677945 , 0 , 50 , -61 , 1569607963.2792807
0.0249739062781 , 0.000540745308581 , 0.00323488981671 , 0.00536894 , -0.00653494 , 0 , 61 , -57 , 1569607963.3201983
0.0343120347571 , 0.000878269371218 , 0.00485233472507 , 0.0111892 , -0.00426616 , 0 , 57 , -76 , 1569607963.3653708
0.0463566733554 , 0.0018027928722 , 0.00941058855771 , 0.0216553 , -0.0022396 , 0 , 61 , -80 , 1569607963.4144475
0.0574784017546 , 0.00268974778499 , 0.0135277210517 , 0.031878 , 0.000177378 , 0 , 69 , -91 , 1569607963.4553638
0.070381718502 , 0.00400986079481 , 0.0191152580078 , 0.0429834 , 0.00358215 , 0 , 73 , -110 , 1569607963.500432
0.0848692130742 , 0.0056839662099 , 0.0264672803186 , 0.0576629 , 0.00627751 , 0 , 81 , -114 , 1569607963.5537674
0.104458189305 , 0.00810298240112 , 0.0364660306611 , 0.0753927 , 0.0090405 , 0 , 84 , -114 , 1569607963.598837
0.119640835986 , 0.0100267360526 , 0.0436710125256 , 0.0877204 , 0.0126677 , 3 , 80 , -114 , 1569607963.6396704
0.135082212712 , 0.0124632594726 , 0.0520523179598 , 0.103684 , 0.0160891 , 26 , 82 , -120 , 1569607963.6848035
0.152691354865 , 0.0176609478879 , 0.0599925020554 , 0.121585 , 0.0191352 , 25 , 90 , -123 , 1569607963.7342038
0.170282122404 , 0.0226078668729 , 0.0552872077765 , 0.137842 , 0.0226373 , 40 , 78 , -112 , 1569607963.77896
0.185926755737 , 0.0289019021984 , 0.0529345606371 , 0.155591 , 0.0278171 , 51 , 86 , -123 , 1569607963.8240356
0.201919512659 , 0.0361839439618 , 0.0492585494818 , 0.169744 , 0.0318353 , 55 , 82 , -124 , 1569607963.8689144
0.217809254021 , 0.0440720729806 , 0.0447002956491 , 0.186109 , 0.0377996 , 62 , 86 , -124 , 1569607963.909998
0.234046957806 , 0.0524889322962 , 0.0388186778006 , 0.201573 , 0.0463023 , 70 , 79 , -127 , 1569607963.9551167
0.250011240038 , 0.0616363740823 , 0.032937059952 , 0.213845 , 0.0547112 , 70 , 78 , -123 , 1569607964.0001175
0.265780791235 , 0.0708772525098 , 0.0276436038883 , 0.229194 , 0.0633081 , 70 , 74 , -127 , 1569607964.0492969
0.283869880341 , 0.08194190865 , 0.0232323905018 , 0.248832 , 0.0760966 , 74 , 74 , -127 , 1569607964.0943434
0.299524477476 , 0.0914717019644 , 0.0189682175616 , 0.2617 , 0.0843383 , 70 , 67 , -130 , 1569607964.1393442
0.314878253876 , 0.101067893575 , 0.0167626108684 , 0.277238 , 0.0945034 , 70 , 59 , -123 , 1569607964.1805446
0.329380396747 , 0.110727332787 , 0.0151451659601 , 0.290879 , 0.102438 , 70 , 56 , -120 , 1569607964.22547
0.343125693634 , 0.120239839613 , 0.0133806806055 , 0.307127 , 0.111161 , 66 , 48 , -115 , 1569607964.2704968
0.356112843642 , 0.129773589196 , 0.0127925188206 , 0.320646 , 0.118373 , 66 , 45 , -120 , 1569607964.3153837
0.368952222378 , 0.139940355739 , 0.0133806806055 , 0.33352 , 0.127299 , 70 , 37 , -116 , 1569607964.3565018
0.380960454811 , 0.150299211536 , 0.0154392468525 , 0.345386 , 0.137476 , 70 , 33 , -113 , 1569607964.4015021
0.392317055075 , 0.160756856296 , 0.0179389344381 , 0.356909 , 0.147761 , 74 , 26 , -113 , 1569607964.4465084
0.402079218707 , 0.172332407595 , 0.0227912691632 , 0.365155 , 0.159098 , 71 , 0 , -102 , 1569607964.4875286
0.410532392646 , 0.183703076465 , 0.0286728870118 , 0.371982 , 0.170844 , 78 , 3 , -111 , 1569607964.532597
0.41865026367 , 0.196037894973 , 0.0358778688763 , 0.378239 , 0.180998 , 75 , 0 , -107 , 1569607964.5735207
0.426479606441 , 0.208591457206 , 0.0413183653862 , 0.382144 , 0.193777 , 82 , 0 , -95 , 1569607964.6185427
0.433431310961 , 0.220846397012 , 0.0442591743105 , 0.386094 , 0.20549 , 90 , -3 , -90 , 1569607964.6636689
0.440123911339 , 0.233783011337 , 0.0467588618961 , 0.393514 , 0.215243 , 89 , 0 , -92 , 1569607964.7045918
0.446729287456 , 0.24687358857 , 0.0464647810037 , 0.40618 , 0.222469 , 91 , 0 , -88 , 1569607964.7537386
0.453903312479 , 0.261358910555 , 0.0449943765415 , 0.414431 , 0.231887 , 94 , 0 , -92 , 1569607964.799724
0.460477152845 , 0.274575182855 , 0.0436710125256 , 0.426975 , 0.244213 , 97 , 0 , -88 , 1569607964.8399136
0.466696366709 , 0.28743091105 , 0.0414654058324 , 0.435571 , 0.254124 , 94 , 0 , -84 , 1569607964.8848317
0.472521528315 , 0.299947787239 , 0.0380834755695 , 0.44305 , 0.266302 , 98 , 0 , -76 , 1569607964.9298334
0.478086096829 , 0.312768846357 , 0.0324959386133 , 0.449781 , 0.279256 , 97 , 0 , -80 , 1569607964.9708335
0.483523314269 , 0.325719862135 , 0.0260261589799 , 0.455651 , 0.291234 , 94 , 0 , -68 , 1569607965.0158744
0.488615392888 , 0.338372742245 , 0.0191152580078 , 0.459146 , 0.303139 , 104 , 0 , -65 , 1569607965.0567906
0.493694826693 , 0.351155875273 , 0.0104398716812 , 0.464253 , 0.316817 , 105 , -3 , -68 , 1569607965.1019342
0.498443943357 , 0.364420702309 , 0.00235264713943 , 0.466716 , 0.325784 , 101 , -33 , -70 , 1569607965.146901
0.501458886029 , 0.37870399185 , 0.002058566247 , 0.471779 , 0.337647 , 93 , -34 , -75 , 1569607965.1878188
0.504285276627 , 0.392594868927 , 0.00544049650993 , 0.473916 , 0.353691 , 89 , -56 , -63 , 1569607965.2329247
0.506092945859 , 0.407216329027 , 0.014409963729 , 0.475439 , 0.370114 , 99 , -60 , -70 , 1569607965.282061
0.505709070177 , 0.423779564282 , 0.0204386220238 , 0.475815 , 0.386778 , 96 , -63 , -67 , 1569607965.327204
0.505647783069 , 0.438616321189 , 0.0270554421034 , 0.476632 , 0.401262 , 93 , -56 , -56 , 1569607965.3723776
0.50522530306 , 0.452439104976 , 0.0327900195058 , 0.476228 , 0.41354 , 97 , -63 , -56 , 1569607965.413124
0.504128546263 , 0.466686964525 , 0.0377893946771 , 0.475389 , 0.42982 , 100 , -59 , -59 , 1569607965.4581985
0.503235925771 , 0.481330980338 , 0.0417594867248 , 0.474372 , 0.44471 , 100 , -59 , -56 , 1569607965.503257
0.502893861809 , 0.496472125285 , 0.047347023681 , 0.47157 , 0.460698 , 103 , -56 , -52 , 1569607965.5535483
0.501052990088 , 0.512830689104 , 0.0477881450196 , 0.466915 , 0.476562 , 100 , -59 , -48 , 1569607965.5975056
0.499654012468 , 0.526888439652 , 0.0492585494818 , 0.465409 , 0.490344 , 104 , -59 , -52 , 1569607965.642512
0.498347719067 , 0.541593053181 , 0.051464156175 , 0.464664 , 0.505446 , 104 , -59 , -56 , 1569607965.6834207
0.497041512995 , 0.556604146654 , 0.0530816010833 , 0.465143 , 0.520041 , 107 , -67 , -49 , 1569607965.7291317
0.494798553309 , 0.574194473062 , 0.0544049650993 , 0.466386 , 0.536404 , 100 , -52 , -45 , 1569607965.7817938
0.493327858174 , 0.587852110274 , 0.0524934392985 , 0.463635 , 0.549771 , 107 , -55 , -33 , 1569607965.8227053
0.490776245053 , 0.601370440021 , 0.0488174281431 , 0.461648 , 0.561603 , 100 , -56 , -33 , 1569607965.8680112
0.488332217562 , 0.614705088668 , 0.0463177405575 , 0.458575 , 0.574411 , 107 , -63 , -33 , 1569607965.9127939
0.485420044529 , 0.628414108161 , 0.0445532552029 , 0.455871 , 0.586902 , 104 , -63 , -29 , 1569607965.9576719
0.482289113722 , 0.642145378778 , 0.0424946889559 , 0.452438 , 0.601167 , 96 , -71 , -26 , 1569607965.9994605
0.478278567574 , 0.655592795479 , 0.0422006080635 , 0.449003 , 0.615592 , 100 , -71 , -30 , 1569607966.0439045
0.47435216812 , 0.669436253305 , 0.0426417294021 , 0.447317 , 0.628368 , 96 , -71 , -33 , 1569607966.0889409
0.470422044304 , 0.683222153187 , 0.0436710125256 , 0.444485 , 0.64131 , 103 , -70 , -18 , 1569607966.1299272
0.465778195936 , 0.696386180348 , 0.0416124462786 , 0.439852 , 0.65584 , 93 , -68 , 0 , 1569607966.1749167
0.46036627827 , 0.708883507376 , 0.037054192446 , 0.43413 , 0.666473 , 100 , -74 , -11 , 1569607966.2199929
0.454511260339 , 0.721834143269 , 0.0326429790596 , 0.428194 , 0.676578 , 93 , -67 , 0 , 1569607966.2608442
0.448791880558 , 0.733890607661 , 0.0277906443345 , 0.420681 , 0.6886 , 93 , -79 , 0 , 1569607966.3059251
0.442220563963 , 0.745641939047 , 0.0252909567488 , 0.415098 , 0.698116 , 83 , -87 , 0 , 1569607966.3468275
0.435253873825 , 0.756979715513 , 0.0254379971951 , 0.40968 , 0.711996 , 87 , -83 , 0 , 1569607966.391939
0.428479011987 , 0.768321390666 , 0.024702794964 , 0.404497 , 0.72302 , 90 , -80 , 0 , 1569607966.4328823
0.421761555199 , 0.77964130972 , 0.0238205522867 , 0.398728 , 0.733979 , 83 , -95 , 0 , 1569607966.4779809
0.414331778657 , 0.790810213669 , 0.0266143207648 , 0.392271 , 0.745831 , 79 , -87 , 0 , 1569607966.518856
0.407108972309 , 0.802104394445 , 0.0279376847807 , 0.383792 , 0.758119 , 79 , -99 , 0 , 1569607966.5639508
0.3992845354 , 0.813596200618 , 0.0313196150436 , 0.379363 , 0.767038 , 79 , -98 , 0 , 1569607966.6049817
0.391430027368 , 0.824782239588 , 0.0354367475376 , 0.373963 , 0.780126 , 79 , -95 , 0 , 1569607966.6500192
0.383385444116 , 0.835902782426 , 0.0402890822627 , 0.368351 , 0.791547 , 71 , -102 , 0 , 1569607966.6908858
0.374999144413 , 0.846916635218 , 0.0466118214499 , 0.360949 , 0.804801 , 75 , -103 , 0 , 1569607966.7359812
0.366438890692 , 0.858040178461 , 0.0524934392985 , 0.356269 , 0.814678 , 75 , -106 , 0 , 1569607966.776948
0.357658131374 , 0.869300858971 , 0.0589632189319 , 0.347917 , 0.827002 , 78 , -106 , 0 , 1569607966.8220208
0.348698213373 , 0.880666126335 , 0.0654329985653 , 0.341687 , 0.839727 , 71 , -103 , 0 , 1569607966.862949
0.339744293188 , 0.891502427276 , 0.072049818645 , 0.333831 , 0.850418 , 70 , -101 , 26 , 1569607966.908078
0.328931098552 , 0.900833726393 , 0.0721968590912 , 0.324321 , 0.860544 , 74 , -105 , 37 , 1569607966.953146
0.316982392725 , 0.909745283727 , 0.0696971715055 , 0.315525 , 0.868928 , 78 , -90 , 41 , 1569607966.9982138
0.305237782762 , 0.918167263602 , 0.0644037154418 , 0.302821 , 0.876274 , 70 , -105 , 52 , 1569607967.0390868
0.292064328912 , 0.926192314256 , 0.0594043402705 , 0.290852 , 0.88325 , 63 , -104 , 63 , 1569607967.0841691
0.278168042011 , 0.933258190671 , 0.0545520055455 , 0.277237 , 0.890401 , 66 , -108 , 63 , 1569607967.1291904
0.264287924956 , 0.940726166572 , 0.050140792159 , 0.263018 , 0.897618 , 63 , -112 , 74 , 1569607967.1744096
0.249449787438 , 0.947730023345 , 0.0441121338643 , 0.247235 , 0.90404 , 63 , -104 , 67 , 1569607967.2152412
0.235050738433 , 0.954616993272 , 0.039112758693 , 0.233431 , 0.912506 , 55 , -109 , 66 , 1569607967.2602997
0.220454369341 , 0.961315155401 , 0.0363189902149 , 0.219329 , 0.91931 , 59 , -127 , 82 , 1569607967.3053043
0.203551548755 , 0.968081407847 , 0.0332311408444 , 0.208246 , 0.926212 , 59 , -126 , 81 , 1569607967.3502827
0.186428816249 , 0.974863860346 , 0.0273495229958 , 0.192485 , 0.932487 , 48 , -131 , 96 , 1569607967.3913245
0.167918049296 , 0.980869389281 , 0.0232323905018 , 0.174511 , 0.941603 , 55 , -135 , 100 , 1569607967.4364638
0.148794834101 , 0.987299556944 , 0.0192622984541 , 0.156359 , 0.948186 , 55 , -141 , 103 , 1569607967.4815667
0.128777530053 , 0.99381581849 , 0.0149981255138 , 0.139915 , 0.954125 , 44 , -138 , 103 , 1569607967.5265036
0.109146575573 , 0.999109534348 , 0.0135277210517 , 0.122633 , 0.962586 , 37 , -142 , 107 , 1569607967.5674834
0.089044110657 , 1.00409034258 , 0.0120573165896 , 0.102424 , 0.967628 , 36 , -141 , 103 , 1569607967.6126027
0.0695316440099 , 1.00894009144 , 0.0114691548047 , 0.0830448 , 0.972874 , 29 , -145 , 121 , 1569607967.6576464
0.0488344841097 , 1.01185986813 , 0.0126454783744 , 0.0624508 , 0.978942 , 11 , -146 , 122 , 1569607967.7027366
0.0275222013829 , 1.01337850455 , 0.0176448535457 , 0.0456133 , 0.983821 , -7 , -146 , 125 , 1569607967.7478685
0.00593201828068 , 1.01366811821 , 0.024702794964 , 0.0234914 , 0.987791 , 0 , -145 , 127 , 1569607967.788658
-0.0160045048304 , 1.0140483395 , 0.0295551296891 , 0.0013066 , 0.988563 , 0 , -141 , 127 , 1569607967.8337405
-0.0372588529979 , 1.01411872879 , 0.0332311408444 , -0.0160315 , 0.989617 , 0 , -137 , 127 , 1569607967.8789196
-0.0616885512158 , 1.0135022749 , 0.0342604239679 , -0.040904 , 0.987901 , 0 , -126 , 128 , 1569607967.9279306
-0.0819034881054 , 1.01280943149 , 0.0342604239679 , -0.0581551 , 0.986738 , 0 , -118 , 131 , 1569607967.97287
-0.101858437106 , 1.01159437117 , 0.0319077768285 , -0.0779621 , 0.982179 , 0 , -115 , 127 , 1569607968.0140922
-0.121088042771 , 1.01036564681 , 0.0286728870118 , -0.0971596 , 0.979624 , 0 , -106 , 127 , 1569607968.0590196
-0.139779044732 , 1.00885135386 , 0.0235264713943 , -0.113385 , 0.974895 , -3 , -98 , 121 , 1569607968.0999246
-0.157883934848 , 1.00688833307 , 0.0180859748843 , -0.13226 , 0.973046 , -40 , -90 , 123 , 1569607968.1451685
-0.175261264392 , 1.00168411829 , 0.0183800557768 , -0.14902 , 0.970086 , -18 , -97 , 112 , 1569607968.190096
-0.191886581163 , 0.997773939445 , 0.0214679051473 , -0.163595 , 0.969144 , -59 , -78 , 115 , 1569607968.2351408
-0.207420829188 , 0.99090147546 , 0.0263202398723 , -0.176184 , 0.963863 , -51 , -82 , 111 , 1569607968.2761855
-0.222446642577 , 0.984301586165 , 0.0311725745974 , -0.190705 , 0.955486 , -63 , -60 , 112 , 1569607968.321144
-0.236033761957 , 0.97599564692 , 0.0347015453066 , -0.204138 , 0.948998 , -63 , -60 , 120 , 1569607968.3661625
-0.249528585726 , 0.967224676823 , 0.0369071519998 , -0.215275 , 0.942718 , -63 , -52 , 111 , 1569607968.4112017
-0.262353748208 , 0.957860883629 , 0.0399950013703 , -0.227982 , 0.936269 , -63 , -52 , 108 , 1569607968.452155
-0.274974405557 , 0.948911917747 , 0.0419065271711 , -0.241013 , 0.926354 , -66 , -48 , 108 , 1569607968.497236
-0.287118231623 , 0.9393709124 , 0.0429358102946 , -0.254044 , 0.916254 , -67 , -41 , 113 , 1569607968.542305
-0.298942974963 , 0.929383283697 , 0.0424946889559 , -0.264478 , 0.905744 , -66 , -37 , 116 , 1569607968.5873168
-0.31046068485 , 0.918910781832 , 0.0398479609241 , -0.276531 , 0.894599 , -74 , -29 , 112 , 1569607968.6282976
-0.321257433807 , 0.90791149089 , 0.0389657182468 , -0.287388 , 0.884793 , -74 , -33 , 104 , 1569607968.673339
-0.331879178263 , 0.897152601623 , 0.0374953137846 , -0.299411 , 0.872185 , -70 , -22 , 109 , 1569607968.71841
-0.342020608927 , 0.886092465202 , 0.0347015453066 , -0.308853 , 0.860319 , -81 , -18 , 112 , 1569607968.7593095
-0.351767245125 , 0.873957300932 , 0.0313196150436 , -0.316931 , 0.849432 , -78 , 0 , 110 , 1569607968.8044224
-0.360932234908 , 0.862070335127 , 0.0254379971951 , -0.322788 , 0.837205 , -82 , -7 , 109 , 1569607968.8498182
-0.3698596829 , 0.84957457687 , 0.0204386220238 , -0.332429 , 0.823129 , -74 , -7 , 99 , 1569607968.8903646
-0.377991222456 , 0.83775590796 , 0.0151451659601 , -0.340916 , 0.808804 , -82 , 0 , 100 , 1569607968.9354787
-0.38574425358 , 0.82562389568 , 0.0105869121274 , -0.348118 , 0.797504 , -86 , 0 , 103 , 1569607968.9805331
-0.393403499437 , 0.813165716908 , 0.00764610320314 , -0.358045 , 0.784843 , -83 , 0 , 99 , 1569607969.021526
-0.401056301479 , 0.801428908043 , 0.0030878493705 , -0.365346 , 0.773746 , -86 , 0 , 96 , 1569607969.0665214
-0.408422159297 , 0.789197336858 , 0.00147040446214 , -0.370272 , 0.763354 , -90 , 0 , 88 , 1569607969.10747
-0.41667789748 , 0.776361786398 , -0.00249968758564 , -0.378451 , 0.749787 , -91 , 0 , 88 , 1569607969.1566582
-0.423776401541 , 0.762913524342 , 0.000735202231071 , -0.387336 , 0.737038 , -91 , 0 , 88 , 1569607969.2017617
-0.43078352999 , 0.750196722674 , 0.00220560669321 , -0.392201 , 0.725896 , -91 , 0 , 84 , 1569607969.2426255
-0.437385576489 , 0.737805736671 , 0.00455825383264 , -0.397364 , 0.714976 , -91 , 0 , 92 , 1569607969.2877326
-0.444295265834 , 0.724978647774 , 0.00646977963343 , -0.402139 , 0.703074 , -87 , 0 , 84 , 1569607969.328614
-0.450940830617 , 0.712503121907 , 0.00852834588042 , -0.407446 , 0.691668 , -103 , 0 , 76 , 1569607969.3737268
-0.456929991339 , 0.699823750272 , 0.0139688423904 , -0.412904 , 0.680666 , -98 , 0 , 81 , 1569607969.4146175
-0.46439058939 , 0.686531653713 , 0.0138218019441 , -0.419561 , 0.666969 , -91 , 0 , 84 , 1569607969.4679174
-0.470492959635 , 0.672868290724 , 0.0208797433624 , -0.422732 , 0.653253 , -106 , 0 , 73 , 1569607969.5088677
-0.476136210088 , 0.660343407524 , 0.0266143207648 , -0.428441 , 0.641062 , -94 , 0 , 76 , 1569607969.5539339
-0.48171497778 , 0.648065646696 , 0.0316136959361 , -0.433099 , 0.631037 , -91 , 0 , 80 , 1569607969.5949016
-0.487288607787 , 0.636009933075 , 0.0357308284301 , -0.437273 , 0.618689 , -105 , 0 , 72 , 1569607969.6399145
-0.492403730363 , 0.623330966591 , 0.0427887698483 , -0.443692 , 0.609622 , -95 , 0 , 69 , 1569607969.6808383
-0.497363619894 , 0.611346068707 , 0.0488174281431 , -0.449411 , 0.597679 , -94 , 0 , 72 , 1569607969.728256
-0.503092379711 , 0.596717056119 , 0.0571987335773 , -0.455673 , 0.582714 , -98 , 0 , 76 , 1569607969.775079
-0.507813179559 , 0.584357887532 , 0.0642566749956 , -0.460132 , 0.570108 , -106 , 0 , 69 , 1569607969.8201501
-0.512242710073 , 0.571810856588 , 0.0721968590912 , -0.46448 , 0.561675 , -94 , 0 , 61 , 1569607969.861153
-0.51615624273 , 0.559511249211 , 0.081019285864 , -0.469099 , 0.550302 , -108 , 14 , 67 , 1569607969.906159
-0.518837476393 , 0.545895378129 , 0.0857245801429 , -0.470601 , 0.539611 , -93 , 41 , 71 , 1569607969.9511442
-0.520044511709 , 0.53224801596 , 0.0813133667565 , -0.469587 , 0.523317 , -97 , 59 , 67 , 1569607969.9921076
-0.519342282925 , 0.517673426131 , 0.0746965466768 , -0.47135 , 0.5035 , -91 , 64 , 63 , 1569607970.0453877
-0.517835169028 , 0.501424981135 , 0.0642566749956 , -0.469397 , 0.487465 , -97 , 75 , 59 , 1569607970.086314
-0.515446451703 , 0.486909062513 , 0.0546990459917 , -0.466115 , 0.470319 , -93 , 78 , 52 , 1569607970.1314206
-0.512994146245 , 0.472214183516 , 0.0455825383264 , -0.462934 , 0.452408 , -85 , 75 , 52 , 1569607970.1765902
-0.510706459527 , 0.458167366992 , 0.0373482733384 , -0.45898 , 0.438566 , -97 , 78 , 44 , 1569607970.2215679
-0.50745816971 , 0.443806921607 , 0.0317607363823 , -0.459083 , 0.425698 , -96 , 75 , 45 , 1569607970.2624426
-0.504485404388 , 0.429478251228 , 0.0273495229958 , -0.454404 , 0.412155 , -101 , 74 , 37 , 1569607970.307697
-0.501287174222 , 0.415200400858 , 0.0249968758564 , -0.450674 , 0.399073 , -100 , 78 , 37 , 1569607970.3525863
-0.497685079423 , 0.400842163972 , 0.0230853500556 , -0.447767 , 0.38342 , -100 , 74 , 33 , 1569607970.393578
-0.494208480308 , 0.386530694329 , 0.0219090264859 , -0.445091 , 0.368445 , -104 , 71 , 30 , 1569607970.4387164
-0.490651962761 , 0.372217265146 , 0.0216149455935 , -0.44313 , 0.351637 , -111 , 74 , 30 , 1569607970.483622
-0.486794893769 , 0.357238717997 , 0.0239675927329 , -0.44168 , 0.340161 , -101 , 70 , 26 , 1569607970.5246544
-0.482686830153 , 0.34336434173 , 0.0258791185337 , -0.438121 , 0.327648 , -100 , 78 , 15 , 1569607970.5697248
-0.477160271351 , 0.329953080415 , 0.0282317656731 , -0.434243 , 0.314224 , -108 , 81 , 7 , 1569607970.6146564
-0.471023310678 , 0.316627102621 , 0.0335252217368 , -0.429979 , 0.301399 , -107 , 81 , 5 , 1569607970.655685
-0.464309194476 , 0.304105532342 , 0.037054192446 , -0.424756 , 0.289858 , -102 , 83 , 0 , 1569607970.6966133
-0.45708985117 , 0.290925904821 , 0.0417594867248 , -0.418686 , 0.279206 , -105 , 90 , 0 , 1569607970.741762
-0.449511492217 , 0.277625033033 , 0.0455825383264 , -0.409473 , 0.268653 , -102 , 94 , 0 , 1569607970.782596
-0.441610125902 , 0.264757181866 , 0.0470529427885 , -0.401427 , 0.254923 , -98 , 94 , 0 , 1569607970.8276923
-0.433452109723 , 0.25199606324 , 0.0471999832348 , -0.394083 , 0.244363 , -97 , 98 , 0 , 1569607970.868672
-0.424892350764 , 0.238975343689 , 0.0463177405575 , -0.386369 , 0.231345 , -94 , 102 , 0 , 1569607970.9137049
-0.416409236284 , 0.226307637321 , 0.0447002956491 , -0.377495 , 0.220161 , -101 , 105 , 0 , 1569607970.9586525
-0.407435745719 , 0.213033834484 , 0.0424946889559 , -0.369967 , 0.207673 , -94 , 102 , 0 , 1569607971.0001543
-0.398644899084 , 0.199929492172 , 0.0404361227089 , -0.360677 , 0.194973 , -94 , 102 , 0 , 1569607971.0448153
-0.389937302834 , 0.187000528882 , 0.0380834755695 , -0.350142 , 0.179714 , -97 , 110 , 0 , 1569607971.0856957
-0.380804747884 , 0.173537265919 , 0.0351426666452 , -0.340648 , 0.166222 , -90 , 106 , 0 , 1569607971.130779
-0.371970310557 , 0.160513350578 , 0.0320548172747 , -0.330443 , 0.154565 , -90 , 110 , 0 , 1569607971.1716948
-0.362936994168 , 0.147553742211 , 0.0276436038883 , -0.319994 , 0.142327 , -94 , 114 , 0 , 1569607971.2168071
-0.353667618269 , 0.134450729069 , 0.022644228717 , -0.310018 , 0.129889 , -86 , 110 , 0 , 1569607971.2616656
-0.344621014958 , 0.121828931758 , 0.0169096513146 , -0.30067 , 0.115078 , -85 , 117 , 0 , 1569607971.3109596
-0.333826079919 , 0.107370047711 , 0.00867538632664 , -0.290106 , 0.101503 , -82 , 118 , 0 , 1569607971.351868
-0.324475212368 , 0.0949066796071 , -0.000441121338643 , -0.281117 , 0.0882448 , -71 , 114 , 0 , 1569607971.3969328
-0.315383115976 , 0.0832805908896 , -0.0108809930199 , -0.27145 , 0.0766968 , -74 , 117 , 0 , 1569607971.441874
-0.306269855738 , 0.0713630853774 , -0.0214679051473 , -0.262283 , 0.0630088 , -64 , 110 , -3 , 1569607971.482983
-0.295989453571 , 0.0609986358102 , -0.0294080892428 , -0.253776 , 0.0491943 , -63 , 116 , -52 , 1569607971.528357
-0.283230502159 , 0.0520427318681 , -0.0299962510277 , -0.244903 , 0.0387377 , -63 , 101 , -56 , 1569607971.5691645
-0.271189767792 , 0.0435199711858 , -0.0248498354102 , -0.233816 , 0.0356532 , -63 , 98 , -67 , 1569607971.6141012
-0.257871671522 , 0.0360067481151 , -0.0163214895298 , -0.220716 , 0.0308849 , -52 , 93 , -75 , 1569607971.6591659
-0.243006576153 , 0.0305390630796 , -0.00455825383264 , -0.205995 , 0.0257428 , -63 , 101 , -82 , 1569607971.708319
-0.227170900236 , 0.0225883705926 , 0.00470529427885 , -0.191679 , 0.0214648 , -59 , 100 , -81 , 1569607971.7533433
-0.212141404552 , 0.0165127306234 , 0.0151451659601 , -0.179811 , 0.017383 , -52 , 116 , -100 , 1569607971.7984717
-0.1948312548 , 0.0111308561414 , 0.0238205522867 , -0.164489 , 0.0113505 , -50 , 120 , -111 , 1569607971.8476157
-0.173158312131 , 0.00552712606167 , 0.0335252217368 , -0.142849 , 0.00749485 , -40 , 123 , -115 , 1569607971.8926716
-0.153765905284 , 0.00187268206993 , 0.0399950013703 , -0.128103 , 0.00353617 , -33 , 123 , -115 , 1569607971.9376323
-0.135566850325 , -0.00150918485664 , 0.0439650934181 , -0.11415 , 0.001527 , -34 , 127 , -114 , 1569607971.97867
-0.115663289702 , -0.00362578239162 , 0.049405589928 , -0.0945011 , -0.00106165 , -22 , 134 , -126 , 1569607972.0196342
-0.0950911981652 , -0.00520995721093 , 0.0520523179598 , -0.074454 , -0.00757565 , -11 , 123 , -123 , 1569607972.0646644
