0.0 , 0.0 , 0.0 , 0 , 0 , 0 , 1569348407.8980532
0.000290336936916 , -4.65255913474e-21 , 1.19131916551e-21 , 0 , 54 , -30 , 1569348407.9589586
0.00953272942875 , -0.00114544507601 , -0.00602865829478 , 0 , 92 , -95 , 1569348408.0073452
0.0243885380181 , -0.00115119217727 , -0.00558753695614 , 0 , 111 , -121 , 1569348408.0485868
0.0429243891226 , -0.000723938711053 , -0.00279376847807 , 0 , 122 , -139 , 1569348408.0933812
0.0635888839853 , 2.85253448679e-05 , 0.00147040446214 , 0 , 125 , -150 , 1569348408.1387405
0.088749748129 , 0.00118303061774 , 0.00735202231071 , 0 , 129 , -153 , 1569348408.1931636
0.117820980903 , 0.00276575037308 , 0.0145570041752 , 0 , 126 , -151 , 1569348408.2466424
0.143252448574 , 0.00442125218196 , 0.0213208647011 , 0 , 126 , -153 , 1569348408.302903
0.172247380493 , 0.00654852083285 , 0.0292610487966 , 0 , 130 , -154 , 1569348408.362096
0.201708195426 , 0.00892010235544 , 0.0372012328922 , 0 , 130 , -153 , 1569348408.4168758
0.227725326085 , 0.0111464846815 , 0.0438180529718 , 0 , 121 , -150 , 1569348408.4583337
0.249279595828 , 0.0133499594478 , 0.0504348730515 , 0 , 122 , -150 , 1569348408.5123258
0.282962689702 , 0.0179594223679 , 0.0652859581191 , 0 , 122 , -150 , 1569348408.5728085
0.306164754658 , 0.0198403124791 , 0.0671974839199 , 0 , 122 , -150 , 1569348408.6181602
0.328916909877 , 0.0226315450595 , 0.0738143039995 , 0 , 125 , -151 , 1569348408.6792128
0.360593069301 , 0.0266828065555 , 0.08234264988 , 0 , 122 , -150 , 1569348408.7288365
0.386028517779 , 0.0302957392447 , 0.088518348621 , 44 , 123 , -141 , 1569348408.7818363
0.410067186534 , 0.0385996267451 , 0.0824896903262 , 62 , 119 , -141 , 1569348408.8319976
0.433268666185 , 0.0486754674494 , 0.0705794141828 , 76 , 115 , -136 , 1569348408.8803203
0.453179135112 , 0.0579811656996 , 0.0582280167008 , 73 , 115 , -136 , 1569348408.9252923
0.47306947919 , 0.0668365578175 , 0.0461707001113 , 66 , 116 , -140 , 1569348408.9713268
0.497029485228 , 0.0766694514189 , 0.0333781812906 , 58 , 115 , -137 , 1569348409.0232668
0.51711985462 , 0.0839931551809 , 0.0242616736253 , 51 , 112 , -137 , 1569348409.0685058
0.537432802302 , 0.0906621239545 , 0.0170566917608 , 47 , 115 , -138 , 1569348409.1141558
0.561028701805 , 0.0976030002957 , 0.0108809930199 , 39 , 112 , -140 , 1569348409.1708875
0.584240959705 , 0.10352726844 , 0.00764610320314 , 33 , 108 , -136 , 1569348409.2160077
0.604913887257 , 0.108546638112 , 0.00588161784857 , 38 , 109 , -138 , 1569348409.2695813
0.630910832383 , 0.114845940935 , 0.0051464156175 , 31 , 108 , -141 , 1569348409.326625
0.657203022392 , 0.121071748605 , 0.00632273918721 , 33 , 104 , -138 , 1569348409.3756857
0.676625532564 , 0.125888178569 , 0.0072049818645 , 31 , 94 , -138 , 1569348409.4302964
0.710151410912 , 0.133840737238 , 0.0133806806055 , 33 , 93 , -137 , 1569348409.4985425
0.728599565756 , 0.140318262314 , 0.0135277210517 , 37 , 90 , -135 , 1569348409.5435996
0.74666724588 , 0.146234560738 , 0.0160274086373 , 37 , 86 , -138 , 1569348409.58877
0.767742705247 , 0.15383710576 , 0.0189682175616 , 48 , 82 , -138 , 1569348409.6419094
0.788442743187 , 0.162249353861 , 0.0214679051473 , 47 , 82 , -139 , 1569348409.7070758
0.811655154874 , 0.172192866143 , 0.0248498354102 , 51 , 82 , -142 , 1569348409.7479465
0.829272338484 , 0.180064459639 , 0.0273495229958 , 51 , 82 , -142 , 1569348409.793043
0.84671474454 , 0.188339150236 , 0.0295551296891 , 55 , 78 , -142 , 1569348409.8462138
0.86689798959 , 0.198299055923 , 0.0316136959361 , 58 , 78 , -142 , 1569348409.8872864
0.884236276625 , 0.207288764663 , 0.0332311408444 , 58 , 76 , -141 , 1569348409.940765
0.904457220684 , 0.217996146453 , 0.0344074644141 , 62 , 75 , -142 , 1569348409.986128
0.92189714704 , 0.227569754932 , 0.0352897070914 , 62 , 75 , -141 , 1569348410.0389085
0.944837764056 , 0.240204661935 , 0.0366130711073 , 62 , 75 , -139 , 1569348410.0918922
0.962301821486 , 0.249902240891 , 0.0374953137846 , 62 , 74 , -137 , 1569348410.1375751
0.982120631493 , 0.261157659819 , 0.0385245969081 , 59 , 71 , -138 , 1569348410.190589
0.999267390168 , 0.271100757332 , 0.0392597991392 , 62 , 67 , -135 , 1569348410.2357414
1.01568703372 , 0.280888388602 , 0.0401420418165 , 62 , 67 , -134 , 1569348410.289221
1.03469564914 , 0.292332643217 , 0.0407302036013 , 62 , 67 , -134 , 1569348410.3433278
1.05500580848 , 0.304959826897 , 0.0410242844938 , 65 , 63 , -130 , 1569348410.3911877
1.07020516597 , 0.314587229558 , 0.04117132494 , 66 , 63 , -126 , 1569348410.4361527
1.08732675026 , 0.325722141099 , 0.0408772440476 , 62 , 60 , -124 , 1569348410.486261
1.1022709358 , 0.335700307853 , 0.0402890822627 , 62 , 60 , -124 , 1569348410.5306478
1.11617978824 , 0.345068504118 , 0.0407302036013 , 62 , 56 , -119 , 1569348410.5758398
1.1298888342 , 0.354490782515 , 0.0410242844938 , 66 , 52 , -116 , 1569348410.6206868
1.14316340708 , 0.363815488252 , 0.0408772440476 , 63 , 56 , -116 , 1569348410.6698346
1.15822409738 , 0.374497446111 , 0.0408772440476 , 62 , 52 , -116 , 1569348410.7149265
1.17111553208 , 0.383748551328 , 0.0408772440476 , 66 , 48 , -113 , 1569348410.760073
1.18423387005 , 0.393372430445 , 0.0410242844938 , 62 , 49 , -114 , 1569348410.8174455
1.20077369381 , 0.405739131876 , 0.0416124462786 , 62 , 49 , -111 , 1569348410.8625093
1.213538384 , 0.415553956354 , 0.0414654058324 , 63 , 45 , -105 , 1569348410.9075134
1.22563922785 , 0.425059684287 , 0.04117132494 , 63 , 41 , -112 , 1569348410.9606616
1.23914502505 , 0.435793992493 , 0.0417594867248 , 59 , 41 , -105 , 1569348411.0057707
1.25104735105 , 0.445351024767 , 0.0417594867248 , 62 , 41 , -102 , 1569348411.05848
1.26784483565 , 0.458300270343 , 0.0439650934181 , 59 , 44 , -101 , 1569348411.1244454
1.28170487708 , 0.469145104161 , 0.0386716373543 , 63 , 41 , -101 , 1569348411.17002
1.29344540398 , 0.47860202141 , 0.037054192446 , 63 , 37 , -101 , 1569348411.2230418
1.30631622338 , 0.48931137393 , 0.0361719497687 , 58 , 37 , -98 , 1569348411.2758665
1.32052019524 , 0.500895948286 , 0.0357308284301 , 66 , 45 , -97 , 1569348411.3250833
1.33127993781 , 0.510086557874 , 0.0330841003982 , 62 , 37 , -94 , 1569348411.3702064
1.34158403412 , 0.519120961298 , 0.0311725745974 , 63 , 34 , -94 , 1569348411.4193563
1.35264092385 , 0.5293884435 , 0.0304373723663 , 59 , 30 , -90 , 1569348411.472566
1.36488307809 , 0.540717824964 , 0.0302903319201 , 62 , 26 , -90 , 1569348411.530197
1.37571141602 , 0.550828596417 , 0.0297021701353 , 58 , 30 , -86 , 1569348411.583045
1.38640640223 , 0.560733208587 , 0.0289669679042 , 59 , 30 , -90 , 1569348411.6281874
1.39569966791 , 0.569135759924 , 0.0294080892428 , 55 , 30 , -83 , 1569348411.6733282
1.40489741786 , 0.577372010597 , 0.0298492105815 , 51 , 22 , -83 , 1569348411.7226007
1.41608463244 , 0.586957534114 , 0.0344074644141 , 55 , 22 , -86 , 1569348411.775537
1.42443848567 , 0.596050665044 , 0.0344074644141 , 59 , 22 , -86 , 1569348411.8203127
1.43284166083 , 0.605117539457 , 0.0369071519998 , 63 , 7 , -88 , 1569348411.8674378
1.44089686255 , 0.616457874685 , 0.0429358102946 , 60 , 0 , -84 , 1569348411.91931
1.4482938193 , 0.628044937053 , 0.0492585494818 , 67 , 0 , -84 , 1569348411.9645078
1.45476098421 , 0.638377595626 , 0.0546990459917 , 67 , 0 , -85 , 1569348412.0138736
1.46301384705 , 0.651392279761 , 0.062492189641 , 67 , 3 , -88 , 1569348412.0668223
1.46928089994 , 0.662813408622 , 0.0644037154418 , 67 , 0 , -88 , 1569348412.1117337
1.47585540166 , 0.673651827281 , 0.0688149288283 , 63 , 11 , -86 , 1569348412.164285
1.48519375243 , 0.685245011808 , 0.0694030906131 , 63 , 44 , -86 , 1569348412.209974
1.49534092232 , 0.693483762935 , 0.0639625941032 , 63 , 56 , -86 , 1569348412.2548532
1.50817989085 , 0.70273257292 , 0.0544049650993 , 62 , 56 , -86 , 1569348412.3038976
1.51914719997 , 0.710464504353 , 0.0464647810037 , 62 , 52 , -86 , 1569348412.3491864
1.52992997642 , 0.718181595118 , 0.0389657182468 , 66 , 49 , -86 , 1569348412.394818
1.54205889713 , 0.727545379142 , 0.0305844128126 , 63 , 41 , -83 , 1569348412.4434361
1.55183418913 , 0.735586803491 , 0.0258791185337 , 63 , 34 , -82 , 1569348412.4882472
1.56105950139 , 0.743846401015 , 0.022644228717 , 63 , 26 , -83 , 1569348412.5332685
1.56962408388 , 0.752507661779 , 0.0208797433624 , 63 , 22 , -83 , 1569348412.579396
1.57898963048 , 0.762930662352 , 0.0199975006851 , 63 , 15 , -82 , 1569348412.6355915
1.58777152105 , 0.773948291106 , 0.02058566247 , 70 , 3 , -83 , 1569348412.6769094
1.59482137953 , 0.784153135559 , 0.0219090264859 , 67 , 3 , -80 , 1569348412.7305336
1.60319886964 , 0.797219071948 , 0.0244087140716 , 68 , 3 , -73 , 1569348412.787177
1.61114439886 , 0.810799189068 , 0.0255850376413 , 71 , 0 , -69 , 1569348412.8405037
1.61682777177 , 0.821368798151 , 0.0252909567488 , 67 , 0 , -69 , 1569348412.889858
1.62280025787 , 0.832111650023 , 0.0258791185337 , 64 , 0 , -69 , 1569348412.9429622
1.62913750641 , 0.843482453186 , 0.0266143207648 , 63 , 0 , -65 , 1569348412.9881182
1.63510023131 , 0.854065632677 , 0.0276436038883 , 60 , 0 , -65 , 1569348413.042205
1.64168165519 , 0.864644404246 , 0.0316136959361 , 60 , 0 , -69 , 1569348413.0944276
1.64670336293 , 0.874250870076 , 0.0310255341512 , 63 , 0 , -69 , 1569348413.1438534
1.65263321159 , 0.884413461531 , 0.0332311408444 , 60 , 0 , -72 , 1569348413.1987238
1.65936660603 , 0.89595831502 , 0.0358778688763 , 60 , 0 , -69 , 1569348413.2459323
1.66452144141 , 0.904781642629 , 0.0380834755695 , 64 , 0 , -69 , 1569348413.2865365
1.6696116402 , 0.913530723631 , 0.0402890822627 , 60 , 0 , -69 , 1569348413.3317602
1.67571922777 , 0.923003849538 , 0.0455825383264 , 60 , 0 , -73 , 1569348413.3811824
1.6811239869 , 0.933010773094 , 0.0466118214499 , 63 , 0 , -73 , 1569348413.4305284
1.68731023071 , 0.943703453207 , 0.0496996708204 , 63 , 0 , -73 , 1569348413.4833298
1.69381120378 , 0.955215705381 , 0.0520523179598 , 59 , 3 , -69 , 1569348413.5286655
1.69975751554 , 0.965708613963 , 0.053522722422 , 60 , 0 , -73 , 1569348413.577695
1.7048933579 , 0.974768774166 , 0.0560224100076 , 63 , 3 , -69 , 1569348413.6229181
1.70991616678 , 0.983724749675 , 0.0574928144698 , 60 , 0 , -69 , 1569348413.668319
1.71620637807 , 0.994860600352 , 0.0585220975933 , 67 , 3 , -65 , 1569348413.7211258
1.72122077599 , 1.00441762057 , 0.0582280167008 , 63 , 0 , -64 , 1569348413.766628
1.72623798422 , 1.01397316573 , 0.0579339358084 , 60 , 3 , -61 , 1569348413.819019
1.73183909891 , 1.02437249234 , 0.0574928144698 , 63 , 0 , -69 , 1569348413.8601537
1.73671183151 , 1.03318804456 , 0.0586691380395 , 63 , 0 , -65 , 1569348413.9058456
1.74238880643 , 1.04382027793 , 0.0594043402705 , 63 , 3 , -68 , 1569348413.9633029
1.74798125843 , 1.05411627558 , 0.059698421163 , 67 , 0 , -65 , 1569348414.0079951
1.75313765481 , 1.06354840934 , 0.0595513807168 , 62 , 22 , -64 , 1569348414.0578153
1.76177338939 , 1.07399877839 , 0.0517582370674 , 67 , 45 , -64 , 1569348414.1142743
1.77101917271 , 1.08259054452 , 0.0383775564619 , 70 , 48 , -63 , 1569348414.1595068
1.77960102159 , 1.08988166624 , 0.0255850376413 , 67 , 41 , -64 , 1569348414.2115529
1.79072225544 , 1.09980792229 , 0.0105869121274 , 67 , 37 , -67 , 1569348414.269846
1.80006273547 , 1.10887531224 , -0.000882242677285 , 67 , 26 , -64 , 1569348414.3106685
1.8072314757 , 1.11691504402 , -0.00749906275692 , 70 , 3 , -68 , 1569348414.3652737
1.81490949017 , 1.12766965305 , -0.012351397482 , 71 , 3 , -68 , 1569348414.4167614
1.82157442132 , 1.1383441568 , -0.0139688423904 , 66 , -3 , -65 , 1569348414.4581022
1.82668488191 , 1.14735339842 , -0.0147040446214 , 63 , 0 , -61 , 1569348414.503901
1.83195163611 , 1.15666402721 , -0.0155862872987 , 64 , 0 , -65 , 1569348414.561179
1.83856822962 , 1.16821232051 , -0.0169096513146 , 67 , 0 , -61 , 1569348414.6057556
1.84340636401 , 1.17670859714 , -0.0180859748843 , 60 , 0 , -57 , 1569348414.6506772
1.84893991552 , 1.1856338548 , -0.0173507726533 , 60 , 0 , -58 , 1569348414.699816
1.85339667855 , 1.19424644674 , -0.02058566247 , 60 , -3 , -53 , 1569348414.744956
1.85767281009 , 1.20212233484 , -0.0219090264859 , 63 , 0 , -53 , 1569348414.7906995
1.86231942704 , 1.21096272089 , -0.0238205522867 , 60 , 0 , -49 , 1569348414.851212
1.86759671466 , 1.22117686596 , -0.0258791185337 , 63 , 0 , -50 , 1569348414.892651
1.87167622495 , 1.22917591064 , -0.0277906443345 , 64 , -3 , -53 , 1569348414.9461029
1.87569810222 , 1.23976837786 , -0.0270554421034 , 63 , -49 , -49 , 1569348414.9909873
1.87588855286 , 1.25038343084 , -0.0174978130995 , 66 , -64 , -52 , 1569348415.0400343
1.87490825901 , 1.26350536587 , -0.00279376847807 , 67 , -68 , -56 , 1569348415.0933611
1.87359269645 , 1.27758968933 , 0.0135277210517 , 63 , -64 , -52 , 1569348415.1382976
1.87261633628 , 1.28894815879 , 0.0257320780875 , 67 , -56 , -56 , 1569348415.1833942
1.87202706827 , 1.30055891801 , 0.0366130711073 , 66 , -45 , -52 , 1569348415.236892
1.87219069383 , 1.31459903472 , 0.0469059023423 , 67 , -37 , -52 , 1569348415.2859163
1.87359767217 , 1.3248735618 , 0.0511700752825 , 70 , -22 , -52 , 1569348415.335315
1.8765393538 , 1.33744480877 , 0.0507289539439 , 73 , -15 , -52 , 1569348415.388942
1.87921487207 , 1.34868619902 , 0.0491115090355 , 69 , -16 , -54 , 1569348415.4289722
1.88215335457 , 1.35691436615 , 0.050140792159 , 64 , -5 , -54 , 1569348415.4699907
1.88544199119 , 1.36572300709 , 0.0483763068045 , 63 , -5 , -55 , 1569348415.511019
1.88890332298 , 1.37428170653 , 0.0466118214499 , 60 , 0 , -53 , 1569348415.5557172
1.89361585523 , 1.3843742513 , 0.0442591743105 , 67 , 0 , -57 , 1569348415.6051838
1.89768755574 , 1.39305596055 , 0.0422006080635 , 67 , 0 , -57 , 1569348415.6504967
1.9019091937 , 1.40204243485 , 0.0399950013703 , 63 , 0 , -58 , 1569348415.6955488
1.90746009819 , 1.41339265934 , 0.0380834755695 , 67 , 0 , -57 , 1569348415.7505302
1.91176811687 , 1.42233560145 , 0.0361719497687 , 64 , 0 , -57 , 1569348415.7936866
1.91610130506 , 1.43104693706 , 0.0348485857528 , 67 , 0 , -57 , 1569348415.8427656
1.9209341763 , 1.44102750877 , 0.0326429790596 , 68 , 0 , -57 , 1569348415.8980012
1.92627637125 , 1.45238298633 , 0.0292610487966 , 67 , 0 , -50 , 1569348415.9491172
1.93078125284 , 1.46221336983 , 0.0255850376413 , 67 , 0 , -50 , 1569348416.00272
1.93582075939 , 1.47335338542 , 0.0208797433624 , 64 , 0 , -50 , 1569348416.055874
1.94011993275 , 1.4830278792 , 0.0161744490836 , 67 , 0 , -49 , 1569348416.1005828
1.94361627566 , 1.49127124806 , 0.0120573165896 , 63 , 0 , -46 , 1569348416.1453595
1.94631621891 , 1.50013275386 , 0.00294080892428 , 71 , 0 , -30 , 1569348416.196009
1.94876098544 , 1.50799046685 , -0.00602865829478 , 70 , -7 , -30 , 1569348416.2398489
1.94997620832 , 1.51692336219 , -0.00970466945014 , 74 , -60 , -45 , 1569348416.2851744
1.94836928736 , 1.53085257953 , -0.000441121338643 , 63 , -71 , -48 , 1569348416.3387797
1.94643905655 , 1.54297838737 , 0.0130865997131 , 63 , -67 , -49 , 1569348416.383373
1.94469865978 , 1.55393606055 , 0.0258791185337 , 63 , -63 , -49 , 1569348416.4287443
1.94328895326 , 1.565385805 , 0.0386716373543 , 59 , -52 , -48 , 1569348416.4827945
1.94276617192 , 1.57889753477 , 0.0524934392985 , 59 , -41 , -52 , 1569348416.5306864
1.94311120086 , 1.58893115031 , 0.0610217851789 , 59 , -34 , -52 , 1569348416.5761986
1.94424804167 , 1.60047641873 , 0.067932686151 , 63 , -26 , -52 , 1569348416.625812
1.94645062365 , 1.61087510858 , 0.0732261422147 , 63 , -11 , -56 , 1569348416.6782658
1.94908072815 , 1.62132071406 , 0.0719027781988 , 63 , -5 , -49 , 1569348416.7196128
1.95190146527 , 1.63065516261 , 0.0682267670434 , 63 , -5 , -43 , 1569348416.7641268
1.95494132452 , 1.63940374934 , 0.0654329985653 , 68 , 0 , -42 , 1569348416.8218508
1.9585683585 , 1.64991653514 , 0.0580809762546 , 64 , 0 , -42 , 1569348416.866959
1.96180120139 , 1.65933952152 , 0.0510230348363 , 67 , 0 , -42 , 1569348416.9163134
1.96471255141 , 1.66779650122 , 0.0444062147567 , 64 , 0 , -42 , 1569348416.9612534
1.96769963878 , 1.67578746975 , 0.0389657182468 , 63 , 0 , -42 , 1569348417.0106723
1.97117015069 , 1.68489757852 , 0.0327900195058 , 64 , 0 , -46 , 1569348417.055586
1.97442499475 , 1.69341810908 , 0.0272024825496 , 66 , -3 , -42 , 1569348417.1009538
1.97808549376 , 1.70299208864 , 0.0214679051473 , 67 , 0 , -46 , 1569348417.1614385
1.98102798101 , 1.71247243712 , 0.0119102761434 , 71 , 0 , -34 , 1569348417.2062302
1.98391278934 , 1.7221739222 , 0.00147040446214 , 71 , 0 , -38 , 1569348417.2721167
1.98776775892 , 1.73318705027 , -0.00941058855771 , 67 , -3 , -41 , 1569348417.3128746
1.98963932876 , 1.74180256404 , -0.0124984379282 , 67 , -45 , -37 , 1569348417.3583858
1.98918859085 , 1.75220182838 , -0.00676386052585 , 59 , -60 , -41 , 1569348417.4118142
1.98700900842 , 1.76621367125 , 0.00779314364935 , 59 , -64 , -45 , 1569348417.4644375
1.98503848881 , 1.77689877261 , 0.0195563793465 , 59 , -60 , -37 , 1569348417.510455
1.98307827024 , 1.78803764416 , 0.0311725745974 , 59 , -49 , -39 , 1569348417.571312
1.98138490567 , 1.8004231531 , 0.0423476485097 , 59 , -45 , -41 , 1569348417.6244307
1.98047314581 , 1.81165350904 , 0.0499937517128 , 55 , -41 , -37 , 1569348417.6742954
1.97889892432 , 1.82181272642 , 0.0530816010833 , 59 , -34 , -30 , 1569348417.7303848
1.97862914414 , 1.83145048879 , 0.0517582370674 , 59 , -22 , -34 , 1569348417.7720804
1.97970660978 , 1.83964707441 , 0.0508759943901 , 63 , -26 , -45 , 1569348417.8251495
1.98159163841 , 1.85210751504 , 0.0545520055455 , 59 , -22 , -41 , 1569348417.8822572
1.98267276368 , 1.86159557748 , 0.0533756819758 , 59 , -15 , -41 , 1569348417.9277747
1.9843078744 , 1.86999226166 , 0.0520523179598 , 59 , -15 , -37 , 1569348417.9806604
1.98660773013 , 1.87979163179 , 0.0495526303742 , 55 , 0 , -38 , 1569348418.0340424
1.9890592818 , 1.8879971259 , 0.0457295787726 , 56 , 0 , -38 , 1569348418.0748308
1.99159327084 , 1.89507684852 , 0.0413183653862 , 60 , -3 , -41 , 1569348418.1205168
1.99445882026 , 1.90308047272 , 0.0377893946771 , 58 , 0 , -38 , 1569348418.1737692
1.99775718141 , 1.91190000265 , 0.0327900195058 , 59 , 0 , -38 , 1569348418.2222884
2.00077845129 , 1.92016129717 , 0.0272024825496 , 63 , 0 , -38 , 1569348418.2678792
2.00382911669 , 1.92901998303 , 0.0204386220238 , 60 , 0 , -38 , 1569348418.325117
2.00694990818 , 1.93735505884 , 0.0141158828366 , 63 , -3 , -34 , 1569348418.369763
2.00945699395 , 1.94487849645 , 0.00808722454178 , 64 , -7 , -34 , 1569348418.4157372
2.0104433541 , 1.95455322859 , 0.00602865829478 , 67 , -56 , -34 , 1569348418.4735982
2.00813494942 , 1.96822902616 , 0.0158803681911 , 66 , -71 , -34 , 1569348418.5297935
2.00411346647 , 1.98071076051 , 0.0232323905018 , 58 , -70 , -21 , 1569348418.5662558
2.00050386002 , 1.9902400434 , 0.0319077768285 , 48 , -60 , -18 , 1569348418.6159928
1.99809481777 , 1.9974585993 , 0.0363189902149 , 37 , -30 , -18 , 1569348418.661069
1.99703569451 , 2.00261995456 , 0.0389657182468 , 22 , -26 , -11 , 1569348418.709838
1.9951339214 , 2.00668373138 , 0.0417594867248 , 14 , -22 , -3 , 1569348418.7552705
1.99345851201 , 2.00968955328 , 0.0451414169878 , 12 , -22 , -3 , 1569348418.8120577
1.99198900045 , 2.01219606036 , 0.0458766192188 , 18 , -19 , 0 , 1569348418.857256
1.99096934978 , 2.0143586511 , 0.0451414169878 , 15 , -7 , 0 , 1569348418.9063897
1.99034305375 , 2.01642782304 , 0.0424946889559 , 28 , 0 , 0 , 1569348418.963836
1.99012055647 , 2.01938243283 , 0.0355837879838 , 30 , 0 , 0 , 1569348419.008763
1.99007812554 , 2.02329467576 , 0.0261731994261 , 37 , 0 , 0 , 1569348419.0580387
1.99000293662 , 2.02801579375 , 0.0161744490836 , 48 , 0 , 0 , 1569348419.1152573
1.99011784615 , 2.0328794456 , 0.00426417294021 , 49 , -3 , 0 , 1569348419.1601853
1.99023906802 , 2.03849548821 , -0.00896946721907 , 56 , 0 , 0 , 1569348419.2096589
1.99038996899 , 2.04452891734 , -0.0239675927329 , 60 , 0 , 0 , 1569348419.2668548
1.99072005648 , 2.05022192947 , -0.0372012328922 , 44 , -15 , -37 , 1569348419.3158233
1.99223708188 , 2.05715472517 , -0.0339663430755 , 55 , -52 , -75 , 1569348419.3658862
1.99489434838 , 2.06981136952 , -0.0132336401593 , 59 , -64 , -90 , 1569348419.4183059
1.99760262887 , 2.0843043953 , 0.0133806806055 , 59 , -64 , -89 , 1569348419.4636347
1.99960389453 , 2.0974910028 , 0.0372012328922 , 58 , -61 , -83 , 1569348419.5164108
2.00146890625 , 2.11243355438 , 0.062492189641 , 55 , -56 , -71 , 1569348419.5699
2.00343602721 , 2.1259369761 , 0.0846952970194 , 55 , -45 , -60 , 1569348419.6192985
2.00299033485 , 2.13747890908 , 0.0964585327165 , 58 , -41 , -49 , 1569348419.672197
2.00156104581 , 2.14823105891 , 0.102340150565 , 55 , -39 , -26 , 1569348419.7296236
1.99936076801 , 2.15876150551 , 0.103957595473 , 55 , -30 , -18 , 1569348419.7749221
1.99749019686 , 2.16643135466 , 0.101457907888 , 55 , -30 , -15 , 1569348419.8244488
1.99542360405 , 2.17430860351 , 0.0952822091468 , 63 , -15 , -3 , 1569348419.8768935
1.99420831309 , 2.18193839211 , 0.0842541756807 , 59 , -18 , 0 , 1569348419.9182854
1.992905483 , 2.18816475651 , 0.0746965466768 , 59 , -23 , -3 , 1569348419.9716756
1.99110492018 , 2.19601451485 , 0.0632273918721 , 56 , -19 , 0 , 1569348420.0161576
1.98961818752 , 2.20188302848 , 0.053522722422 , 56 , -23 , 0 , 1569348420.0613158
1.98769231612 , 2.20888620028 , 0.0419065271711 , 56 , -19 , 0 , 1569348420.110365
1.98589978134 , 2.21582955816 , 0.0302903319201 , 64 , -22 , 0 , 1569348420.1636841
1.98347195781 , 2.22405729641 , 0.0188211771154 , 59 , -30 , 0 , 1569348420.212608
1.9808225996 , 2.23110485546 , 0.0120573165896 , 66 , -38 , 0 , 1569348420.266349
1.97732172782 , 2.24050626619 , 0.00397009204778 , 60 , -38 , -3 , 1569348420.3198462
1.97336239161 , 2.25052025506 , -0.00147040446214 , 66 , -41 , -3 , 1569348420.3684986
1.97022927886 , 2.25882236336 , -0.00544049650993 , 67 , -45 , -7 , 1569348420.4140027
1.96660432206 , 2.26850866711 , -0.0101457907888 , 63 , -42 , -3 , 1569348420.4711208
1.9624064386 , 2.27925194343 , -0.0160274086373 , 67 , -42 , -3 , 1569348420.520022
1.95934209434 , 2.28734814789 , -0.0208797433624 , 63 , -41 , -22 , 1569348420.5653205
1.95849590782 , 2.29781679076 , -0.0188211771154 , 59 , -41 , -71 , 1569348420.6226175
1.96123570176 , 2.30966878052 , -0.00426417294021 , 55 , -41 , -83 , 1569348420.667558
1.9654995153 , 2.32230648504 , 0.0147040446214 , 59 , -37 , -90 , 1569348420.7171152
1.97030358212 , 2.33458721753 , 0.0322018577209 , 56 , -26 , -82 , 1569348420.7748513
1.97566835938 , 2.34840069504 , 0.0483763068045 , 59 , -37 , -75 , 1569348420.8269594
1.97850420499 , 2.3608729396 , 0.0620510683024 , 59 , -41 , -64 , 1569348420.8768528
1.97817224553 , 2.3701175197 , 0.0683738074896 , 62 , -41 , -30 , 1569348420.9302194
1.97570898149 , 2.38059001819 , 0.0704323737366 , 56 , -45 , -18 , 1569348420.9745948
1.97297258517 , 2.3884350125 , 0.0702853332904 , 57 , -43 , 0 , 1569348421.0113177
1.96992573803 , 2.39519421206 , 0.0694030906131 , 63 , -45 , -11 , 1569348421.0571942
1.96557889848 , 2.40469382942 , 0.066609322135 , 63 , -49 , -3 , 1569348421.1097078
1.96145187575 , 2.41276245736 , 0.0636685132108 , 63 , -49 , 0 , 1569348421.1588004
1.95642958173 , 2.42156843888 , 0.0599925020554 , 64 , -49 , 0 , 1569348421.2128935
1.95042311844 , 2.43198305688 , 0.0561694504538 , 67 , -45 , 0 , 1569348421.2658112
1.94639279405 , 2.44073859988 , 0.0486703876969 , 67 , -42 , 0 , 1569348421.3106768
1.94202799122 , 2.44978433244 , 0.0422006080635 , 60 , -42 , 0 , 1569348421.359819
1.93816043453 , 2.45764628277 , 0.0380834755695 , 63 , -42 , 0 , 1569348421.4168148
1.93416900283 , 2.46708378081 , 0.0298492105815 , 63 , -41 , -3 , 1569348421.4622498
1.93103679963 , 2.47470449658 , 0.0245557545178 , 67 , -38 , 0 , 1569348421.5113487
1.9269812694 , 2.48413451343 , 0.0195563793465 , 67 , -38 , 0 , 1569348421.5722678
1.92263785377 , 2.49586946198 , 0.00985170989635 , 71 , -45 , 0 , 1569348421.6302183
1.9191362584 , 2.50745760505 , -0.00132336401593 , 75 , -37 , -33 , 1569348421.692296
1.91900828191 , 2.52044880921 , -0.00132336401593 , 70 , -41 , -56 , 1569348421.7404385
1.92028097439 , 2.53145458242 , 0.00588161784857 , 66 , -45 , -63 , 1569348421.786315
1.92180566439 , 2.54372840593 , 0.0161744490836 , 66 , -48 , -60 , 1569348421.8345435
1.92280241877 , 2.55690490024 , 0.0294080892428 , 63 , -52 , -56 , 1569348421.8923907
1.92298041705 , 2.56895648716 , 0.0420535676173 , 59 , -49 , -49 , 1569348421.93726
1.92245619361 , 2.57911274481 , 0.051464156175 , 59 , -49 , -45 , 1569348421.9870622
1.92038180645 , 2.59022375778 , 0.0579339358084 , 66 , -52 , -22 , 1569348422.039447
1.91678816658 , 2.60036964566 , 0.0589632189319 , 63 , -51 , -5 , 1569348422.0805128
1.91346894084 , 2.60814980755 , 0.0589632189319 , 63 , -46 , -11 , 1569348422.1296673
1.90848925999 , 2.61860259574 , 0.057639854916 , 63 , -51 , -5 , 1569348422.1867578
1.90303066846 , 2.62920143624 , 0.0554342482228 , 67 , -49 , 0 , 1569348422.2363665
1.89904426204 , 2.63815788443 , 0.0476411045734 , 67 , -38 , 0 , 1569348422.2896752
1.89461781941 , 2.64768020212 , 0.0401420418165 , 64 , -53 , 0 , 1569348422.3424747
1.89042239583 , 2.65567607978 , 0.0363189902149 , 60 , -49 , 0 , 1569348422.3834286
1.88631911685 , 2.66332674496 , 0.0332311408444 , 59 , -50 , 0 , 1569348422.4329147
1.88152527346 , 2.67208442599 , 0.0302903319201 , 64 , -49 , 0 , 1569348422.4864845
1.8765043695 , 2.68121186266 , 0.0274965634421 , 56 , -49 , 0 , 1569348422.5305417
1.87227833436 , 2.68878140051 , 0.0255850376413 , 56 , -46 , 0 , 1569348422.571786
1.86841611249 , 2.69594873996 , 0.0241146331791 , 55 , -49 , 0 , 1569348422.617249
1.86456039182 , 2.70328932806 , 0.0222031073783 , 59 , -49 , 0 , 1569348422.6620133
1.85991613731 , 2.71190490086 , 0.0195563793465 , 60 , -49 , 0 , 1569348422.7110384
1.85584272814 , 2.7197331065 , 0.0174978130995 , 63 , -53 , 0 , 1569348422.760672
1.85028803062 , 2.73017002128 , 0.0151451659601 , 63 , -53 , 0 , 1569348422.8093326
1.84599923417 , 2.73854321032 , 0.0127925188206 , 66 , -53 , 0 , 1569348422.8544695
1.8418756627 , 2.74690038782 , 0.010292831235 , 63 , -57 , 0 , 1569348422.899727
1.83678742763 , 2.75698993043 , 0.00808722454178 , 63 , -53 , 0 , 1569348422.948474
1.83280361544 , 2.76492021229 , 0.00588161784857 , 67 , -53 , -3 , 1569348422.993912
1.82873625443 , 2.7735850596 , 0.00264672803186 , 71 , -53 , -3 , 1569348423.0436401
1.82314064825 , 2.78522030488 , -0.000441121338643 , 64 , -53 , 0 , 1569348423.1001353
1.81830603778 , 2.79505650353 , -0.00294080892428 , 62 , -52 , -30 , 1569348423.1533854
1.81573146719 , 2.80813896789 , 0.00367601115536 , 59 , -52 , -60 , 1569348423.2116365
1.8163090741 , 2.82213796583 , 0.0195563793465 , 58 , -49 , -67 , 1569348423.272627
1.81791454588 , 2.83656002649 , 0.0388186778006 , 55 , -52 , -64 , 1569348423.325425
1.81856196771 , 2.84732133023 , 0.0538168033144 , 51 , -52 , -53 , 1569348423.3747194
1.81824776222 , 2.85855163709 , 0.0688149288283 , 52 , -53 , -49 , 1569348423.4199696
1.81721226021 , 2.86794560654 , 0.0796959218481 , 55 , -52 , -34 , 1569348423.4651492
1.8143825967 , 2.87663208754 , 0.0849893779118 , 55 , -49 , -15 , 1569348423.5186405
1.81077980982 , 2.88585837181 , 0.0855775396967 , 56 , -37 , -7 , 1569348423.5630383
1.8080013316 , 2.89277029055 , 0.0820485689875 , 59 , -45 , 0 , 1569348423.6083674
1.80402113145 , 2.90043210234 , 0.080284083633 , 55 , -52 , -3 , 1569348423.6618862
1.79818927689 , 2.91016506754 , 0.0786666387246 , 60 , -57 , 0 , 1569348423.7103837
1.79322417005 , 2.91773258799 , 0.0776373556011 , 60 , -53 , 0 , 1569348423.7516232
1.78851024042 , 2.92529612669 , 0.0755787893541 , 60 , -53 , 0 , 1569348423.8052578
1.78238437777 , 2.9350587064 , 0.0732261422147 , 60 , -53 , 0 , 1569348423.8581169
1.77684585574 , 2.94375656053 , 0.0716086973063 , 60 , -53 , 0 , 1569348423.9033668
1.77105409653 , 2.9528083099 , 0.0701382928442 , 63 , -57 , 0 , 1569348423.9524128
1.76566249429 , 2.96119557906 , 0.0689619692745 , 60 , -53 , 0 , 1569348424.0058997
1.75968236386 , 2.97052800115 , 0.0676386052585 , 64 , -61 , 0 , 1569348424.0504422
1.75334076069 , 2.98037503767 , 0.0664622816888 , 63 , -57 , 0 , 1569348424.0998614
1.74729112262 , 2.98966019963 , 0.0657270794578 , 59 , -61 , 0 , 1569348424.1568804
1.74095493275 , 2.99898649223 , 0.0661682007964 , 60 , -64 , 0 , 1569348424.2021618
1.73366583807 , 3.00872309954 , 0.0682267670434 , 60 , -60 , 0 , 1569348424.2596502
1.72788948735 , 3.01801736593 , 0.0652859581191 , 64 , -57 , 3 , 1569348424.3125157
1.72183619467 , 3.02753266313 , 0.0630803514259 , 63 , -60 , 0 , 1569348424.3537087
1.71666113089 , 3.03577175305 , 0.0613158660713 , 62 , -57 , 0 , 1569348424.4066515
1.7104353487 , 3.04557799842 , 0.0588161784857 , 56 , -57 , 3 , 1569348424.4616473
1.70373790241 , 3.05559444621 , 0.0579339358084 , 60 , -56 , 0 , 1569348424.5091739
1.69789987504 , 3.06432286902 , 0.0570516931311 , 59 , -57 , 0 , 1569348424.5586596
1.69259407683 , 3.07235883307 , 0.0563164909 , 59 , -57 , 0 , 1569348424.6126397
1.68568798816 , 3.08223890567 , 0.0573457740235 , 59 , -61 , 0 , 1569348424.6688757
1.67874556799 , 3.09087908044 , 0.0620510683024 , 49 , -57 , 0 , 1569348424.718124
1.6734724244 , 3.09771729397 , 0.0644037154418 , 59 , -61 , 0 , 1569348424.767775
1.66626858885 , 3.10716318452 , 0.0674915648123 , 63 , -61 , 0 , 1569348424.8229816
1.65989451937 , 3.11751288684 , 0.0641096345494 , 63 , -57 , 0 , 1569348424.8738906
1.65391324297 , 3.12684323614 , 0.0621981087486 , 63 , -57 , 0 , 1569348424.9190614
1.6486919445 , 3.13516753172 , 0.0599925020554 , 59 , -56 , 0 , 1569348424.9638119
1.64347254228 , 3.14297056083 , 0.0585220975933 , 63 , -56 , 7 , 1569348425.0086374
1.63718788117 , 3.15013047365 , 0.0539638437606 , 63 , -60 , 41 , 1569348425.0504217
1.62736031231 , 3.15712581791 , 0.0419065271711 , 59 , -67 , 45 , 1569348425.111199
1.61718618906 , 3.16413716028 , 0.0311725745974 , 62 , -64 , 41 , 1569348425.1524255
1.60914366205 , 3.17053877365 , 0.0224971882708 , 57 , -64 , 32 , 1569348425.193431
1.60174378505 , 3.17674367356 , 0.0163214895298 , 59 , -60 , 26 , 1569348425.2464745
1.59192035565 , 3.18558045917 , 0.010292831235 , 59 , -56 , 22 , 1569348425.2995093
1.58554608982 , 3.19367308371 , 0.002058566247 , 59 , -56 , 18 , 1569348425.345108
1.5793837868 , 3.20184615717 , -0.002058566247 , 63 , -68 , 15 , 1569348425.3943114
1.57277451231 , 3.21161003547 , -0.004117132494 , 63 , -67 , 3 , 1569348425.4470358
1.56556238958 , 3.22287077337 , -0.00455825383264 , 58 , -65 , 0 , 1569348425.504445
1.55960647184 , 3.23262033745 , -0.00367601115536 , 56 , -64 , 0 , 1569348425.5457573
1.55450782492 , 3.24096456653 , -0.00220560669321 , 56 , -61 , 0 , 1569348425.6067514
1.54785338378 , 3.25153971417 , 0.000441121338643 , 52 , -65 , 0 , 1569348425.6478164
1.54267217195 , 3.25955554494 , 0.00294080892428 , 52 , -64 , 0 , 1569348425.6929517
1.53708168887 , 3.2682836375 , 0.00529345606371 , 53 , -70 , 0 , 1569348425.738328
1.53152395621 , 3.27607687895 , 0.00985170989635 , 53 , -70 , 0 , 1569348425.7833424
1.52597281471 , 3.28448771824 , 0.0124984379282 , 43 , -69 , 0 , 1569348425.8324955
1.51900288007 , 3.29233552264 , 0.0229383096094 , 52 , -65 , 0 , 1569348425.9073262
1.51048919519 , 3.30477135526 , 0.0272024825496 , 56 , -68 , 0 , 1569348425.9550037
1.50398558187 , 3.31429236171 , 0.0301432914739 , 60 , -72 , 0 , 1569348426.004444
1.49816145458 , 3.32280931893 , 0.0326429790596 , 56 , -68 , 0 , 1569348426.0546362
1.49038705403 , 3.33404395793 , 0.0361719497687 , 60 , -68 , 0 , 1569348426.1065736
1.48364211786 , 3.34380811185 , 0.0389657182468 , 55 , -69 , 0 , 1569348426.1640668
1.47572843072 , 3.35426377257 , 0.0448473360953 , 52 , -65 , 0 , 1569348426.2210605
1.46934788676 , 3.36368156404 , 0.0464647810037 , 48 , -68 , 0 , 1569348426.26664
1.46366225484 , 3.37136006728 , 0.0498467112666 , 55 , -61 , 0 , 1569348426.3159149
1.45731226965 , 3.38016229086 , 0.0519052775136 , 51 , -65 , 3 , 1569348426.3686628
1.44986704038 , 3.39009840508 , 0.0549931268841 , 52 , -61 , 3 , 1569348426.4180434
1.4440409969 , 3.39733228484 , 0.057639854916 , 47 , -61 , 3 , 1569348426.4713655
1.43731824242 , 3.40547952489 , 0.0610217851789 , 51 , -61 , 0 , 1569348426.5241487
1.43114075114 , 3.41375093703 , 0.0636685132108 , 48 , -64 , 0 , 1569348426.565198
1.42470526477 , 3.4219069328 , 0.0667563625813 , 47 , -60 , 37 , 1569348426.6229596
1.41513088637 , 3.4280148434 , 0.0611688256251 , 39 , -68 , 64 , 1569348426.6776674
1.40142490841 , 3.43095407202 , 0.0536697628682 , 44 , -67 , 67 , 1569348426.7250206
1.39052592207 , 3.43448132526 , 0.0430828507408 , 44 , -67 , 64 , 1569348426.7704372
1.37994051691 , 3.43847121108 , 0.0324959386133 , 47 , -67 , 56 , 1569348426.823107
1.3691793291 , 3.44482997916 , 0.0258791185337 , 37 , -68 , 49 , 1569348426.8684082
1.359656173 , 3.44807685358 , 0.0244087140716 , 48 , -71 , 41 , 1569348426.9135482
1.34879140826 , 3.45493783833 , 0.0186741366692 , 55 , -71 , 30 , 1569348426.9715507
1.33778189751 , 3.46395326505 , 0.0142629232828 , 55 , -72 , 22 , 1569348427.0238874
1.33045823904 , 3.47186773235 , 0.0136747614979 , 56 , -71 , 11 , 1569348427.0696213
1.32259057496 , 3.48098043528 , 0.0141158828366 , 59 , -68 , 0 , 1569348427.1266837
1.31465591614 , 3.49112257503 , 0.0160274086373 , 52 , -68 , 7 , 1569348427.1714463
1.30891719093 , 3.49891002937 , 0.0186741366692 , 52 , -69 , 0 , 1569348427.2208488
1.30240346629 , 3.50820501867 , 0.0227912691632 , 41 , -72 , 0 , 1569348427.266619
1.29561092777 , 3.51528792136 , 0.0339663430755 , 52 , -76 , 0 , 1569348427.3146186
1.28944136778 , 3.52301716497 , 0.0395538800316 , 48 , -71 , 3 , 1569348427.3601744
1.28211416202 , 3.53195384695 , 0.0448473360953 , 55 , -72 , 0 , 1569348427.4175475
1.27466260462 , 3.54149136891 , 0.0504348730515 , 44 , -68 , 3 , 1569348427.4744074
1.26712697202 , 3.54871971294 , 0.06175698741 , 49 , -68 , 3 , 1569348427.519465
1.26126937574 , 3.55563517672 , 0.0660211603502 , 49 , -69 , 0 , 1569348427.564795
1.25452132833 , 3.56381260869 , 0.070726454629 , 52 , -64 , 0 , 1569348427.6264622
1.24677522814 , 3.57317856712 , 0.0751376680155 , 52 , -67 , 15 , 1569348427.6712337
1.23921019118 , 3.57955722584 , 0.0732261422147 , 52 , -64 , 52 , 1569348427.712765
1.22865049058 , 3.58460924757 , 0.0632273918721 , 51 , -68 , 60 , 1569348427.7667909
1.21672129094 , 3.58922876397 , 0.0508759943901 , 48 , -67 , 63 , 1569348427.8105605
1.20624867367 , 3.59317131982 , 0.0395538800316 , 47 , -64 , 56 , 1569348427.8635533
1.19379807149 , 3.59818662524 , 0.0270554421034 , 47 , -64 , 56 , 1569348427.9178913
1.18188728367 , 3.60364951296 , 0.0147040446214 , 44 , -68 , 48 , 1569348427.9661622
1.17110604439 , 3.60949822533 , 0.00705794141828 , 48 , -68 , 45 , 1569348428.015005
1.16211418408 , 3.61510625153 , 0.00294080892428 , 47 , -75 , 34 , 1569348428.0600848
1.15231933829 , 3.62195014685 , 0.000735202231071 , 43 , -71 , 30 , 1569348428.1181576
1.14263581509 , 3.6295979552 , 0.000882242677285 , 48 , -75 , 18 , 1569348428.1628377
1.13459719819 , 3.63635178553 , 0.00249968758564 , 47 , -75 , 22 , 1569348428.212192
1.12548100736 , 3.64392807186 , 0.00279376847807 , 47 , -75 , 18 , 1569348428.2690434
1.11572970345 , 3.65286886072 , 0.00676386052585 , 40 , -75 , 18 , 1569348428.3144622
1.10696801813 , 3.66046469773 , 0.0104398716812 , 44 , -79 , 22 , 1569348428.363323
1.09910977797 , 3.66689249104 , 0.0133806806055 , 43 , -75 , 22 , 1569348428.41646
1.08967238181 , 3.67417035401 , 0.0170566917608 , 40 , -79 , 22 , 1569348428.457682
1.0813415819 , 3.68023131267 , 0.0201445411313 , 39 , -78 , 22 , 1569348428.5114148
1.06980409571 , 3.68835392681 , 0.0244087140716 , 35 , -75 , 30 , 1569348428.5720897
1.05997225393 , 3.69454147865 , 0.0273495229958 , 33 , -71 , 26 , 1569348428.61755
1.05032643969 , 3.70031440196 , 0.0304373723663 , 31 , -75 , 30 , 1569348428.6751525
1.03889272336 , 3.70695393992 , 0.0332311408444 , 37 , -75 , 34 , 1569348428.723683
1.03015707693 , 3.71194667678 , 0.034995626199 , 37 , -75 , 34 , 1569348428.7687263
1.02101793563 , 3.71713381199 , 0.0366130711073 , 27 , -72 , 30 , 1569348428.8184073
1.01138450824 , 3.72103032089 , 0.0426417294021 , 31 , -75 , 30 , 1569348428.8711064
1.0013709991 , 3.72641939414 , 0.0441121338643 , 37 , -75 , 34 , 1569348428.9120822
0.992336136883 , 3.73138984698 , 0.0454354978802 , 40 , -75 , 33 , 1569348428.957227
0.983039048918 , 3.73664434721 , 0.045288457434 , 35 , -75 , 37 , 1569348429.0182703
0.971423961203 , 3.74282988428 , 0.0439650934181 , 40 , -71 , 37 , 1569348429.0595672
0.962540997564 , 3.7476684924 , 0.0423476485097 , 39 , -71 , 37 , 1569348429.1127682
0.950885159749 , 3.75413732559 , 0.0401420418165 , 39 , -72 , 34 , 1569348429.1663475
0.940628825078 , 3.7599046003 , 0.0382305160157 , 40 , -71 , 37 , 1569348429.211132
0.931821041039 , 3.7648238354 , 0.0367601115536 , 35 , -72 , 37 , 1569348429.2603176
0.921590430072 , 3.7704582504 , 0.0352897070914 , 39 , -72 , 35 , 1569348429.3189416
0.90998448167 , 3.77689750685 , 0.0338193026293 , 37 , -71 , 37 , 1569348429.3626232
0.901056231551 , 3.78176687328 , 0.0327900195058 , 39 , -72 , 37 , 1569348429.4118335
0.89080611821 , 3.78724481516 , 0.0320548172747 , 35 , -72 , 37 , 1569348429.4657154
0.878540374409 , 3.79381156324 , 0.0316136959361 , 35 , -68 , 34 , 1569348429.526515
0.868490173233 , 3.79930767684 , 0.0313196150436 , 37 , -75 , 37 , 1569348429.5678782
0.859333168953 , 3.80416384544 , 0.0310255341512 , 31 , -76 , 37 , 1569348429.620922
0.848852805368 , 3.80803125264 , 0.0372012328922 , 33 , -79 , 37 , 1569348429.6658118
0.839389730372 , 3.81248766089 , 0.0386716373543 , 29 , -75 , 41 , 1569348429.7068017
0.829743981671 , 3.81647599768 , 0.039112758693 , 33 , -79 , 45 , 1569348429.7518415
0.819791065503 , 3.82083955461 , 0.0389657182468 , 31 , -75 , 41 , 1569348429.8019912
0.808701645876 , 3.82580329773 , 0.0386716373543 , 33 , -72 , 45 , 1569348429.8465886
0.798995662469 , 3.83009684846 , 0.0380834755695 , 33 , -75 , 45 , 1569348429.891435
0.78865189803 , 3.8346792477 , 0.0377893946771 , 33 , -72 , 41 , 1569348429.9385676
0.777856343703 , 3.83972283665 , 0.0364660306611 , 33 , -75 , 45 , 1569348429.9892275
0.766485148395 , 3.84481537567 , 0.034995626199 , 35 , -75 , 45 , 1569348430.0466783
0.75488063166 , 3.84988824349 , 0.0342604239679 , 35 , -75 , 41 , 1569348430.0961554
0.743964558704 , 3.85476947656 , 0.0332311408444 , 31 , -75 , 45 , 1569348430.1494336
0.732420158494 , 3.85978065342 , 0.0324959386133 , 27 , -75 , 49 , 1569348430.2022517
0.719140159108 , 3.86468787187 , 0.0319077768285 , 27 , -79 , 48 , 1569348430.2600107
0.705425090694 , 3.86967277699 , 0.0313196150436 , 27 , -75 , 49 , 1569348430.3185213
0.692203613002 , 3.87445750899 , 0.0313196150436 , 29 , -72 , 45 , 1569348430.3663504
0.682362240507 , 3.87797852097 , 0.0311725745974 , 29 , -75 , 49 , 1569348430.411196
0.670632500359 , 3.88152593327 , 0.0332311408444 , 22 , -75 , 45 , 1569348430.4741294
0.657427891137 , 3.88550356006 , 0.0352897070914 , 26 , -79 , 52 , 1569348430.5176134
0.646899529268 , 3.88884988992 , 0.0358778688763 , 25 , -75 , 48 , 1569348430.5631387
0.636313827781 , 3.89238372903 , 0.0366130711073 , 29 , -79 , 45 , 1569348430.6081386
0.626112387546 , 3.89592395489 , 0.0369071519998 , 31 , -79 , 52 , 1569348430.661245
0.610728446974 , 3.90077952379 , 0.0372012328922 , 29 , -75 , 52 , 1569348430.7181463
0.598652069314 , 3.90519458314 , 0.0354367475376 , 29 , -79 , 56 , 1569348430.7677362
0.58788043015 , 3.90855871298 , 0.0335252217368 , 27 , -79 , 56 , 1569348430.8165743
0.574691507705 , 3.91202986062 , 0.0298492105815 , 25 , -79 , 52 , 1569348430.8698153
0.561480414971 , 3.9167223274 , 0.0310255341512 , 25 , -79 , 52 , 1569348430.9190764
0.550586421633 , 3.91987811899 , 0.0304373723663 , 23 , -83 , 56 , 1569348430.9684348
0.537549130565 , 3.92353401702 , 0.0301432914739 , 26 , -79 , 56 , 1569348431.0131698
0.526511981112 , 3.92672296832 , 0.0301432914739 , 27 , -84 , 60 , 1569348431.0626662
0.51323645422 , 3.93029163324 , 0.0298492105815 , 25 , -86 , 60 , 1569348431.1077094
0.50123288437 , 3.93345494675 , 0.0298492105815 , 23 , -86 , 60 , 1569348431.1567194
0.487427194046 , 3.93698370444 , 0.0298492105815 , 18 , -83 , 60 , 1569348431.2020283
0.473819978223 , 3.94035068738 , 0.0302903319201 , 23 , -83 , 60 , 1569348431.2590234
0.460357226465 , 3.94368813923 , 0.0301432914739 , 22 , -87 , 64 , 1569348431.3045087
0.446166926964 , 3.94708946962 , 0.0299962510277 , 22 , -90 , 64 , 1569348431.353098
0.433979476026 , 3.94991011154 , 0.0299962510277 , 25 , -86 , 64 , 1569348431.398107
0.422426670766 , 3.95255414436 , 0.0302903319201 , 22 , -86 , 64 , 1569348431.443684
0.408493783881 , 3.9554301432 , 0.0304373723663 , 23 , -90 , 71 , 1569348431.501686
0.391493793423 , 3.95885358728 , 0.0304373723663 , 22 , -90 , 71 , 1569348431.5500891
0.378441293798 , 3.96141894764 , 0.0305844128126 , 23 , -91 , 67 , 1569348431.603381
0.362033162994 , 3.96446670413 , 0.0316136959361 , 15 , -94 , 75 , 1569348431.6607497
0.344271207444 , 3.96734304905 , 0.0320548172747 , 23 , -101 , 82 , 1569348431.7184577
0.324515185701 , 3.9704551303 , 0.0319077768285 , 26 , -105 , 86 , 1569348431.767216
0.309241274793 , 3.97270689573 , 0.0317607363823 , 22 , -98 , 82 , 1569348431.8121917
0.292361888442 , 3.97521735786 , 0.0314666554898 , 19 , -94 , 75 , 1569348431.869797
0.273152905815 , 3.97793894694 , 0.0322018577209 , 23 , -120 , 104 , 1569348431.9313164
0.249302542763 , 3.98038515562 , 0.0310255341512 , 22 , -141 , 126 , 1569348431.9817734
0.223768323177 , 3.98261141125 , 0.0297021701353 , 18 , -153 , 133 , 1569348432.0332758
0.196349884714 , 3.98484333596 , 0.0285258465656 , 18 , -157 , 144 , 1569348432.0825238
0.172191601084 , 3.98661353036 , 0.0273495229958 , 19 , -153 , 140 , 1569348432.1355686
0.14283269768 , 3.9874872663 , 0.0216149455935 , 14 , -149 , 134 , 1569348432.1853454
0.117842453826 , 3.99044004594 , 0.026761361211 , 15 , -145 , 126 , 1569348432.23878
0.0895243350247 , 3.99225322122 , 0.0279376847807 , 15 , -132 , 115 , 1569348432.295913
0.0624632995262 , 3.994012375 , 0.0323488981671 , 0 , -138 , 126 , 1569348432.3525574
0.0402289038527 , 3.99438300585 , 0.0345545048603 , 5 , -155 , 138 , 1569348432.3932507
0.0158300649883 , 3.99426639401 , 0.0366130711073 , 0 , -158 , 149 , 1569348432.4383748
-0.00681126548382 , 3.99371661896 , 0.0380834755695 , 0 , -158 , 155 , 1569348432.4758022
-0.0296903439816 , 3.99304058835 , 0.039112758693 , 0 , -157 , 149 , 1569348432.5206907
-0.0539545498592 , 3.99186739153 , 0.0379364351233 , 0 , -152 , 150 , 1569348432.566194
-0.0812802382472 , 3.99097004374 , 0.0386716373543 , 0 , -141 , 139 , 1569348432.6235187
-0.110393251893 , 3.98995546862 , 0.0392597991392 , 0 , -130 , 127 , 1569348432.6810699
-0.137036411822 , 3.98893688499 , 0.0394068395854 , 3 , -124 , 122 , 1569348432.7382488
-0.162588239843 , 3.98848863449 , 0.0383775564619 , 0 , -115 , 113 , 1569348432.796563
-0.186475046163 , 3.98757146691 , 0.0379364351233 , 0 , -107 , 109 , 1569348432.8439858
-0.203298234041 , 3.98682111759 , 0.0373482733384 , 0 , -100 , 105 , 1569348432.8893383
-0.221856408042 , 3.98584810757 , 0.0358778688763 , 0 , -95 , 102 , 1569348432.9429147
-0.243717644232 , 3.9838054309 , 0.0292610487966 , 0 , -88 , 98 , 1569348432.999732
-0.25963669286 , 3.98353513739 , 0.0302903319201 , 0 , -77 , 87 , 1569348433.0528467
-0.279783008759 , 3.98217004843 , 0.0263202398723 , 0 , -73 , 91 , 1569348433.1189919
-0.296593190864 , 3.98083318254 , 0.0216149455935 , 0 , -69 , 84 , 1569348433.179988
-0.312974677358 , 3.97961277186 , 0.0170566917608 , 0 , -69 , 83 , 1569348433.2247405
-0.32689548111 , 3.978592937 , 0.0129395592669 , 0 , -69 , 83 , 1569348433.2743444
-0.339846150048 , 3.9771401106 , 0.006175698741 , 0 , -69 , 83 , 1569348433.3236485
-0.352474703294 , 3.97692242838 , 0.00544049650993 , 0 , -66 , 80 , 1569348433.3762152
-0.365632497797 , 3.97612445219 , 0.00161744490836 , 0 , -69 , 80 , 1569348433.4176946
-0.377341654432 , 3.97543500794 , -0.00191152580078 , 0 , -68 , 80 , 1569348433.4669726
-0.390989067643 , 3.97462296328 , -0.00588161784857 , 0 , -65 , 80 , 1569348433.5198004
-0.40420360636 , 3.97394635651 , -0.00985170989635 , 0 , -61 , 76 , 1569348433.5606925
-0.414806720574 , 3.97340822076 , -0.0132336401593 , 0 , -61 , 72 , 1569348433.6103978
-0.426767859977 , 3.97281213587 , -0.0172037322071 , 0 , -57 , 72 , 1569348433.6628635
-0.441258687328 , 3.97163642398 , -0.0242616736253 , 0 , -54 , 71 , 1569348433.7163444
-0.451959783466 , 3.9714769128 , -0.0255850376413 , -37 , -56 , 71 , 1569348433.76179
-0.462143003694 , 3.96698654643 , -0.0192622984541 , -66 , -56 , 71 , 1569348433.8111367
-0.474152819517 , 3.95908653696 , -0.00470529427885 , -79 , -52 , 67 , 1569348433.867893
-0.48726647523 , 3.94881118323 , 0.0141158828366 , -80 , -56 , 75 , 1569348433.913624
-0.497748749921 , 3.94058841146 , 0.0289669679042 , -75 , -52 , 75 , 1569348433.9666793
-0.512604292166 , 3.93034772816 , 0.0448473360953 , -59 , -52 , 71 , 1569348434.0235639
-0.523689074394 , 3.92154442797 , 0.0585220975933 , -44 , -49 , 71 , 1569348434.072789
-0.532669824226 , 3.91598084789 , 0.0642566749956 , -35 , -49 , 67 , 1569348434.1268063
-0.544086674537 , 3.91029103121 , 0.0682267670434 , -22 , -52 , 72 , 1569348434.1709387
-0.553478557477 , 3.90648493699 , 0.0688149288283 , -18 , -53 , 71 , 1569348434.216274
-0.563161442341 , 3.90340921518 , 0.0676386052585 , -7 , -49 , 71 , 1569348434.2657
-0.574303856688 , 3.90035826584 , 0.0644037154418 , -7 , -50 , 71 , 1569348434.318467
-0.585166605296 , 3.89811793068 , 0.0589632189319 , 0 , -53 , 72 , 1569348434.359355
-0.594958345292 , 3.89647642798 , 0.0533756819758 , 0 , -57 , 80 , 1569348434.40492
-0.605681666743 , 3.89492430571 , 0.0482292663583 , 0 , -57 , 80 , 1569348434.449906
-0.619034795148 , 3.89254564138 , 0.039112758693 , 0 , -57 , 76 , 1569348434.5032372
-0.630131832044 , 3.89149628469 , 0.0358778688763 , 0 , -54 , 76 , 1569348434.5479608
-0.640298364853 , 3.89009701458 , 0.0304373723663 , 0 , -53 , 76 , 1569348434.5892925
-0.650665828196 , 3.88874718541 , 0.0249968758564 , 0 , -50 , 72 , 1569348434.6350787
-0.662148204399 , 3.8872304598 , 0.018527096223 , 0 , -54 , 76 , 1569348434.682892
-0.672336448983 , 3.88595192288 , 0.0127925188206 , 0 , -50 , 76 , 1569348434.7283585
-0.684078050537 , 3.88454441134 , 0.00661682007964 , 0 , -53 , 79 , 1569348434.7777033
-0.694281169587 , 3.88344318119 , 0.00117632356971 , 0 , -50 , 76 , 1569348434.8302743
-0.708747743699 , 3.88183371467 , -0.00632273918721 , -26 , -52 , 71 , 1569348434.888014
-0.720051415235 , 3.87729537566 , -0.00235264713943 , -59 , -48 , 71 , 1569348434.936839
-0.733425412514 , 3.8694483911 , 0.00735202231071 , -63 , -48 , 75 , 1569348434.9947062
-0.743430589287 , 3.86127268394 , 0.0194093389003 , -66 , -48 , 75 , 1569348435.0393426
-0.753208131728 , 3.85384566094 , 0.0294080892428 , -63 , -48 , 75 , 1569348435.0846336
-0.764148793024 , 3.84561403933 , 0.0398479609241 , -55 , -45 , 75 , 1569348435.1424387
-0.777288159393 , 3.83628282287 , 0.0469059023423 , -48 , -48 , 75 , 1569348435.1990979
-0.787205469903 , 3.82980408497 , 0.0554342482228 , -40 , -45 , 71 , 1569348435.240027
-0.796443384274 , 3.82422696249 , 0.058375057147 , -35 , -41 , 71 , 1569348435.2937038
-0.808424288898 , 3.81773381285 , 0.0601395425016 , -23 , -41 , 71 , 1569348435.3506007
-0.819078596041 , 3.81272612194 , 0.059698421163 , -22 , -41 , 71 , 1569348435.3952172
-0.828096168287 , 3.80868870388 , 0.0585220975933 , -22 , -45 , 78 , 1569348435.4370193
-0.83778824055 , 3.80451071343 , 0.0567576122387 , -23 , -49 , 79 , 1569348435.4910195
-0.84944467167 , 3.79981889563 , 0.0541108842068 , -22 , -45 , 75 , 1569348435.535069
-0.858918019244 , 3.79578047547 , 0.051464156175 , -22 , -45 , 79 , 1569348435.5798273
-0.869398173082 , 3.79135216003 , 0.0482292663583 , -25 , -37 , 75 , 1569348435.6251633
-0.878550042094 , 3.78724633221 , 0.045288457434 , -22 , -41 , 75 , 1569348435.670184
-0.88795185087 , 3.78307275521 , 0.0427887698483 , -22 , -45 , 79 , 1569348435.7153265
-0.899177279358 , 3.77828579453 , 0.0408772440476 , -23 , -49 , 79 , 1569348435.7732232
-0.911884399763 , 3.77281696848 , 0.039112758693 , -27 , -45 , 75 , 1569348435.8300405
-0.924403370356 , 3.76726647584 , 0.0372012328922 , -25 , -45 , 75 , 1569348435.8790329
-0.933933257831 , 3.76310963285 , 0.0361719497687 , -27 , -45 , 75 , 1569348435.928904
-0.946797908997 , 3.75733245565 , 0.0351426666452 , -29 , -45 , 72 , 1569348435.9812315
-0.956229798161 , 3.75291943538 , 0.0357308284301 , -31 , -41 , 75 , 1569348436.0347092
-0.967602869923 , 3.74734112037 , 0.0363189902149 , -31 , -41 , 71 , 1569348436.088286
-0.979588119495 , 3.7413703248 , 0.0358778688763 , -33 , -45 , 71 , 1569348436.137122
-0.989006740352 , 3.73667117432 , 0.0372012328922 , -31 , -41 , 75 , 1569348436.190775
-1.00064878399 , 3.72941636124 , 0.0339663430755 , -31 , -30 , 75 , 1569348436.251709
-1.0104063373 , 3.72304678267 , 0.0304373723663 , -37 , -37 , 72 , 1569348436.292545
-1.0190119899 , 3.71789340788 , 0.0302903319201 , -35 , -38 , 71 , 1569348436.3463647
-1.02975685327 , 3.71141873147 , 0.0301432914739 , -35 , -37 , 79 , 1569348436.3992286
-1.04027346111 , 3.70537180195 , 0.0299962510277 , -33 , -41 , 75 , 1569348436.444507
-1.05073840077 , 3.69918824457 , 0.0304373723663 , -37 , -34 , 68 , 1569348436.493722
-1.05909626646 , 3.69384675967 , 0.0310255341512 , -40 , -37 , 67 , 1569348436.539043
-1.06849251278 , 3.68774130617 , 0.0330841003982 , -39 , -38 , 71 , 1569348436.595984
-1.07792730611 , 3.68169868939 , 0.0347015453066 , -33 , -34 , 64 , 1569348436.6408467
-1.08593058137 , 3.67652881181 , 0.0354367475376 , -35 , -37 , 72 , 1569348436.6905322
-1.09702687447 , 3.66992936831 , 0.0336722621831 , -35 , -34 , 71 , 1569348436.7471242
-1.10726615893 , 3.66343468137 , 0.0366130711073 , -37 , -33 , 75 , 1569348436.7923574
-1.11577203442 , 3.6576995703 , 0.0354367475376 , -31 , -30 , 71 , 1569348436.8465347
-1.12612215479 , 3.65053951986 , 0.0332311408444 , -35 , -30 , 71 , 1569348436.9028528
-1.13534961319 , 3.64411103517 , 0.0319077768285 , -37 , -30 , 71 , 1569348436.9482102
-1.14510243245 , 3.63720308737 , 0.0316136959361 , -39 , -33 , 71 , 1569348437.005786
-1.15635375487 , 3.62862948742 , 0.0302903319201 , -40 , -22 , 64 , 1569348437.06659
-1.16314603806 , 3.62272178071 , 0.0280847252269 , -40 , -30 , 68 , 1569348437.1079245
-1.17077912334 , 3.61700145607 , 0.0277906443345 , -40 , -30 , 71 , 1569348437.1617196
-1.18161514282 , 3.60976901634 , 0.0266143207648 , -40 , -34 , 68 , 1569348437.2141523
-1.18954091753 , 3.60382877308 , 0.0286728870118 , -40 , -33 , 71 , 1569348437.259453
-1.19735610597 , 3.59781914883 , 0.0282317656731 , -43 , -26 , 68 , 1569348437.3087165
-1.20562767893 , 3.59073810424 , 0.0274965634421 , -44 , -33 , 72 , 1569348437.3543704
-1.21368641057 , 3.58453553558 , 0.0286728870118 , -44 , -33 , 71 , 1569348437.3989155
-1.22335837846 , 3.57743853811 , 0.0302903319201 , -40 , -37 , 71 , 1569348437.4520044
-1.23438498445 , 3.57067581995 , 0.030878493705 , -40 , -41 , 75 , 1569348437.5091834
-1.24509671156 , 3.56324539647 , 0.0345545048603 , -44 , -37 , 71 , 1569348437.563346
-1.25473256165 , 3.55625916131 , 0.0374953137846 , -43 , -30 , 67 , 1569348437.619723
-1.26516253705 , 3.54901835564 , 0.0367601115536 , -33 , -30 , 67 , 1569348437.669083
-1.27296377915 , 3.54389496498 , 0.0342604239679 , -39 , -26 , 71 , 1569348437.7223346
-1.2820515289 , 3.53639929205 , 0.0326429790596 , -39 , -26 , 68 , 1569348437.7753613
-1.29020235252 , 3.52950836981 , 0.0317607363823 , -44 , -22 , 71 , 1569348437.8204594
-1.2986316995 , 3.52205694958 , 0.0314666554898 , -47 , -26 , 71 , 1569348437.8781683
-1.30889060296 , 3.51267773657 , 0.0314666554898 , -47 , -26 , 71 , 1569348437.9391136
-1.31759827074 , 3.50477287948 , 0.0310255341512 , -41 , -26 , 68 , 1569348437.9842181
-1.32514100183 , 3.49822183029 , 0.030878493705 , -47 , -26 , 67 , 1569348438.0376716
-1.33395177535 , 3.49037495691 , 0.0311725745974 , -48 , -22 , 75 , 1569348438.082444
-1.34153233084 , 3.48351412528 , 0.0316136959361 , -50 , -22 , 71 , 1569348438.1317358
-1.35023353779 , 3.47544044555 , 0.0316136959361 , -46 , -22 , 71 , 1569348438.1850631
-1.35887843184 , 3.46711698181 , 0.0311725745974 , -43 , -19 , 68 , 1569348438.2389123
-1.36802854629 , 3.45780339842 , 0.0295551296891 , -44 , -22 , 71 , 1569348438.292075
-1.37485455098 , 3.45125697092 , 0.0283788061193 , -44 , -18 , 71 , 1569348438.3365762
-1.38226710626 , 3.44464624806 , 0.0273495229958 , -44 , -26 , 72 , 1569348438.3818734
-1.39206072032 , 3.43635721535 , 0.0248498354102 , -48 , -22 , 67 , 1569348438.4419007
-1.39922761286 , 3.42868947071 , 0.0282317656731 , -48 , -22 , 68 , 1569348438.484054
-1.40630176003 , 3.42206147289 , 0.028819927458 , -47 , -22 , 71 , 1569348438.5376494
-1.41673136498 , 3.41273318814 , 0.0276436038883 , -48 , -18 , 71 , 1569348438.5945072
-1.42376462167 , 3.40448958557 , 0.0294080892428 , -49 , -11 , 64 , 1569348438.6397529
-1.4297946905 , 3.39718501031 , 0.0298492105815 , -55 , -15 , 60 , 1569348438.688951
-1.4365262107 , 3.38915798216 , 0.0323488981671 , -51 , -15 , 60 , 1569348438.7418284
-1.44338364094 , 3.38113738027 , 0.0345545048603 , -52 , -18 , 64 , 1569348438.7829196
-1.45041487627 , 3.37303914411 , 0.0360249093225 , -50 , -15 , 64 , 1569348438.8405735
-1.45781099872 , 3.36463743958 , 0.0373482733384 , -51 , -18 , 67 , 1569348438.8934321
-1.46543881809 , 3.35624483862 , 0.0383775564619 , -52 , -15 , 64 , 1569348438.9341402
-1.47170611324 , 3.34921033708 , 0.0388186778006 , -48 , -22 , 67 , 1569348438.9795039
-1.47825174907 , 3.34193847082 , 0.0385245969081 , -56 , -19 , 71 , 1569348439.0327094
-1.48731807887 , 3.33216703052 , 0.0397009204778 , -52 , -18 , 72 , 1569348439.082057
-1.49413853387 , 3.32465454327 , 0.0395538800316 , -51 , -15 , 68 , 1569348439.1310003
-1.50183347965 , 3.31596215346 , 0.0386716373543 , -51 , -18 , 71 , 1569348439.1843095
-1.50944154486 , 3.3073361311 , 0.0376423542308 , -48 , -15 , 68 , 1569348439.22898
-1.51599573023 , 3.30007196965 , 0.0364660306611 , -48 , -7 , 64 , 1569348439.2747686
-1.52308781637 , 3.29139839732 , 0.0363189902149 , -51 , -15 , 59 , 1569348439.335571
-1.52981054829 , 3.28318663265 , 0.0376423542308 , -52 , -15 , 60 , 1569348439.376793
-1.53540393779 , 3.27612639985 , 0.0399950013703 , -52 , -15 , 60 , 1569348439.4224567
-1.54221803173 , 3.26729795121 , 0.0417594867248 , -55 , -11 , 68 , 1569348439.4832807
-1.55042963413 , 3.25750366244 , 0.0419065271711 , -52 , -18 , 68 , 1569348439.5327806
-1.55794385192 , 3.24843640389 , 0.0417594867248 , -48 , -11 , 64 , 1569348439.5862827
-1.56412147891 , 3.24096406727 , 0.0399950013703 , -45 , -3 , 65 , 1569348439.6395693
-1.5712483358 , 3.23148002199 , 0.0344074644141 , -41 , 0 , 69 , 1569348439.6923022
-1.57646419322 , 3.22406034106 , 0.0285258465656 , -45 , 0 , 61 , 1569348439.7374096
-1.58311254063 , 3.21445180819 , 0.0217619860397 , -53 , 0 , 65 , 1569348439.7972414
-1.5883841122 , 3.20536694942 , 0.0204386220238 , -49 , 0 , 65 , 1569348439.8394892
-1.59350044871 , 3.19757789569 , 0.0166155704222 , -53 , 0 , 65 , 1569348439.8846488
-1.59859489366 , 3.18961372603 , 0.0135277210517 , -53 , 0 , 65 , 1569348439.9294376
-1.60567615244 , 3.1800461851 , 0.00602865829478 , -52 , 0 , 61 , 1569348439.9867837
-1.61060779888 , 3.17132767567 , 0.00749906275692 , -52 , -3 , 61 , 1569348440.032561
-1.61548724082 , 3.16380357369 , 0.00558753695614 , -55 , 0 , 61 , 1569348440.0812185
-1.62134008932 , 3.15471891917 , 0.00338193026293 , -56 , 0 , 64 , 1569348440.126282
-1.62673228105 , 3.14659870816 , 0.000882242677285 , -56 , 0 , 65 , 1569348440.171425
-1.63306269962 , 3.13684286741 , -0.0010292831235 , -60 , 0 , 65 , 1569348440.220513
-1.63839445493 , 3.12818766843 , -0.002058566247 , -59 , 0 , 65 , 1569348440.2750442
-1.64509473485 , 3.11724986578 , -0.00323488981671 , -60 , 0 , 65 , 1569348440.3229322
-1.65025146795 , 3.10877344669 , -0.00382305160157 , -56 , -3 , 57 , 1569348440.3683376
-1.65793006158 , 3.10014205692 , 0.000882242677285 , -54 , -53 , 60 , 1569348440.4301229
-1.67161750362 , 3.09244711497 , 0.0186741366692 , -55 , -60 , 63 , 1569348440.4909143
-1.68272713779 , 3.08609226554 , 0.0344074644141 , -56 , -52 , 60 , 1569348440.5360944
-1.69086452164 , 3.08055677296 , 0.047347023681 , -57 , -40 , 59 , 1569348440.5817208
-1.70080424111 , 3.07256213615 , 0.057639854916 , -56 , -30 , 60 , 1569348440.6341493
-1.70777384024 , 3.06566763921 , 0.0654329985653 , -56 , -30 , 56 , 1569348440.679414
-1.71539892813 , 3.05696469707 , 0.0721968590912 , -56 , -18 , 60 , 1569348440.7329953
-1.72082143862 , 3.0494298104 , 0.0774903151549 , -60 , -11 , 60 , 1569348440.7858458
-1.72546218721 , 3.04043876923 , 0.0798429622943 , -56 , -3 , 64 , 1569348440.8309557
-1.73015897291 , 3.03179500833 , 0.0801370431867 , -63 , 3 , 61 , 1569348440.880271
-1.73655573536 , 3.01956574012 , 0.0786666387246 , -60 , 0 , 65 , 1569348440.9410007
-1.74159792461 , 3.00840691601 , 0.0791077600632 , -56 , 0 , 69 , 1569348440.990549
-1.74628340169 , 2.99954380803 , 0.07690215337 , -56 , 0 , 65 , 1569348441.0439327
-1.75200896479 , 2.98881910645 , 0.074108384892 , -56 , 0 , 62 , 1569348441.0986857
-1.75724744344 , 2.97898926609 , 0.0717557377525 , -53 , 0 , 65 , 1569348441.1421828
-1.76247879547 , 2.96942603858 , 0.0689619692745 , -53 , 0 , 61 , 1569348441.191399
-1.76691396 , 2.96130650964 , 0.0667563625813 , -55 , 0 , 65 , 1569348441.2444158
-1.77266807365 , 2.95016979454 , 0.0641096345494 , -61 , 0 , 65 , 1569348441.2935886
-1.77714612835 , 2.94137177459 , 0.0630803514259 , -60 , 0 , 62 , 1569348441.3391845
-1.78250474135 , 2.93025585838 , 0.062492189641 , -60 , 3 , 58 , 1569348441.391618
-1.78637441932 , 2.92158802836 , 0.0632273918721 , -64 , 0 , 58 , 1569348441.4369457
-1.79032371774 , 2.91274394953 , 0.0644037154418 , -68 , 0 , 57 , 1569348441.486292
-1.79461630033 , 2.90261261298 , 0.0669034030275 , -64 , 0 , 54 , 1569348441.539204
-1.79885207271 , 2.89272468963 , 0.0689619692745 , -64 , 3 , 54 , 1569348441.5803654
-1.80257289242 , 2.88409441657 , 0.069991252398 , -65 , 3 , 58 , 1569348441.626019
-1.80706773832 , 2.8741731565 , 0.070726454629 , -60 , 0 , 57 , 1569348441.68259
-1.81170996584 , 2.86437767499 , 0.0713146164139 , -57 , 0 , 57 , 1569348441.7236078
-1.81545028482 , 2.8562960055 , 0.0708734950753 , -60 , 0 , 57 , 1569348441.7768106
-1.82043526516 , 2.84451484652 , 0.0717557377525 , -58 , 22 , 52 , 1569348441.8339522
-1.82254780847 , 2.83408341555 , 0.0676386052585 , -56 , 48 , 52 , 1569348441.8795679
-1.82225427802 , 2.82402268283 , 0.0570516931311 , -59 , 52 , 49 , 1569348441.932649
-1.82153741556 , 2.81147117933 , 0.0424946889559 , -52 , 48 , 52 , 1569348441.977921
-1.82153489653 , 2.80229944583 , 0.0313196150436 , -52 , 41 , 52 , 1569348442.0228446
-1.82236323002 , 2.79165196505 , 0.0199975006851 , -56 , 37 , 53 , 1569348442.0717726
-1.82382379032 , 2.78240147388 , 0.0124984379282 , -60 , 23 , 57 , 1569348442.125219
-1.82692840974 , 2.77138230124 , 0.00632273918721 , -63 , 18 , 60 , 1569348442.1703513
-1.83116874765 , 2.76087864912 , 0.00279376847807 , -63 , 7 , 60 , 1569348442.2196524
-1.83636560093 , 2.75041539539 , 0.00117632356971 , -59 , 3 , 57 , 1569348442.2807884
-1.84172522964 , 2.74054708118 , 0.000441121338643 , -56 , 0 , 57 , 1569348442.325748
-1.84627031657 , 2.73255489762 , 0.000735202231071 , -53 , 0 , 53 , 1569348442.371131
-1.85086138081 , 2.72447752918 , 0.0010292831235 , -56 , 0 , 61 , 1569348442.4165728
-1.85636800273 , 2.71497304344 , 0.000882242677285 , -64 , 0 , 57 , 1569348442.4692092
-1.8608122918 , 2.70642018763 , 0.0030878493705 , -64 , 0 , 53 , 1569348442.5142524
-1.86489716941 , 2.69727190763 , 0.00838130543421 , -64 , 0 , 53 , 1569348442.5837932
-1.86988024616 , 2.68557971821 , 0.0158803681911 , -64 , 0 , 55 , 1569348442.624616
-1.8747621675 , 2.67605805672 , 0.0177918939919 , -67 , 0 , 54 , 1569348442.6826775
-1.88045201855 , 2.66399759091 , 0.0223501478246 , -64 , 0 , 53 , 1569348442.7358277
-1.88526349406 , 2.65405351406 , 0.0252909567488 , -64 , 0 , 54 , 1569348442.7844877
-1.88930563272 , 2.64545548959 , 0.0282317656731 , -63 , 0 , 54 , 1569348442.834011
-1.89436795039 , 2.63444044164 , 0.0323488981671 , -59 , 0 , 50 , 1569348442.8907933
-1.8984826503 , 2.62544640728 , 0.0355837879838 , -60 , 0 , 46 , 1569348442.9359455
-1.90083958536 , 2.6182059255 , 0.0420535676173 , -61 , 0 , 46 , 1569348442.981582
-1.90449882762 , 2.60963526605 , 0.0458766192188 , -63 , 0 , 47 , 1569348443.0387344
-1.90918802897 , 2.59887638971 , 0.0499937517128 , -64 , 0 , 53 , 1569348443.083395
-1.91270199171 , 2.5906724209 , 0.0532286415295 , -64 , 0 , 50 , 1569348443.1281512
-1.91640276068 , 2.5819141911 , 0.0563164909 , -60 , 0 , 53 , 1569348443.1802897
-1.92142791954 , 2.57046605577 , 0.0585220975933 , -64 , 0 , 53 , 1569348443.2307122
-1.92519849733 , 2.56201737672 , 0.0607277042865 , -64 , 0 , 53 , 1569348443.2760825
-1.92945882194 , 2.55235394069 , 0.0633744323183 , -56 , 0 , 51 , 1569348443.3333988
-1.93366118696 , 2.54293326161 , 0.0646977963343 , -60 , 0 , 53 , 1569348443.377906
-1.93719358867 , 2.53458548884 , 0.0661682007964 , -56 , 0 , 49 , 1569348443.4194605
-1.94017494802 , 2.52688420922 , 0.0677856457048 , -56 , 0 , 46 , 1569348443.4645555
-1.94338810146 , 2.5184894873 , 0.0698442119518 , -63 , 15 , 49 , 1569348443.5130866
-1.94482232527 , 2.50917518886 , 0.0669034030275 , -63 , 48 , 49 , 1569348443.5544105
-1.94408858635 , 2.49894823184 , 0.0574928144698 , -59 , 63 , 52 , 1569348443.5993993
-1.94257688211 , 2.48784167129 , 0.0441121338643 , -62 , 64 , 52 , 1569348443.6488132
-1.9409044505 , 2.47519146943 , 0.0297021701353 , -60 , 56 , 45 , 1569348443.6938944
-1.93982357566 , 2.46488207843 , 0.0189682175616 , -60 , 49 , 45 , 1569348443.7393236
-1.93926924237 , 2.45351991086 , 0.00764610320314 , -63 , 37 , 45 , 1569348443.801307
-1.93989103428 , 2.43990910627 , 0.00352897070914 , -63 , 30 , 41 , 1569348443.849197
-1.94101964257 , 2.43062975432 , 0.00191152580078 , -63 , 18 , 45 , 1569348443.8943686
-1.94313136665 , 2.42151801582 , 0.00338193026293 , -66 , 3 , 38 , 1569348443.9504654
-1.94696773388 , 2.41122391465 , 0.0110280334661 , -64 , 0 , 38 , 1569348443.9966626
-1.94998067201 , 2.40359117415 , 0.0169096513146 , -60 , 0 , 42 , 1569348444.0377653
-1.95304637535 , 2.39599507578 , 0.0222031073783 , -64 , 0 , 46 , 1569348444.0920656
-1.95756284509 , 2.38577884438 , 0.0272024825496 , -59 , 0 , 46 , 1569348444.1442196
-1.9612907127 , 2.3769017324 , 0.0322018577209 , -64 , 0 , 42 , 1569348444.1937916
-1.96378393312 , 2.36863143069 , 0.04117132494 , -64 , 0 , 42 , 1569348444.246957
-1.9672700428 , 2.35920464369 , 0.0479351854658 , -60 , 0 , 38 , 1569348444.2917967
-1.96915069904 , 2.35195415287 , 0.0561694504538 , -64 , 0 , 34 , 1569348444.3368473
-1.9721085324 , 2.34249787561 , 0.062492189641 , -64 , 0 , 40 , 1569348444.4027622
-1.97566408444 , 2.33113444599 , 0.0705794141828 , -56 , 0 , 46 , 1569348444.4512627
-1.97861932366 , 2.32353156244 , 0.0732261422147 , -53 , 0 , 46 , 1569348444.496436
-1.98173645456 , 2.31509516109 , 0.0751376680155 , -59 , 30 , 48 , 1569348444.55049
-1.98286123151 , 2.30489644753 , 0.0701382928442 , -59 , 52 , 48 , 1569348444.5946817
-1.98178197244 , 2.29505795272 , 0.060433623394 , -55 , 56 , 45 , 1569348444.6438773
-1.98011401264 , 2.28351554405 , 0.0469059023423 , -58 , 57 , 45 , 1569348444.697659
-1.9783854188 , 2.27145837895 , 0.0338193026293 , -59 , 52 , 45 , 1569348444.742121
-1.97722602678 , 2.26151814383 , 0.0249968758564 , -60 , 45 , 41 , 1569348444.7871358
-1.97663551924 , 2.24951594913 , 0.016468529976 , -63 , 45 , 45 , 1569348444.8363867
-1.97661274181 , 2.23931768636 , 0.0113221143585 , -67 , 35 , 45 , 1569348444.889451
-1.97632556085 , 2.22677611347 , 0.0110280334661 , -71 , 30 , 41 , 1569348444.9390976
-1.97737530886 , 2.21665047944 , 0.010292831235 , -70 , 22 , 45 , 1569348444.9926004
-1.97909669052 , 2.20523358171 , 0.010292831235 , -75 , 22 , 45 , 1569348445.0412292
-1.98130424186 , 2.19403519306 , 0.0114691548047 , -71 , 18 , 45 , 1569348445.087359
-1.98364345725 , 2.18280461459 , 0.0142629232828 , -63 , 15 , 41 , 1569348445.1478157
-1.98472038442 , 2.17348505802 , 0.0199975006851 , -59 , 18 , 37 , 1569348445.1928031
-1.98656351406 , 2.16400336924 , 0.0210267838086 , -60 , 18 , 37 , 1569348445.2423778
-1.98726633696 , 2.15599664445 , 0.0248498354102 , -60 , 18 , 41 , 1569348445.2950602
-1.98887549196 , 2.1467343657 , 0.0261731994261 , -59 , 15 , 34 , 1569348445.3402987
-1.99011465026 , 2.13859722112 , 0.0276436038883 , -59 , 18 , 37 , 1569348445.3852136
-1.99052929631 , 2.12908331256 , 0.0319077768285 , -59 , 22 , 37 , 1569348445.442464
-1.99168077261 , 2.11965471641 , 0.0319077768285 , -63 , 22 , 37 , 1569348445.4875813
-1.99257771089 , 2.11135232126 , 0.0320548172747 , -59 , 22 , 33 , 1569348445.537172
-1.99395977472 , 2.10160864499 , 0.0330841003982 , -63 , 18 , 37 , 1569348445.5824456
-1.99557269975 , 2.09182762579 , 0.0344074644141 , -59 , 26 , 37 , 1569348445.6349363
-1.99633805111 , 2.08170980446 , 0.0342604239679 , -75 , 37 , 45 , 1569348445.6850164
-1.99657534472 , 2.07026844905 , 0.0332311408444 , -89 , 41 , 48 , 1569348445.7299523
-1.99673985084 , 2.05773998354 , 0.0326429790596 , -101 , 48 , 52 , 1569348445.7741861
-1.99677305514 , 2.04393032668 , 0.0319077768285 , -105 , 52 , 56 , 1569348445.8274362
-1.9967248465 , 2.02573517034 , 0.0301432914739 , -109 , 55 , 60 , 1569348445.8815336
-1.99670032295 , 2.00726070733 , 0.0295551296891 , -114 , 52 , 60 , 1569348445.9258945
-1.99667578916 , 1.9916933433 , 0.0301432914739 , -112 , 52 , 60 , 1569348445.9709294
-1.99647594656 , 1.97543224676 , 0.0310255341512 , -114 , 48 , 52 , 1569348446.024365
-1.99605132946 , 1.9539510011 , 0.0255850376413 , -111 , 48 , 49 , 1569348446.0855703
-1.99569066317 , 1.93607425881 , 0.0351426666452 , -107 , 48 , 48 , 1569348446.1306226
-1.99506021318 , 1.91951914108 , 0.037054192446 , -96 , 48 , 41 , 1569348446.184538
-1.99399884898 , 1.90264457761 , 0.0389657182468 , -89 , 45 , 37 , 1569348446.2370024
-1.9932923655 , 1.89073366669 , 0.0414654058324 , -86 , 41 , 37 , 1569348446.2823734
-1.99263109526 , 1.87946456748 , 0.0438180529718 , -79 , 41 , 37 , 1569348446.3314342
-1.99199594454 , 1.86718802461 , 0.0457295787726 , -74 , 34 , 33 , 1569348446.37623
-1.99143949874 , 1.85714539654 , 0.0466118214499 , -66 , 34 , 34 , 1569348446.4255655
-1.99079070881 , 1.8463520198 , 0.0470529427885 , -63 , 34 , 34 , 1569348446.4708612
-1.99144936722 , 1.83770666395 , 0.0445532552029 , -48 , 30 , 30 , 1569348446.527705
-1.99084805629 , 1.82965146111 , 0.0435239720794 , -56 , 34 , 30 , 1569348446.5730548
-1.99021763326 , 1.8218489501 , 0.0424946889559 , -55 , 34 , 30 , 1569348446.6227767
-1.98831388396 , 1.81124805931 , 0.0427887698483 , -52 , 37 , 30 , 1569348446.675457
-1.98714664485 , 1.80321664674 , 0.0399950013703 , -60 , 37 , 30 , 1569348446.720431
-1.98608737907 , 1.79489898145 , 0.0379364351233 , -62 , 34 , 30 , 1569348446.7698362
-1.9848743565 , 1.78462859294 , 0.0374953137846 , -63 , 39 , 30 , 1569348446.827582
-1.98352097838 , 1.77307706802 , 0.0364660306611 , -63 , 38 , 30 , 1569348446.87215
-1.98335384072 , 1.76318664583 , 0.0382305160157 , -59 , 34 , 30 , 1569348446.9297352
-1.98278882563 , 1.75347883361 , 0.0373482733384 , -56 , 34 , 26 , 1569348446.9745378
-1.98200900458 , 1.74556813268 , 0.0366130711073 , -56 , 34 , 26 , 1569348447.0198066
-1.98093258547 , 1.73733246078 , 0.0358778688763 , -58 , 42 , 26 , 1569348447.0689156
-1.97951394793 , 1.72748707122 , 0.0336722621831 , -56 , 35 , 22 , 1569348447.1221828
-1.97780804558 , 1.71708991415 , 0.0311725745974 , -56 , 37 , 26 , 1569348447.1711996
-1.97643527421 , 1.70877529283 , 0.0295551296891 , -63 , 41 , 26 , 1569348447.216598
-1.97471474292 , 1.6980654501 , 0.0289669679042 , -67 , 37 , 27 , 1569348447.2813923
-1.97307297471 , 1.68651401533 , 0.028819927458 , -63 , 41 , 26 , 1569348447.3268692
-1.9709724912 , 1.67746309896 , 0.0311725745974 , -67 , 45 , 22 , 1569348447.380158
-1.96824293901 , 1.66600434159 , 0.030878493705 , -63 , 45 , 26 , 1569348447.4249415
-1.96636652271 , 1.65697822296 , 0.0298492105815 , -66 , 45 , 26 , 1569348447.4777725
-1.96440016846 , 1.64624818229 , 0.0295551296891 , -63 , 41 , 26 , 1569348447.5232472
-1.9620503639 , 1.63717803691 , 0.0304373723663 , -59 , 37 , 26 , 1569348447.572356
-1.96053935945 , 1.62730156813 , 0.0294080892428 , -59 , 38 , 26 , 1569348447.6176767
-1.95925992592 , 1.61836732854 , 0.0280847252269 , -67 , 39 , 30 , 1569348447.6714718
-1.95777476 , 1.60513341447 , 0.0279376847807 , -67 , 41 , 26 , 1569348447.731954
-1.95598182105 , 1.59294203512 , 0.0279376847807 , -71 , 38 , 18 , 1569348447.7895405
-1.95412803987 , 1.5820379912 , 0.0289669679042 , -63 , 41 , 22 , 1569348447.843273
-1.95181233963 , 1.5706178813 , 0.0280847252269 , -63 , 41 , 22 , 1569348447.891666
-1.95007200966 , 1.56208651799 , 0.0279376847807 , -59 , 41 , 22 , 1569348447.9368634
-1.94775325232 , 1.551866234 , 0.0285258465656 , -63 , 41 , 22 , 1569348447.9865987
-1.94550474333 , 1.54262335657 , 0.0258791185337 , -55 , 41 , 22 , 1569348448.0475013
-1.9429687782 , 1.53254422326 , 0.0280847252269 , -48 , 41 , 18 , 1569348448.092713
-1.9415678256 , 1.52403127483 , 0.0285258465656 , -59 , 34 , 18 , 1569348448.1425068
-1.94008526508 , 1.51448705159 , 0.0314666554898 , -67 , 41 , 18 , 1569348448.1950386
-1.93748774853 , 1.50425470221 , 0.0336722621831 , -70 , 48 , 15 , 1569348448.2442002
-1.93495083209 , 1.49505958612 , 0.0347015453066 , -63 , 45 , 18 , 1569348448.289681
-1.93196910545 , 1.48448447367 , 0.034995626199 , -63 , 49 , 18 , 1569348448.3434026
-1.92869606482 , 1.47397623816 , 0.0333781812906 , -59 , 49 , 18 , 1569348448.3914998
-1.9257349808 , 1.4650462092 , 0.030878493705 , -63 , 49 , 22 , 1569348448.4467626
-1.92158633394 , 1.45298771392 , 0.0258791185337 , -63 , 52 , 15 , 1569348448.5022867
-1.91867061174 , 1.44319788101 , 0.0269084016572 , -59 , 49 , 15 , 1569348448.5471845
-1.9160606031 , 1.43435278024 , 0.0263202398723 , -59 , 49 , 18 , 1569348448.6007404
-1.91267359272 , 1.42337479139 , 0.0241146331791 , -63 , 45 , 19 , 1569348448.6495209
-1.90967839822 , 1.41358216254 , 0.0233794309481 , -63 , 45 , 18 , 1569348448.6987832
-1.90701070463 , 1.40506532925 , 0.0236735118405 , -63 , 45 , 15 , 1569348448.7525995
-1.90363689012 , 1.39340809781 , 0.0241146331791 , -63 , 49 , 15 , 1569348448.8010674
-1.9009138866 , 1.38486646534 , 0.0233794309481 , -59 , 49 , 18 , 1569348448.8465135
-1.89886920649 , 1.3760835558 , 0.0249968758564 , -67 , 41 , 18 , 1569348448.907872
-1.89589927704 , 1.36377754821 , 0.030878493705 , -63 , 45 , 18 , 1569348448.956931
-1.89351584365 , 1.35557766974 , 0.0319077768285 , -59 , 49 , 15 , 1569348449.0018432
-1.89134173131 , 1.34661859662 , 0.0355837879838 , -59 , 41 , 19 , 1569348449.0675056
-1.88796778084 , 1.33617157103 , 0.0369071519998 , -63 , 49 , 11 , 1569348449.1124194
-1.88558837348 , 1.32681005568 , 0.0414654058324 , -67 , 45 , 15 , 1569348449.161989
-1.88235946011 , 1.31785646175 , 0.045288457434 , -67 , 52 , 7 , 1569348449.2082055
-1.87737689534 , 1.30731522022 , 0.0469059023423 , -63 , 53 , 3 , 1569348449.2599607
-1.87275900215 , 1.29872192495 , 0.0482292663583 , -64 , 56 , 3 , 1569348449.3050814
-1.86783974161 , 1.29014874566 , 0.0486703876969 , -59 , 61 , 0 , 1569348449.3589294
-1.86068950258 , 1.27961638171 , 0.0461707001113 , -64 , 57 , 0 , 1569348449.4112127
-1.85571506355 , 1.27050507702 , 0.0499937517128 , -64 , 61 , 0 , 1569348449.4559693
-1.85068402537 , 1.26194542737 , 0.0513171157288 , -67 , 60 , 0 , 1569348449.4971936
-1.84559190522 , 1.25336702432 , 0.0524934392985 , -63 , 56 , 0 , 1569348449.5503798
-1.83974867958 , 1.24360259781 , 0.0538168033144 , -67 , 60 , 3 , 1569348449.5915978
-1.83468194868 , 1.2350064501 , 0.0552872077765 , -67 , 57 , 0 , 1569348449.6411235
-1.82803006953 , 1.22339896187 , 0.0571987335773 , -67 , 60 , 0 , 1569348449.7019405
-1.8215524502 , 1.21184892883 , 0.0594043402705 , -63 , 52 , 3 , 1569348449.7513802
-1.8161682532 , 1.20200985051 , 0.0611688256251 , -64 , 57 , 0 , 1569348449.8087614
-1.81072694394 , 1.19232267309 , 0.0636685132108 , -63 , 56 , 18 , 1569348449.8536463
-1.80722509047 , 1.18302783468 , 0.0608747447327 , -63 , 52 , 48 , 1569348449.898735
-1.80569424918 , 1.17063780931 , 0.0499937517128 , -59 , 60 , 52 , 1569348449.9482095
-1.80473015542 , 1.16008441968 , 0.0374953137846 , -55 , 56 , 52 , 1569348449.9969556
-1.80390135656 , 1.14831751492 , 0.0235264713943 , -59 , 56 , 45 , 1569348450.0462182
-1.80266003392 , 1.1387614458 , 0.0194093389003 , -70 , 45 , 45 , 1569348450.0953903
-1.80293574895 , 1.12553907928 , 0.0138218019441 , -66 , 53 , 30 , 1569348450.1617234
-1.80009425534 , 1.1125302112 , 0.0104398716812 , -67 , 56 , 22 , 1569348450.2060747
-1.79693651093 , 1.10208597609 , 0.008234264988 , -67 , 56 , 15 , 1569348450.2599547
-1.79185479391 , 1.09025390267 , 0.00529345606371 , -63 , 52 , 3 , 1569348450.3122454
-1.78788280057 , 1.08035691139 , 0.00955762900392 , -67 , 56 , 3 , 1569348450.3573399
-1.78339224458 , 1.07126379156 , 0.0113221143585 , -59 , 60 , 0 , 1569348450.4031591
-1.77786289432 , 1.06160346068 , 0.0113221143585 , -56 , 61 , 0 , 1569348450.4515655
-1.77293126129 , 1.05344509377 , 0.0108809930199 , -60 , 64 , 0 , 1569348450.4924393
-1.76795271306 , 1.0450895265 , 0.0107339525736 , -64 , 60 , 0 , 1569348450.5461152
-1.76144571801 , 1.03398365724 , 0.0110280334661 , -64 , 64 , 0 , 1569348450.5992408
-1.75552841943 , 1.02399073791 , 0.0110280334661 , -63 , 61 , 0 , 1569348450.643979
-1.74873400119 , 1.0134487042 , 0.00852834588042 , -68 , 68 , 0 , 1569348450.7077658
-1.74219574335 , 1.00146288603 , 0.0108809930199 , -67 , 61 , 0 , 1569348450.7585983
-1.73623000766 , 0.991329943093 , 0.0110280334661 , -63 , 64 , 0 , 1569348450.8039975
-1.73100306059 , 0.982502864353 , 0.0110280334661 , -56 , 61 , 0 , 1569348450.8534389
-1.72444718607 , 0.971650866652 , 0.0104398716812 , -56 , 57 , 0 , 1569348450.9062476
-1.71971921663 , 0.963765492959 , 0.0101457907888 , -60 , 61 , 0 , 1569348450.9473693
-1.71494319522 , 0.955683666414 , 0.0101457907888 , -63 , 61 , 0 , 1569348451.0006576
-1.70883719891 , 0.945296386791 , 0.0111750739123 , -67 , 65 , 0 , 1569348451.0550873
-1.70149055972 , 0.933113079968 , 0.0127925188206 , -71 , 68 , 0 , 1569348451.106527
-1.69560152186 , 0.922934450379 , 0.0135277210517 , -67 , 68 , 0 , 1569348451.156278
-1.68930960746 , 0.912150816983 , 0.0141158828366 , -67 , 64 , 0 , 1569348451.200977
-1.68405621736 , 0.903395790128 , 0.0139688423904 , -63 , 65 , 0 , 1569348451.2502294
-1.67786568209 , 0.89328402045 , 0.0132336401593 , -63 , 69 , 0 , 1569348451.303915
-1.67104507115 , 0.882533516282 , 0.0122043570358 , -60 , 65 , 0 , 1569348451.356702
-1.66497597841 , 0.872968370231 , 0.0104398716812 , -56 , 64 , 0 , 1569348451.3976533
-1.65956592647 , 0.864643090333 , 0.008234264988 , -60 , 68 , 0 , 1569348451.442975
-1.65343992061 , 0.855278215665 , 0.00632273918721 , -56 , 64 , 0 , 1569348451.4959583
-1.64630665945 , 0.844483279645 , 0.00352897070914 , -60 , 68 , 0 , 1569348451.5493805
-1.64027445662 , 0.835452700968 , 0.000882242677285 , -63 , 73 , 0 , 1569348451.5983303
-1.6336845661 , 0.825345069025 , -0.00161744490836 , -66 , 68 , 0 , 1569348451.6519039
-1.62692730811 , 0.814661929977 , -0.00264672803186 , -59 , 68 , -3 , 1569348451.696448
-1.62148231134 , 0.805958868118 , -0.00382305160157 , -60 , 68 , -3 , 1569348451.7375894
-1.61590270896 , 0.797165039777 , -0.00544049650993 , -64 , 72 , 0 , 1569348451.7830222
-1.60899187539 , 0.786622716099 , -0.00691090097207 , -59 , 72 , -3 , 1569348451.8316576
-1.60310015603 , 0.777893170904 , -0.00941058855771 , -59 , 71 , -18 , 1569348451.877116
-1.59523719325 , 0.770108031169 , -0.0072049818645 , -66 , 79 , -64 , 1569348451.93097
-1.58015910791 , 0.760640024626 , 0.00970466945014 , -70 , 82 , -75 , 1569348451.9796178
-1.56761068054 , 0.754112324688 , 0.0254379971951 , -70 , 79 , -75 , 1569348452.0247543
-1.55442402165 , 0.747600891299 , 0.0419065271711 , -67 , 75 , -71 , 1569348452.0782568
-1.53878353488 , 0.739588421127 , 0.0611688256251 , -67 , 79 , -60 , 1569348452.1353664
-1.52588955996 , 0.731701205495 , 0.0751376680155 , -69 , 79 , -48 , 1569348452.1796408
-1.51266431614 , 0.722974987006 , 0.0849893779118 , -73 , 82 , -33 , 1569348452.2333694
-1.50271929931 , 0.713980598717 , 0.0880772272823 , -67 , 86 , -18 , 1569348452.2786214
-1.49365842603 , 0.70544127393 , 0.0880772272823 , -66 , 86 , -11 , 1569348452.3239079
-1.48342708494 , 0.694649410443 , 0.0858716205891 , -67 , 80 , -7 , 1569348452.3848534
-1.47403197321 , 0.68368094964 , 0.0845482565732 , -67 , 79 , -7 , 1569348452.4303265
-1.46510184959 , 0.672858153147 , 0.0816074476489 , -71 , 82 , 0 , 1569348452.479199
-1.4560479232 , 0.661293068443 , 0.0779314364935 , -71 , 80 , 0 , 1569348452.5331311
-1.4476328829 , 0.649872395787 , 0.0754317489079 , -71 , 80 , 0 , 1569348452.5894177
-1.43956119298 , 0.638743142888 , 0.0738143039995 , -71 , 78 , -7 , 1569348452.6347005
-1.43128476891 , 0.627869446492 , 0.0726379804298 , -66 , 75 , 0 , 1569348452.6844947
-1.42425079058 , 0.61854922671 , 0.069991252398 , -60 , 76 , 0 , 1569348452.7290845
-1.41788718622 , 0.610117369255 , 0.0670504434737 , -58 , 87 , 0 , 1569348452.7656655
-1.41161204807 , 0.602614581005 , 0.0616099469638 , -64 , 80 , 0 , 1569348452.811041
-1.4039000489 , 0.592341855014 , 0.057639854916 , -67 , 84 , 0 , 1569348452.872127
-1.39455424736 , 0.579896493465 , 0.0524934392985 , -67 , 84 , 0 , 1569348452.9130337
-1.3873052619 , 0.570121999317 , 0.0485233472507 , -67 , 87 , 0 , 1569348452.9582183
-1.37839040255 , 0.55813596848 , 0.043229891187 , -64 , 87 , 0 , 1569348453.0196345
-1.36872938583 , 0.545299027403 , 0.0366130711073 , -71 , 87 , 0 , 1569348453.0687149
-1.36138349593 , 0.535112401889 , 0.0323488981671 , -67 , 87 , 0 , 1569348453.1140823
-1.35394234286 , 0.525094701637 , 0.0273495229958 , -71 , 86 , 0 , 1569348453.1711626
-1.34422849039 , 0.51152610947 , 0.0224971882708 , -67 , 90 , 0 , 1569348453.2162547
-1.33649308569 , 0.501164990593 , 0.0173507726533 , -71 , 88 , 0 , 1569348453.2656448
-1.32682249881 , 0.487725098856 , 0.0114691548047 , -63 , 90 , 0 , 1569348453.326759
-1.31802965947 , 0.476342806022 , 0.00441121338643 , -59 , 93 , 0 , 1569348453.3677678
-1.31048659775 , 0.466681609352 , -0.00249968758564 , -59 , 90 , -3 , 1569348453.4132607
-1.30127321583 , 0.455064403321 , -0.0114691548047 , -62 , 100 , -37 , 1569348453.4742384
-1.28905294056 , 0.444614557194 , -0.012351397482 , -63 , 97 , -70 , 1569348453.5191922
-1.27290021072 , 0.435921334209 , -0.00279376847807 , -62 , 101 , -85 , 1569348453.5698295
-1.25680616449 , 0.428863984807 , 0.00882242677285 , -55 , 101 , -89 , 1569348453.625842
-1.23898900546 , 0.422343812938 , 0.0222031073783 , -63 , 107 , -96 , 1569348453.671342
-1.22185900018 , 0.415989572818 , 0.0348485857528 , -59 , 108 , -85 , 1569348453.724913
-1.20173088659 , 0.409451036911 , 0.0505819134977 , -59 , 104 , -78 , 1569348453.7858074
-1.18288896051 , 0.400949880864 , 0.0591102593781 , -59 , 108 , -70 , 1569348453.8305526
-1.16825158048 , 0.394427656569 , 0.0648448367805 , -63 , 101 , -59 , 1569348453.8757231
-1.15390903108 , 0.387128024311 , 0.0692560501669 , -62 , 105 , -55 , 1569348453.92879
-1.13791227799 , 0.378183940858 , 0.0729320613223 , -66 , 105 , -41 , 1569348453.982046
-1.12242260847 , 0.368054756821 , 0.0733731826609 , -63 , 109 , -33 , 1569348454.0277667
-1.10836165396 , 0.358947582647 , 0.0673445243661 , -63 , 105 , -22 , 1569348454.080393
-1.09722256629 , 0.34911443783 , 0.0655800390115 , -63 , 109 , -22 , 1569348454.1260583
-1.08557519872 , 0.339380168678 , 0.0602865829478 , -67 , 113 , -26 , 1569348454.1793823
-1.06728104241 , 0.325426569183 , 0.0504348730515 , -63 , 113 , -29 , 1569348454.2402465
-1.05548119687 , 0.315308441461 , 0.0474940641272 , -62 , 117 , -29 , 1569348454.2931974
-1.04128040688 , 0.303956636057 , 0.0407302036013 , -59 , 113 , -26 , 1569348454.3434746
-1.02727162337 , 0.292951730386 , 0.0336722621831 , -63 , 112 , -29 , 1569348454.3915074
-1.01490310063 , 0.283668488939 , 0.0289669679042 , -67 , 116 , -41 , 1569348454.4327002
-1.00195040473 , 0.274373298407 , 0.0266143207648 , -63 , 123 , -51 , 1569348454.478481
-0.987319889508 , 0.264841379934 , 0.0255850376413 , -66 , 123 , -55 , 1569348454.523746
-0.972866470009 , 0.256156478616 , 0.0251439163026 , -63 , 123 , -59 , 1569348454.5680914
-0.957791530435 , 0.247620662152 , 0.0249968758564 , -59 , 126 , -66 , 1569348454.6130552
-0.941950838997 , 0.239381270085 , 0.0245557545178 , -67 , 130 , -70 , 1569348454.6665883
-0.920571278061 , 0.228169000722 , 0.0254379971951 , -70 , 133 , -74 , 1569348454.7154338
-0.900706293436 , 0.21791494553 , 0.0274965634421 , -66 , 134 , -74 , 1569348454.7691002
-0.879889668101 , 0.207308175723 , 0.0295551296891 , -62 , 131 , -74 , 1569348454.8306646
-0.859703982658 , 0.19753553045 , 0.0314666554898 , -63 , 131 , -73 , 1569348454.8750303
-0.842996012618 , 0.189675991455 , 0.0332311408444 , -63 , 129 , -74 , 1569348454.9206543
-0.825445535793 , 0.181677821439 , 0.0348485857528 , -59 , 134 , -82 , 1569348454.9742458
-0.801458392299 , 0.171388124346 , 0.0363189902149 , -59 , 131 , -78 , 1569348455.026615
-0.784107165717 , 0.164274735148 , 0.0374953137846 , -55 , 138 , -81 , 1569348455.0727317
-0.76336602217 , 0.156106448271 , 0.0385245969081 , -54 , 135 , -85 , 1569348455.1303205
-0.741685927768 , 0.14768783848 , 0.0392597991392 , -55 , 137 , -85 , 1569348455.1741438
-0.723548994261 , 0.140879224243 , 0.0398479609241 , -59 , 141 , -88 , 1569348455.219304
-0.704663872767 , 0.133635630697 , 0.0419065271711 , -54 , 142 , -92 , 1569348455.2687194
-0.679536027974 , 0.124594901709 , 0.0435239720794 , -55 , 141 , -89 , 1569348455.321928
-0.660564186534 , 0.118262326559 , 0.0442591743105 , -54 , 143 , -96 , 1569348455.3744683
-0.635214222284 , 0.110212485146 , 0.0445532552029 , -47 , 142 , -93 , 1569348455.4329917
-0.609966040587 , 0.102333248398 , 0.0439650934181 , -44 , 141 , -89 , 1569348455.4811964
-0.591015965304 , 0.0965672565145 , 0.0427887698483 , -48 , 142 , -92 , 1569348455.5265832
-0.571881695116 , 0.0908430810125 , 0.0419065271711 , -44 , 145 , -92 , 1569348455.5721703
-0.549573643811 , 0.0843684895353 , 0.0404361227089 , -40 , 142 , -96 , 1569348455.6206417
-0.53008868173 , 0.0791732598858 , 0.0389657182468 , -35 , 143 , -99 , 1569348455.674254
-0.505543512791 , 0.0731404375 , 0.0352897070914 , -33 , 145 , -100 , 1569348455.719597
-0.485957224391 , 0.0683247662039 , 0.0327900195058 , -40 , 145 , -100 , 1569348455.7723477
-0.46290251634 , 0.0621487293504 , 0.0316136959361 , -40 , 145 , -100 , 1569348455.8171718
-0.442785266019 , 0.0567473652355 , 0.0316136959361 , -47 , 149 , -104 , 1569348455.861859
-0.417873668479 , 0.0513019571093 , 0.0358778688763 , -40 , 148 , -103 , 1569348455.9194255
-0.392492082769 , 0.0443015291003 , 0.0304373723663 , -37 , 142 , -107 , 1569348455.9686968
-0.371956949268 , 0.0392527796051 , 0.0327900195058 , -38 , 142 , -110 , 1569348456.0223134
-0.344124331942 , 0.0335409464798 , 0.0336722621831 , -29 , 145 , -115 , 1569348456.0753787
-0.319191777839 , 0.0292932568773 , 0.0342604239679 , -29 , 153 , -122 , 1569348456.124684
-0.296804043528 , 0.0259233652008 , 0.034995626199 , -31 , 152 , -125 , 1569348456.1780791
-0.267462210145 , 0.0217789822278 , 0.0355837879838 , -27 , 164 , -143 , 1569348456.2353835
-0.234669899794 , 0.0187250869838 , 0.0385245969081 , -25 , 174 , -162 , 1569348456.2853236
-0.202339441322 , 0.0166721267384 , 0.0423476485097 , -22 , 181 , -169 , 1569348456.3372304
-0.173413983851 , 0.0152692857075 , 0.0457295787726 , -22 , 182 , -173 , 1569348456.3823285
-0.139890474634 , 0.0141465135962 , 0.0489644685893 , -18 , 181 , -172 , 1569348456.4316556
-0.110936752154 , 0.0135234530642 , 0.0510230348363 , -14 , 182 , -169 , 1569348456.4767542
-0.0826171773513 , 0.0130674208033 , 0.0520523179598 , -7 , 176 , -162 , 1569348456.5301497
