0.0 , 0.0 , 0.0 , 0 , 0 , 0 , 1569439030.828261
9.6778978972e-05 , 5.58753695614e-05 , 0.000294080892428 , 0 , 50 , -46 , 1569439030.8778517
0.0102101900602 , 3.09118446146e-05 , 0.000147040446214 , 0 , 108 , -121 , 1569439030.9306245
0.0311143835646 , 0.000480988567901 , 0.00249968758564 , 0 , 133 , -146 , 1569439030.9763234
0.0534685818125 , 0.00120737372568 , 0.00602865829478 , 0 , 145 , -162 , 1569439031.0172632
0.0780456166932 , 0.00208193507046 , 0.00985170989635 , 0 , 152 , -172 , 1569439031.062232
0.103731207044 , 0.00314522241936 , 0.0141158828366 , 0 , 156 , -176 , 1569439031.10874
0.134151361252 , 0.00455257466989 , 0.0192622984541 , 0 , 157 , -175 , 1569439031.165449
0.168770283872 , 0.00633721191681 , 0.0251439163026 , 0 , 155 , -176 , 1569439031.222538
0.202602719325 , 0.00836182493331 , 0.0313196150436 , 0 , 148 , -168 , 1569439031.2798834
0.235306969281 , 0.0106442571673 , 0.0379364351233 , 0 , 145 , -168 , 1569439031.3364615
0.267748329598 , 0.0132734474909 , 0.0448473360953 , 0 , 145 , -169 , 1569439031.3937259
0.300507878614 , 0.0161698677533 , 0.0523463988523 , 0 , 145 , -168 , 1569439031.447784
0.328851759695 , 0.0189977727783 , 0.0594043402705 , 0 , 137 , -160 , 1569439031.4934118
0.354956302895 , 0.0218377270037 , 0.0661682007964 , 7 , 133 , -159 , 1569439031.5415618
0.377750877274 , 0.0262041014808 , 0.067932686151 , 51 , 130 , -158 , 1569439031.5866306
0.404139102952 , 0.0354200895616 , 0.0601395425016 , 66 , 126 , -155 , 1569439031.635565
0.426530904456 , 0.0443531728011 , 0.051464156175 , 66 , 123 , -154 , 1569439031.6805706
0.448744798806 , 0.0533303249238 , 0.0423476485097 , 69 , 127 , -154 , 1569439031.734457
0.478133184161 , 0.0650057057218 , 0.0310255341512 , 63 , 119 , -155 , 1569439031.7910717
0.503785342614 , 0.0745784899188 , 0.0220560669321 , 58 , 119 , -152 , 1569439031.8363078
0.525548261813 , 0.0819608591232 , 0.016468529976 , 55 , 116 , -152 , 1569439031.8811908
0.550487319128 , 0.0898599208306 , 0.0117632356971 , 43 , 111 , -147 , 1569439031.9386017
0.574987950606 , 0.0969095283382 , 0.00941058855771 , 40 , 108 , -148 , 1569439031.983454
0.598590735132 , 0.103362030572 , 0.00999875034257 , 36 , 104 , -148 , 1569439032.0333242
0.622095739691 , 0.109548083409 , 0.0117632356971 , 37 , 100 , -148 , 1569439032.0866117
0.647219147041 , 0.117135869853 , 0.0197034197927 , 36 , 104 , -144 , 1569439032.1436198
0.668644258405 , 0.12283932 , 0.0161744490836 , 37 , 101 , -144 , 1569439032.1885376
0.690417653036 , 0.129115087374 , 0.0186741366692 , 35 , 93 , -139 , 1569439032.2427273
0.711877702341 , 0.135830899683 , 0.0219090264859 , 35 , 90 , -138 , 1569439032.2960453
0.734506388201 , 0.14350846005 , 0.0252909567488 , 37 , 86 , -138 , 1569439032.344043
0.755185323074 , 0.150766697556 , 0.0285258465656 , 40 , 86 , -137 , 1569439032.3931947
0.773622033959 , 0.157804892953 , 0.0310255341512 , 40 , 82 , -138 , 1569439032.4386723
0.79107896979 , 0.164691585513 , 0.0335252217368 , 43 , 82 , -135 , 1569439032.4915621
0.811842192273 , 0.173578281996 , 0.0355837879838 , 55 , 82 , -138 , 1569439032.5366874
0.831990867933 , 0.18293376386 , 0.0364660306611 , 59 , 82 , -139 , 1569439032.5866256
0.853240444645 , 0.192431351612 , 0.0386716373543 , 55 , 82 , -138 , 1569439032.639231
0.870605077383 , 0.201714450493 , 0.0367601115536 , 58 , 82 , -138 , 1569439032.6840007
0.888335161709 , 0.210725519011 , 0.0361719497687 , 58 , 78 , -138 , 1569439032.7291744
0.905593026612 , 0.219541141749 , 0.0360249093225 , 63 , 78 , -138 , 1569439032.7822676
0.928208984968 , 0.231538561543 , 0.0357308284301 , 62 , 74 , -135 , 1569439032.831279
0.944837084985 , 0.240463697703 , 0.0358778688763 , 55 , 71 , -130 , 1569439032.8768377
0.964066460266 , 0.251078167657 , 0.0364660306611 , 58 , 75 , -131 , 1569439032.9301789
0.982774974042 , 0.261209914867 , 0.0358778688763 , 62 , 72 , -135 , 1569439032.9870512
1.00161748253 , 0.271810498907 , 0.0351426666452 , 65 , 71 , -134 , 1569439033.032077
1.02012435421 , 0.282524927904 , 0.0347015453066 , 62 , 67 , -134 , 1569439033.0819225
1.03909629114 , 0.293918081379 , 0.0338193026293 , 62 , 64 , -131 , 1569439033.1427877
1.05697823086 , 0.304893878049 , 0.0332311408444 , 66 , 67 , -130 , 1569439033.1878624
1.07489734943 , 0.316391286034 , 0.0327900195058 , 69 , 63 , -134 , 1569439033.2373755
1.0905878388 , 0.326605552538 , 0.0322018577209 , 67 , 63 , -130 , 1569439033.2903717
1.11064211018 , 0.339802087741 , 0.032937059952 , 69 , 60 , -130 , 1569439033.3392413
1.12584746503 , 0.350002726078 , 0.0336722621831 , 70 , 60 , -131 , 1569439033.3929434
1.14574004596 , 0.363140082123 , 0.0339663430755 , 71 , 59 , -128 , 1569439033.4524066
1.16536703076 , 0.376861424114 , 0.0342604239679 , 73 , 56 , -130 , 1569439033.4989812
1.18010352694 , 0.387653605143 , 0.0345545048603 , 73 , 52 , -127 , 1569439033.5442326
1.19463568485 , 0.398666800518 , 0.0347015453066 , 74 , 52 , -130 , 1569439033.5979075
1.21683474917 , 0.416126296854 , 0.0404361227089 , 77 , 48 , -127 , 1569439033.6586895
1.23144784631 , 0.428405022049 , 0.0361719497687 , 77 , 48 , -131 , 1569439033.7038825
1.24536369183 , 0.439923257822 , 0.0367601115536 , 78 , 48 , -131 , 1569439033.7577553
1.26344817029 , 0.45509780553 , 0.0376423542308 , 79 , 48 , -127 , 1569439033.8154123
1.28001604579 , 0.469057476627 , 0.0380834755695 , 81 , 45 , -127 , 1569439033.8597977
1.29589441789 , 0.48316616585 , 0.0389657182468 , 80 , 45 , -127 , 1569439033.9137115
1.31113936902 , 0.497068937108 , 0.0392597991392 , 82 , 45 , -127 , 1569439033.9699125
1.32628352655 , 0.510972392466 , 0.039112758693 , 81 , 41 , -120 , 1569439034.0153294
1.34156495375 , 0.525130544223 , 0.0389657182468 , 80 , 45 , -120 , 1569439034.0692947
1.35615908634 , 0.538336929247 , 0.0379364351233 , 79 , 41 , -120 , 1569439034.125926
1.37104209791 , 0.55193014366 , 0.0376423542308 , 84 , 44 , -123 , 1569439034.1705112
1.38451419734 , 0.564515140355 , 0.0367601115536 , 82 , 37 , -120 , 1569439034.223758
1.40088051882 , 0.580325414246 , 0.0360249093225 , 84 , 41 , -120 , 1569439034.2739482
1.41337252973 , 0.59243321089 , 0.0347015453066 , 85 , 37 , -120 , 1569439034.3219666
1.4273225359 , 0.606223840953 , 0.0336722621831 , 88 , 37 , -120 , 1569439034.3714054
1.44141206383 , 0.620591351245 , 0.0326429790596 , 91 , 37 , -120 , 1569439034.4244642
1.45395410694 , 0.633859091376 , 0.0319077768285 , 92 , 33 , -120 , 1569439034.4695404
1.46613146016 , 0.646714328572 , 0.030878493705 , 88 , 33 , -123 , 1569439034.5149918
1.47902252138 , 0.660389241011 , 0.0305844128126 , 90 , 33 , -127 , 1569439034.568696
1.49425564003 , 0.676759262724 , 0.0304373723663 , 88 , 29 , -123 , 1569439034.6174462
1.5080826642 , 0.691686628502 , 0.030878493705 , 92 , 30 , -124 , 1569439034.6661105
1.51997441875 , 0.704799604873 , 0.0313196150436 , 92 , 30 , -124 , 1569439034.711487
1.53240578265 , 0.719052968527 , 0.0319077768285 , 93 , 26 , -124 , 1569439034.7653027
1.5478978454 , 0.737268966209 , 0.0324959386133 , 92 , 22 , -124 , 1569439034.8177438
1.559222756 , 0.750802709667 , 0.032937059952 , 93 , 22 , -119 , 1569439034.8633084
1.5704776919 , 0.764814536994 , 0.0336722621831 , 95 , 22 , -120 , 1569439034.9172142
1.58464215911 , 0.78270671645 , 0.0344074644141 , 96 , 22 , -123 , 1569439034.965264
1.59701342038 , 0.798870779889 , 0.0351426666452 , 95 , 14 , -119 , 1569439035.0183141
1.609443992 , 0.815773266019 , 0.0357308284301 , 96 , 22 , -108 , 1569439035.0722213
1.62106747443 , 0.831955677404 , 0.0357308284301 , 103 , 14 , -116 , 1569439035.1208649
1.63120136695 , 0.846463421212 , 0.0355837879838 , 103 , 18 , -116 , 1569439035.1660836
1.64148545091 , 0.860891079327 , 0.0341133835217 , 98 , 11 , -112 , 1569439035.2192068
1.65535924428 , 0.879981874757 , 0.0376423542308 , 99 , 7 , -109 , 1569439035.2724504
1.66406728201 , 0.895630524996 , 0.0352897070914 , 99 , 3 , -109 , 1569439035.3181236
1.67417214739 , 0.912508729089 , 0.0374953137846 , 96 , 0 , -107 , 1569439035.3710167
1.68593902785 , 0.933163292096 , 0.0405831631551 , 100 , 0 , -107 , 1569439035.432113
1.6940212029 , 0.947611629634 , 0.0424946889559 , 101 , 0 , -110 , 1569439035.4779603
1.70299043971 , 0.963344652003 , 0.0442591743105 , 104 , 0 , -111 , 1569439035.53135
1.71360079285 , 0.982970637529 , 0.0457295787726 , 108 , 0 , -110 , 1569439035.5801406
1.72171648388 , 0.998276359829 , 0.0466118214499 , 104 , 0 , -110 , 1569439035.6254318
1.73241115417 , 1.01720617199 , 0.0508759943901 , 104 , 0 , -107 , 1569439035.6827784
1.74167609555 , 1.03507769575 , 0.0510230348363 , 107 , 0 , -103 , 1569439035.7352557
1.74921444603 , 1.05160370936 , 0.0454354978802 , 108 , 0 , -107 , 1569439035.7802837
1.75713366608 , 1.06706570606 , 0.0449943765415 , 107 , 0 , -103 , 1569439035.830095
1.76602518138 , 1.08474902534 , 0.0436710125256 , 108 , 0 , -107 , 1569439035.8769288
1.77405128275 , 1.1005920044 , 0.0426417294021 , 112 , 0 , -107 , 1569439035.9236462
1.78306915752 , 1.11853760462 , 0.0410242844938 , 112 , 0 , -107 , 1569439035.972787
1.79033471224 , 1.13385100629 , 0.0374953137846 , 110 , 0 , -105 , 1569439036.014118
1.80011970482 , 1.15183119078 , 0.0379364351233 , 108 , 0 , -103 , 1569439036.0670972
1.80773323436 , 1.16685392042 , 0.0364660306611 , 108 , 0 , -103 , 1569439036.1127875
1.81586308929 , 1.18291785197 , 0.0347015453066 , 112 , 0 , -103 , 1569439036.166328
1.82574265534 , 1.20238171375 , 0.0324959386133 , 112 , 0 , -103 , 1569439036.2146957
1.83352363838 , 1.21770101947 , 0.0305844128126 , 115 , 0 , -104 , 1569439036.2594082
1.84275722819 , 1.23553658651 , 0.0289669679042 , 112 , 0 , -104 , 1569439036.3088427
1.85260979411 , 1.25303890184 , 0.030878493705 , 108 , 0 , -99 , 1569439036.3699534
1.86123531541 , 1.27158528958 , 0.024702794964 , 104 , 0 , -99 , 1569439036.4111567
1.86871594556 , 1.2861903646 , 0.0224971882708 , 108 , 0 , -99 , 1569439036.4563591
1.87621871507 , 1.30122579461 , 0.0191152580078 , 112 , 0 , -95 , 1569439036.5143032
1.88591022364 , 1.32085925448 , 0.0138218019441 , 112 , 0 , -95 , 1569439036.5583954
1.89311193104 , 1.33551572563 , 0.00970466945014 , 112 , 0 , -95 , 1569439036.603566
1.90075125718 , 1.35115188833 , 0.00426417294021 , 112 , 0 , -92 , 1569439036.658078
1.91015450197 , 1.37018978401 , -0.00249968758564 , 112 , 0 , -92 , 1569439036.7099898
1.91861628775 , 1.38698717093 , -0.00838130543421 , 112 , 0 , -88 , 1569439036.7551522
1.92589803455 , 1.40128661331 , -0.0135277210517 , 112 , 0 , -92 , 1569439036.8081305
1.93515086359 , 1.41988139763 , -0.0199975006851 , 107 , 0 , -83 , 1569439036.8652167
1.9433646989 , 1.43611982014 , -0.0263202398723 , 111 , -26 , -90 , 1569439036.9067898
1.9487133936 , 1.4517413223 , -0.0249968758564 , 111 , -55 , -86 , 1569439036.9521601
1.95146969495 , 1.4690550794 , -0.0169096513146 , 114 , -70 , -82 , 1569439037.0018353
1.95302552404 , 1.48951001941 , -0.00485233472507 , 110 , -74 , -82 , 1569439037.0499678
1.9536934933 , 1.50749885899 , 0.00691090097207 , 110 , -74 , -78 , 1569439037.095346
1.95494944026 , 1.52882450139 , 0.0224971882708 , 107 , -71 , -78 , 1569439037.1529431
1.95405086537 , 1.54939956791 , 0.0364660306611 , 106 , -66 , -74 , 1569439037.2054508
1.95396909525 , 1.56756816055 , 0.0394068395854 , 110 , -59 , -71 , 1569439037.2508855
1.95418784449 , 1.58412874472 , 0.0448473360953 , 113 , -52 , -74 , 1569439037.3041558
1.95488003178 , 1.60432315273 , 0.049405589928 , 110 , -48 , -74 , 1569439037.357257
1.95637214404 , 1.62313804832 , 0.0526404797447 , 115 , -44 , -75 , 1569439037.4023232
1.95783315733 , 1.63955326736 , 0.0538168033144 , 117 , -41 , -75 , 1569439037.4513912
1.95966661418 , 1.65859326875 , 0.0541108842068 , 117 , -41 , -78 , 1569439037.505275
1.96196254835 , 1.67793894765 , 0.0541108842068 , 118 , -41 , -78 , 1569439037.5495827
1.96446243368 , 1.69441387387 , 0.0539638437606 , 118 , -37 , -78 , 1569439037.5947714
1.96722913705 , 1.71227365623 , 0.053522722422 , 120 , -41 , -85 , 1569439037.6494718
1.97134768771 , 1.73579976783 , 0.0595513807168 , 120 , -37 , -86 , 1569439037.713567
1.97519122981 , 1.76076969734 , 0.0541108842068 , 117 , -37 , -78 , 1569439037.766647
1.97803837859 , 1.77799087717 , 0.0524934392985 , 118 , -29 , -75 , 1569439037.8205254
1.98164241435 , 1.79885466671 , 0.0491115090355 , 118 , -29 , -71 , 1569439037.8688009
1.98417734452 , 1.8143075942 , 0.0458766192188 , 114 , -33 , -67 , 1569439037.914037
1.98651415079 , 1.82988068624 , 0.0424946889559 , 109 , -29 , -67 , 1569439037.9671621
1.98916931887 , 1.84830930304 , 0.0377893946771 , 106 , -33 , -62 , 1569439038.0205517
1.99128908594 , 1.86524790566 , 0.0333781812906 , 110 , -37 , -59 , 1569439038.0658472
1.99311051775 , 1.88319880736 , 0.0299962510277 , 118 , -44 , -67 , 1569439038.1191926
1.99433560923 , 1.90045292566 , 0.0283788061193 , 113 , -48 , -63 , 1569439038.1721683
1.99531584012 , 1.9187873056 , 0.0280847252269 , 114 , -52 , -67 , 1569439038.217502
1.99618537874 , 1.9360840333 , 0.0285258465656 , 110 , -48 , -60 , 1569439038.2623472
1.99695397238 , 1.95156179168 , 0.0282317656731 , 102 , -41 , -56 , 1569439038.3159046
1.99774815008 , 1.96972300422 , 0.0270554421034 , 96 , -41 , -52 , 1569439038.364629
1.99821601224 , 1.98284323675 , 0.0263202398723 , 89 , -37 , -48 , 1569439038.4101238
1.99851473422 , 1.99539946769 , 0.0252909567488 , 83 , -33 , -45 , 1569439038.463467
1.9978712424 , 2.00935650074 , 0.0202915815776 , 81 , -37 , -26 , 1569439038.511669
1.99708094953 , 2.01967953409 , 0.0169096513146 , 74 , -37 , -30 , 1569439038.5568788
1.99666850244 , 2.02975950537 , 0.0152922064063 , 70 , -33 , -34 , 1569439038.6023543
1.99639828663 , 2.04109939926 , 0.0145570041752 , 70 , -37 , -37 , 1569439038.6512916
1.9963055549 , 2.05079345312 , 0.0152922064063 , 67 , -33 , -37 , 1569439038.6963818
1.99630075491 , 2.06060065377 , 0.0166155704222 , 67 , -41 , -37 , 1569439038.7460587
1.99601831761 , 2.07177257717 , 0.0194093389003 , 67 , -39 , -41 , 1569439038.7986734
1.99570358524 , 2.08299953274 , 0.0229383096094 , 66 , -37 , -37 , 1569439038.839868
1.99528836588 , 2.09265898921 , 0.0261731994261 , 66 , -41 , -37 , 1569439038.8856473
1.99473723115 , 2.10446625053 , 0.0292610487966 , 67 , -37 , -34 , 1569439038.9461803
1.99418070009 , 2.11521057618 , 0.0316136959361 , 66 , -37 , -34 , 1569439038.9871008
1.99363598177 , 2.12478076631 , 0.0330841003982 , 66 , -38 , -34 , 1569439039.0405724
1.99283506989 , 2.13727719489 , 0.0345545048603 , 66 , -37 , -33 , 1569439039.0903776
1.99199348336 , 2.14901689334 , 0.0355837879838 , 70 , -41 , -33 , 1569439039.1444633
1.99120143677 , 2.1590246794 , 0.0358778688763 , 70 , -41 , -33 , 1569439039.1878881
1.989353843 , 2.17002881069 , 0.0332311408444 , 70 , -41 , -22 , 1569439039.2376306
1.98781896483 , 2.1797893305 , 0.0314666554898 , 71 , -41 , -26 , 1569439039.2903445
1.98704175941 , 2.19063800832 , 0.0282317656731 , 70 , -26 , -26 , 1569439039.3315167
1.98669108162 , 2.19962762616 , 0.0230853500556 , 70 , -33 , -26 , 1569439039.3763666
1.98588742916 , 2.20927808555 , 0.02058566247 , 71 , -41 , -34 , 1569439039.425476
1.98477852179 , 2.22082390737 , 0.0197034197927 , 70 , -41 , -33 , 1569439039.470356
1.9838596186 , 2.23061383065 , 0.0197034197927 , 70 , -38 , -30 , 1569439039.519644
1.98281863533 , 2.24168673122 , 0.0202915815776 , 67 , -41 , -34 , 1569439039.573672
1.98134895798 , 2.25448294282 , 0.0220560669321 , 70 , -45 , -33 , 1569439039.6218975
1.98030287593 , 2.26460371344 , 0.0242616736253 , 70 , -45 , -37 , 1569439039.6670346
1.97957106749 , 2.27481415784 , 0.0273495229958 , 70 , -45 , -37 , 1569439039.708548
1.97836704384 , 2.28520587514 , 0.0297021701353 , 66 , -41 , -30 , 1569439039.76143
1.97697936636 , 2.29606515101 , 0.0310255341512 , 66 , -41 , -30 , 1569439039.8102827
1.97494839292 , 2.30846832556 , 0.0322018577209 , 70 , -45 , -26 , 1569439039.8678951
1.9729424083 , 2.31964048161 , 0.0330841003982 , 67 , -41 , -26 , 1569439039.922164
1.97059572837 , 2.33202984521 , 0.0333781812906 , 71 , -41 , -26 , 1569439039.978821
1.96892912587 , 2.34279210597 , 0.0311725745974 , 74 , -33 , -18 , 1569439040.0235786
1.96782565242 , 2.35178595505 , 0.0266143207648 , 70 , -41 , -22 , 1569439040.0651453
1.96578389201 , 2.36302242534 , 0.024702794964 , 70 , -45 , -22 , 1569439040.1298301
1.96282034192 , 2.37521758916 , 0.022644228717 , 70 , -48 , -22 , 1569439040.1754045
1.96056457346 , 2.38505897683 , 0.0222031073783 , 70 , -45 , -22 , 1569439040.2286403
1.95801233467 , 2.39754941295 , 0.0224971882708 , 67 , -45 , -26 , 1569439040.2863855
1.95535715444 , 2.41014864335 , 0.0238205522867 , 67 , -49 , -26 , 1569439040.3348408
1.95334300198 , 2.41951832758 , 0.0252909567488 , 66 , -48 , -26 , 1569439040.379989
1.95114805107 , 2.42974716026 , 0.0269084016572 , 62 , -41 , -26 , 1569439040.4340398
1.9488052378 , 2.44125449377 , 0.0291140083504 , 63 , -48 , -22 , 1569439040.482314
1.94699068006 , 2.4503690954 , 0.0314666554898 , 63 , -45 , -30 , 1569439040.527263
1.94534463022 , 2.45959718783 , 0.0344074644141 , 63 , -45 , -26 , 1569439040.5686586
1.94313786507 , 2.47025565309 , 0.0366130711073 , 63 , -41 , -26 , 1569439040.630175
1.94018151061 , 2.48222453723 , 0.0410242844938 , 63 , -45 , -22 , 1569439040.6868749
1.93733920435 , 2.49365584823 , 0.039112758693 , 66 , -49 , -15 , 1569439040.7365165
1.93449633556 , 2.50319047753 , 0.0386716373543 , 67 , -49 , -19 , 1569439040.7906024
1.9309823821 , 2.51516058808 , 0.0379364351233 , 70 , -49 , -18 , 1569439040.8383229
1.92810131681 , 2.52472463722 , 0.0372012328922 , 74 , -49 , -18 , 1569439040.8835807
1.92511810287 , 2.53462222273 , 0.0355837879838 , 74 , -53 , -15 , 1569439040.9289858
1.92159972657 , 2.54640596525 , 0.0338193026293 , 74 , -48 , -18 , 1569439040.9779034
1.91889464563 , 2.55623799897 , 0.0313196150436 , 74 , -49 , -15 , 1569439041.0228903
1.91626164103 , 2.56610620309 , 0.0302903319201 , 70 , -52 , -22 , 1569439041.068267
1.91305175748 , 2.577776108 , 0.0322018577209 , 75 , -52 , -18 , 1569439041.1262577
1.90911977555 , 2.59162553518 , 0.032937059952 , 74 , -52 , -15 , 1569439041.1784084
1.90598534065 , 2.60152937753 , 0.0330841003982 , 70 , -52 , -18 , 1569439041.2240252
1.90269789161 , 2.61162341377 , 0.032937059952 , 63 , -56 , -11 , 1569439041.2777183
1.89837290049 , 2.6238640204 , 0.0336722621831 , 66 , -52 , -15 , 1569439041.3259342
1.89510585042 , 2.63317430959 , 0.0342604239679 , 67 , -49 , -15 , 1569439041.3713317
1.89126020324 , 2.64366505838 , 0.0341133835217 , 67 , -52 , -18 , 1569439041.420213
1.88833996311 , 2.65262247977 , 0.0310255341512 , 67 , -38 , 0 , 1569439041.4733257
1.88548622916 , 2.66189754341 , 0.0242616736253 , 70 , -45 , -3 , 1569439041.5139189
1.88194026823 , 2.67039088972 , 0.0204386220238 , 67 , -49 , 0 , 1569439041.5674245
1.87668156714 , 2.68140491555 , 0.0163214895298 , 63 , -53 , 0 , 1569439041.6215394
1.87162754073 , 2.69157691512 , 0.0133806806055 , 64 , -52 , -3 , 1569439041.6821392
1.86611361744 , 2.7022042219 , 0.0105869121274 , 60 , -53 , 0 , 1569439041.7232196
1.86176921666 , 2.71031648755 , 0.00896946721907 , 67 , -57 , 0 , 1569439041.776616
1.8558103321 , 2.72185764367 , 0.00691090097207 , 63 , -53 , 0 , 1569439041.8254292
1.85139668784 , 2.73032039992 , 0.00529345606371 , 63 , -53 , 0 , 1569439041.8666542
1.84704704873 , 2.73842735526 , 0.00352897070914 , 63 , -53 , 0 , 1569439041.9122393
1.84256428582 , 2.7471840233 , 0.00161744490836 , 63 , -53 , -3 , 1569439041.9566138
1.83824429653 , 2.75541866374 , 0.000441121338643 , 64 , -57 , 0 , 1569439042.0016105
1.83388552108 , 2.76385392262 , -0.0010292831235 , 63 , -52 , 0 , 1569439042.0467222
1.82895968776 , 2.77346956135 , -0.00294080892428 , 64 , -57 , 0 , 1569439042.1001654
1.82323430928 , 2.78468945869 , -0.00485233472507 , 63 , -56 , -3 , 1569439042.1609435
1.81762635283 , 2.79575218598 , -0.00676386052585 , 64 , -57 , 0 , 1569439042.2147627
1.81261227737 , 2.80564832933 , -0.00867538632664 , 63 , -53 , 0 , 1569439042.2688181
1.80704859411 , 2.81695590831 , -0.010292831235 , 66 , -57 , 0 , 1569439042.3172245
1.80183415208 , 2.82751470752 , -0.0114691548047 , 62 , -60 , -41 , 1569439042.3748677
1.79998584887 , 2.83935432489 , -0.00132336401593 , 63 , -60 , -75 , 1569439042.4304016
1.8014095882 , 2.85480199397 , 0.0204386220238 , 62 , -60 , -78 , 1569439042.4775655
1.80276002061 , 2.86687325639 , 0.0383775564619 , 62 , -60 , -75 , 1569439042.525995
1.80382509909 , 2.88075349584 , 0.0582280167008 , 63 , -60 , -67 , 1569439042.5714607
1.80388799568 , 2.89214710339 , 0.0730791017685 , 63 , -56 , -56 , 1569439042.6239583
1.80256766441 , 2.90488014588 , 0.0866068228202 , 59 , -56 , -41 , 1569439042.6657515
1.80033337214 , 2.91494981677 , 0.0949881282544 , 62 , -60 , -26 , 1569439042.7189877
1.79599876785 , 2.92677282819 , 0.100869746103 , 63 , -53 , -18 , 1569439042.7634485
1.7913373758 , 2.93486556125 , 0.101163826995 , 63 , -56 , 0 , 1569439042.8085337
1.78609589896 , 2.94289828008 , 0.0996934225332 , 62 , -57 , 3 , 1569439042.8575563
1.77940683721 , 2.95191580443 , 0.0966055731627 , 63 , -61 , 0 , 1569439042.9111388
1.77205147043 , 2.9625988515 , 0.0941058855771 , 67 , -57 , 0 , 1569439042.963871
1.76592970167 , 2.97184269781 , 0.0921943597763 , 64 , -53 , 0 , 1569439043.009003
1.76004407037 , 2.98083785846 , 0.0901357935293 , 63 , -61 , 0 , 1569439043.0584373
1.75450595113 , 2.98889304508 , 0.0895476317445 , 64 , -61 , 0 , 1569439043.1072707
1.74811722069 , 2.99836134155 , 0.0883713081747 , 64 , -57 , 0 , 1569439043.1523871
1.74190642554 , 3.00759950073 , 0.0867538632664 , 59 , -57 , 0 , 1569439043.2017837
1.73692606834 , 3.01515864554 , 0.0854304992505 , 63 , -53 , 0 , 1569439043.247342
1.73107942232 , 3.02388308703 , 0.0835189734497 , 59 , -57 , 0 , 1569439043.2998807
1.72534124437 , 3.03268244268 , 0.0819015285413 , 63 , -57 , 0 , 1569439043.3453796
1.72002575043 , 3.0406556141 , 0.0801370431867 , 67 , -53 , 0 , 1569439043.3940797
1.71432310574 , 3.05000731164 , 0.07690215337 , 68 , -57 , 0 , 1569439043.4475498
1.70751093188 , 3.06094279004 , 0.0739613444457 , 64 , -57 , 0 , 1569439043.500531
1.70158486334 , 3.07019662748 , 0.0714616568601 , 59 , -53 , 11 , 1569439043.545656
1.69512751105 , 3.0770447813 , 0.0657270794578 , 63 , -56 , 45 , 1569439043.591139
1.68474282585 , 3.08378074869 , 0.0513171157288 , 55 , -60 , 49 , 1569439043.6442664
1.67449067374 , 3.08999603274 , 0.0386716373543 , 59 , -60 , 48 , 1569439043.6928613
1.66579661709 , 3.09567074809 , 0.0279376847807 , 59 , -60 , 37 , 1569439043.7386024
1.6563510219 , 3.10281316802 , 0.0174978130995 , 63 , -60 , 30 , 1569439043.7962124
1.64641750727 , 3.1118042991 , 0.00838130543421 , 59 , -68 , 26 , 1569439043.844662
1.63890303502 , 3.11922887904 , 0.004117132494 , 63 , -67 , 15 , 1569439043.8895624
1.6323351973 , 3.12777878015 , 0.002058566247 , 63 , -60 , 3 , 1569439043.9351592
1.62597577101 , 3.13768358795 , -0.000441121338643 , 67 , -65 , 0 , 1569439043.992135
1.61915804202 , 3.14944836183 , -0.00161744490836 , 64 , -60 , 0 , 1569439044.0411787
1.61341628417 , 3.15971079254 , -0.00147040446214 , 67 , -69 , 0 , 1569439044.098781
1.60665885212 , 3.17134281814 , -0.00117632356971 , 60 , -64 , 0 , 1569439044.1571429
1.60004254355 , 3.18244186959 , -0.000147040446214 , 60 , -64 , 0 , 1569439044.2051368
1.59505962161 , 3.19057246864 , 0.00117632356971 , 60 , -61 , 0 , 1569439044.2461774
1.58933882076 , 3.19978518149 , 0.00294080892428 , 56 , -61 , 0 , 1569439044.2993772
1.58268114442 , 3.2094041454 , 0.00779314364935 , 56 , -68 , 0 , 1569439044.3523805
1.57767807311 , 3.21802610024 , 0.00749906275692 , 53 , -71 , 0 , 1569439044.397927
1.57229378462 , 3.22619963265 , 0.0101457907888 , 52 , -70 , 0 , 1569439044.4388196
1.56610745411 , 3.23496562807 , 0.0147040446214 , 52 , -70 , 0 , 1569439044.4878376
1.5600185783 , 3.24423622678 , 0.0172037322071 , 48 , -61 , 0 , 1569439044.5367632
1.55485609053 , 3.25174757889 , 0.0201445411313 , 51 , -65 , 0 , 1569439044.5860786
1.5487748149 , 3.26051104449 , 0.0236735118405 , 52 , -68 , 0 , 1569439044.6357675
1.54251421679 , 3.26938920788 , 0.0274965634421 , 53 , -68 , 0 , 1569439044.6801343
1.53692303479 , 3.27731247491 , 0.0307314532588 , 56 , -68 , 0 , 1569439044.7211688
1.53140813506 , 3.28505304038 , 0.0339663430755 , 52 , -64 , 0 , 1569439044.766282
1.52591753469 , 3.29274944703 , 0.037054192446 , 56 , -65 , 0 , 1569439044.8073266
1.52030027281 , 3.30059278866 , 0.0401420418165 , 56 , -68 , 0 , 1569439044.8606496
1.51256320925 , 3.31115856153 , 0.0448473360953 , 56 , -72 , 0 , 1569439044.909552
1.50549587351 , 3.32076925798 , 0.0489644685893 , 56 , -72 , 0 , 1569439044.9590447
1.49916186093 , 3.32940965515 , 0.0523463988523 , 55 , -69 , 0 , 1569439045.0120878
1.49171224934 , 3.33934248415 , 0.0567576122387 , 52 , -68 , 0 , 1569439045.0694635
1.48411593212 , 3.34934843559 , 0.0613158660713 , 55 , -68 , 0 , 1569439045.122378
1.47722558987 , 3.35813422177 , 0.0651389176729 , 55 , -69 , 0 , 1569439045.175567
1.46933070751 , 3.36839809743 , 0.0692560501669 , 56 , -65 , 0 , 1569439045.238543
1.46080656016 , 3.3794007981 , 0.0736672635533 , 52 , -64 , 3 , 1569439045.2862716
1.45508980135 , 3.38651457216 , 0.076166951139 , 51 , -65 , 0 , 1569439045.3353517
1.44844362945 , 3.39474927535 , 0.0792548005095 , 52 , -64 , 22 , 1569439045.3810253
1.43771652755 , 3.40146424409 , 0.0752847084617 , 55 , -67 , 56 , 1569439045.4460695
1.42570292461 , 3.40761838613 , 0.0607277042865 , 55 , -64 , 60 , 1569439045.4872556
1.41540126129 , 3.41200210055 , 0.0486703876969 , 55 , -64 , 60 , 1569439045.5403805
1.40231535534 , 3.41807769474 , 0.0341133835217 , 55 , -67 , 49 , 1569439045.5987422
1.38974023425 , 3.4247768052 , 0.0217619860397 , 59 , -71 , 48 , 1569439045.646713
1.38006811396 , 3.43107730967 , 0.0132336401593 , 55 , -71 , 41 , 1569439045.691684
1.37126856016 , 3.43777824478 , 0.0072049818645 , 55 , -71 , 30 , 1569439045.732856
1.36323317299 , 3.4448446435 , 0.004117132494 , 55 , -72 , 19 , 1569439045.7903092
1.35336797651 , 3.45505724416 , 0.00382305160157 , 55 , -71 , 3 , 1569439045.8351774
1.34636960777 , 3.46296484937 , 0.00544049650993 , 54 , -80 , 11 , 1569439045.8846312
1.33746415219 , 3.47216390931 , 0.00779314364935 , 55 , -76 , 7 , 1569439045.9381468
1.32852532224 , 3.48285058159 , 0.0132336401593 , 51 , -75 , 0 , 1569439045.994903
1.32030560576 , 3.49327522797 , 0.0192622984541 , 52 , -72 , 0 , 1569439046.044095
1.31439603942 , 3.50106921385 , 0.024702794964 , 48 , -68 , 0 , 1569439046.085663
1.30854228718 , 3.50877746572 , 0.0298492105815 , 52 , -76 , 0 , 1569439046.1388073
1.30063751635 , 3.51896684491 , 0.037054192446 , 52 , -76 , 0 , 1569439046.1873324
1.29433912675 , 3.52689676385 , 0.0429358102946 , 48 , -76 , 0 , 1569439046.2283762
1.28814763441 , 3.53460034857 , 0.0486703876969 , 47 , -72 , 0 , 1569439046.2780144
1.28078895431 , 3.54344431118 , 0.0551401673303 , 52 , -76 , 0 , 1569439046.3312197
1.27223019452 , 3.55363236089 , 0.0630803514259 , 48 , -72 , 0 , 1569439046.3838668
1.26471239875 , 3.56211538118 , 0.0695501310593 , 48 , -71 , 30 , 1569439046.429343
1.25624485171 , 3.5680787724 , 0.0691090097207 , 47 , -78 , 56 , 1569439046.4747088
1.24360903795 , 3.57333712383 , 0.0602865829478 , 43 , -75 , 64 , 1569439046.5332668
1.23013435842 , 3.57812150209 , 0.0491115090355 , 40 , -67 , 60 , 1569439046.5764804
1.21928480789 , 3.58200771838 , 0.0401420418165 , 48 , -75 , 63 , 1569439046.6219127
1.20663561368 , 3.58706376259 , 0.0305844128126 , 47 , -71 , 52 , 1569439046.678909
1.19455454084 , 3.59267561669 , 0.0223501478246 , 44 , -71 , 45 , 1569439046.7239974
1.18509969794 , 3.59774580587 , 0.0179389344381 , 48 , -75 , 41 , 1569439046.7651165
1.17589869711 , 3.60344858995 , 0.0148510850676 , 47 , -71 , 33 , 1569439046.8189762
1.16624711579 , 3.61138012432 , 0.0149981255138 , 44 , -75 , 30 , 1569439046.8632023
1.15792629642 , 3.61762582688 , 0.0163214895298 , 44 , -79 , 26 , 1569439046.9082327
1.14954199648 , 3.62427873221 , 0.0180859748843 , 48 , -75 , 18 , 1569439046.9533637
1.14093930778 , 3.63163959374 , 0.02058566247 , 51 , -75 , 22 , 1569439047.0066123
1.13182525255 , 3.6394158759 , 0.0219090264859 , 52 , -82 , 22 , 1569439047.047398
1.12354108747 , 3.64638811302 , 0.0229383096094 , 48 , -75 , 22 , 1569439047.0929785
1.11396888628 , 3.654328455 , 0.0239675927329 , 48 , -79 , 26 , 1569439047.1459596
1.10395782373 , 3.66205299562 , 0.0248498354102 , 47 , -86 , 30 , 1569439047.1998315
1.09154530109 , 3.67068730311 , 0.024702794964 , 44 , -82 , 30 , 1569439047.2568066
1.08157210639 , 3.67860118085 , 0.0270554421034 , 48 , -79 , 33 , 1569439047.3016927
1.07244269704 , 3.68503367158 , 0.0277906443345 , 46 , -83 , 34 , 1569439047.3511202
1.06143941814 , 3.69252542962 , 0.0286728870118 , 48 , -83 , 33 , 1569439047.3956847
1.05201420461 , 3.69876726475 , 0.0294080892428 , 44 , -83 , 34 , 1569439047.44086
1.04229747911 , 3.70488192932 , 0.0299962510277 , 48 , -82 , 37 , 1569439047.4817653
1.03223942274 , 3.71095279371 , 0.0304373723663 , 43 , -83 , 37 , 1569439047.5351012
1.02060543636 , 3.71780983914 , 0.030878493705 , 40 , -82 , 37 , 1569439047.5757704
1.01093758466 , 3.72360453551 , 0.0316136959361 , 41 , -79 , 34 , 1569439047.6211379
1.00127077371 , 3.72922458014 , 0.0323488981671 , 39 , -83 , 37 , 1569439047.6707013
0.989731272666 , 3.73572742771 , 0.0327900195058 , 44 , -82 , 41 , 1569439047.7152648
0.979915514714 , 3.74124756993 , 0.0335252217368 , 40 , -83 , 37 , 1569439047.7603233
0.96975997423 , 3.74666537438 , 0.0338193026293 , 40 , -86 , 45 , 1569439047.8016973
0.959160971966 , 3.75226091833 , 0.0338193026293 , 43 , -87 , 41 , 1569439047.8547132
0.946790715306 , 3.75869105426 , 0.0341133835217 , 40 , -82 , 41 , 1569439047.8952944
0.936535267361 , 3.76409958386 , 0.0344074644141 , 40 , -83 , 41 , 1569439047.9406142
0.926086708068 , 3.76944259647 , 0.0344074644141 , 43 , -86 , 45 , 1569439047.9935377
0.91023964724 , 3.77689203387 , 0.0354367475376 , 40 , -86 , 45 , 1569439048.0506537
0.899523012378 , 3.78280204014 , 0.0332311408444 , 40 , -82 , 45 , 1569439048.0919857
0.887901474256 , 3.78867719933 , 0.0330841003982 , 37 , -83 , 45 , 1569439048.1452253
0.876041757473 , 3.79446229695 , 0.0324959386133 , 43 , -86 , 45 , 1569439048.2035575
0.862123297881 , 3.80113771703 , 0.0320548172747 , 40 , -86 , 45 , 1569439048.2517123
0.851794811587 , 3.80617331831 , 0.0320548172747 , 40 , -86 , 45 , 1569439048.2966857
0.839360680013 , 3.81195200966 , 0.0319077768285 , 43 , -91 , 49 , 1569439048.3541913
0.824373209381 , 3.81888088727 , 0.0316136959361 , 40 , -90 , 52 , 1569439048.4031634
0.81288087955 , 3.82405187815 , 0.0316136959361 , 37 , -87 , 48 , 1569439048.4486723
0.801288286832 , 3.82933150489 , 0.0317607363823 , 42 , -94 , 52 , 1569439048.502138
0.785631821372 , 3.83601768464 , 0.0316136959361 , 39 , -94 , 56 , 1569439048.5595925
0.769392423227 , 3.84279950717 , 0.0316136959361 , 40 , -94 , 52 , 1569439048.6079419
0.757275759689 , 3.84781099572 , 0.0317607363823 , 37 , -86 , 52 , 1569439048.6532407
0.745548828762 , 3.85272130121 , 0.0322018577209 , 37 , -90 , 56 , 1569439048.6982331
0.733923657659 , 3.85740616354 , 0.0310255341512 , 40 , -93 , 56 , 1569439048.743533
0.719192969026 , 3.86251126549 , 0.0276436038883 , 37 , -94 , 60 , 1569439048.8005264
0.704198392493 , 3.86908374642 , 0.0291140083504 , 31 , -87 , 52 , 1569439048.85774
0.688729996454 , 3.87494986575 , 0.0297021701353 , 33 , -98 , 56 , 1569439048.907721
0.676152528183 , 3.87952333003 , 0.0297021701353 , 35 , -98 , 67 , 1569439048.9606216
0.658981991668 , 3.88552553081 , 0.0295551296891 , 33 , -98 , 60 , 1569439049.0094488
0.645824775735 , 3.89008368504 , 0.0299962510277 , 33 , -97 , 60 , 1569439049.0548275
0.631348729207 , 3.89495987671 , 0.0305844128126 , 29 , -90 , 56 , 1569439049.1036935
0.619705850715 , 3.89890809153 , 0.0316136959361 , 27 , -86 , 56 , 1569439049.1574585
0.604161431586 , 3.90361551838 , 0.0324959386133 , 27 , -98 , 63 , 1569439049.217421
0.587152870126 , 3.90854129324 , 0.0326429790596 , 31 , -95 , 67 , 1569439049.271675
0.57004685714 , 3.91346140851 , 0.0327900195058 , 27 , -91 , 64 , 1569439049.32941
0.552467477061 , 3.91802807237 , 0.0338193026293 , 25 , -94 , 71 , 1569439049.3824959
0.538869672946 , 3.92067088599 , 0.0347015453066 , 27 , -101 , 78 , 1569439049.440095
0.517196062821 , 3.9257330152 , 0.0330841003982 , 33 , -109 , 81 , 1569439049.4927258
0.502061214737 , 3.92953686874 , 0.0314666554898 , 33 , -105 , 81 , 1569439049.5339534
0.487126001112 , 3.93337128669 , 0.0307314532588 , 31 , -101 , 71 , 1569439049.587371
0.468870341772 , 3.93823255827 , 0.0305844128126 , 23 , -90 , 60 , 1569439049.6446881
0.451504796039 , 3.94250880769 , 0.032937059952 , 23 , -101 , 70 , 1569439049.7057292
0.435459885969 , 3.94603330697 , 0.0344074644141 , 29 , -109 , 81 , 1569439049.750822
0.416362116258 , 3.94945725932 , 0.0311725745974 , 33 , -116 , 85 , 1569439049.8080451
0.398492983625 , 3.95426669469 , 0.0342604239679 , 29 , -112 , 85 , 1569439049.849142
0.382344787286 , 3.95782248517 , 0.0342604239679 , 27 , -112 , 81 , 1569439049.902462
0.364537002268 , 3.96176866061 , 0.0348485857528 , 22 , -101 , 74 , 1569439049.9434063
0.35029320285 , 3.96479437015 , 0.0348485857528 , 23 , -132 , 110 , 1569439049.997484
0.324317055112 , 3.96824969808 , 0.0326429790596 , 29 , -160 , 141 , 1569439050.0465393
0.299438123886 , 3.97101521681 , 0.0294080892428 , 29 , -171 , 155 , 1569439050.0905867
0.272441694989 , 3.97374274547 , 0.0258791185337 , 29 , -177 , 162 , 1569439050.1358054
0.244441389294 , 3.97645544669 , 0.0223501478246 , 25 , -181 , 165 , 1569439050.1810234
0.216016058697 , 3.97922927956 , 0.0195563793465 , 23 , -182 , 165 , 1569439050.2347138
0.178925960666 , 3.98255557811 , 0.0166155704222 , 23 , -179 , 162 , 1569439050.291911
0.142283571199 , 3.98585850372 , 0.0151451659601 , 18 , -174 , 158 , 1569439050.3456998
0.11097931209 , 3.98856962063 , 0.0151451659601 , 18 , -167 , 151 , 1569439050.393987
0.0850545555082 , 3.99077545856 , 0.016468529976 , 7 , -162 , 137 , 1569439050.4480958
0.0536029674494 , 3.9933589539 , 0.0195563793465 , 7 , -167 , 148 , 1569439050.5049653
0.0197453004337 , 3.99473657714 , 0.0223501478246 , 3 , -179 , 167 , 1569439050.5543349
-0.00852958044645 , 3.99511053203 , 0.0245557545178 , 3 , -182 , 171 , 1569439050.5986807
-0.0373284237558 , 3.99504597306 , 0.0266143207648 , 0 , -186 , 175 , 1569439050.6437986
-0.0661702413157 , 3.9947253477 , 0.0289669679042 , 0 , -180 , 175 , 1569439050.6938012
-0.0994120118224 , 3.99418140614 , 0.0311725745974 , 0 , -180 , 174 , 1569439050.7463377
-0.132360564372 , 3.99351734855 , 0.0330841003982 , 0 , -178 , 171 , 1569439050.792255
-0.164387966062 , 3.99279279979 , 0.0348485857528 , 0 , -171 , 164 , 1569439050.8491936
-0.199120258803 , 3.99186148487 , 0.0363189902149 , 0 , -156 , 153 , 1569439050.9065237
-0.229544276769 , 3.99095172201 , 0.0373482733384 , 0 , -148 , 149 , 1569439050.9515061
-0.256911541689 , 3.98987321204 , 0.037054192446 , 0 , -145 , 149 , 1569439051.0048661
-0.283931313936 , 3.9885640321 , 0.0354367475376 , 0 , -137 , 146 , 1569439051.0615177
-0.313268466754 , 3.98704874443 , 0.032937059952 , 0 , -126 , 139 , 1569439051.1105661
-0.334385724108 , 3.98582184836 , 0.0301432914739 , 0 , -115 , 132 , 1569439051.1602626
-0.357327451865 , 3.98404003476 , 0.0248498354102 , 0 , -110 , 135 , 1569439051.2135599
-0.382685910785 , 3.98187270427 , 0.0167626108684 , 0 , -103 , 131 , 1569439051.26263
-0.40100094131 , 3.9802524121 , 0.00985170989635 , 0 , -88 , 121 , 1569439051.311411
-0.420436058324 , 3.97838459434 , 0.0010292831235 , 0 , -77 , 112 , 1569439051.3654025
-0.439789715937 , 3.97629728417 , -0.00941058855771 , -15 , -67 , 101 , 1569439051.4228294
-0.457837657884 , 3.97138224715 , -0.0127925188206 , -67 , -67 , 104 , 1569439051.480312
-0.475775050132 , 3.9613298148 , -0.00294080892428 , -73 , -63 , 97 , 1569439051.5282092
-0.488526982369 , 3.95267865837 , 0.00691090097207 , -74 , -56 , 90 , 1569439051.5817058
-0.50282398443 , 3.94182358613 , 0.0199975006851 , -74 , -56 , 85 , 1569439051.6275964
-0.515846761705 , 3.93231390543 , 0.0326429790596 , -70 , -59 , 86 , 1569439051.6843755
-0.529492850129 , 3.92320299957 , 0.0439650934181 , -59 , -63 , 89 , 1569439051.729169
-0.541187154296 , 3.91597699712 , 0.0519052775136 , -51 , -60 , 83 , 1569439051.7740982
-0.552574353661 , 3.9094546334 , 0.0573457740235 , -39 , -60 , 90 , 1569439051.827287
-0.568005024271 , 3.90216051454 , 0.0598454616092 , -31 , -64 , 93 , 1569439051.8854895
-0.584443624971 , 3.89577391954 , 0.0605806638403 , -19 , -68 , 94 , 1569439051.942059
-0.600998558793 , 3.89057142758 , 0.0592572998243 , -14 , -64 , 90 , 1569439051.991489
-0.615421080474 , 3.88691710542 , 0.0560224100076 , -7 , -60 , 86 , 1569439052.0529137
-0.631105423931 , 3.88399485471 , 0.0496996708204 , 0 , -65 , 91 , 1569439052.1102345
-0.647216775058 , 3.88159904915 , 0.0422006080635 , 0 , -65 , 87 , 1569439052.159104
-0.65916189594 , 3.88003208028 , 0.0366130711073 , 0 , -61 , 84 , 1569439052.2001858
-0.670391252568 , 3.87858636767 , 0.0311725745974 , 0 , -58 , 80 , 1569439052.249635
-0.683218290484 , 3.87695653068 , 0.024702794964 , 0 , -61 , 83 , 1569439052.3028572
-0.698081822496 , 3.87513608221 , 0.0170566917608 , 0 , -57 , 84 , 1569439052.3516264
-0.709189773091 , 3.87377304548 , 0.0113221143585 , 0 , -57 , 76 , 1569439052.3926337
-0.719774056091 , 3.87256356435 , 0.00558753695614 , -27 , -53 , 79 , 1569439052.4460108
-0.733779939434 , 3.86767994835 , 0.00588161784857 , -51 , -56 , 79 , 1569439052.5044947
-0.748297435984 , 3.85952043044 , 0.0136747614979 , -55 , -52 , 82 , 1569439052.552079
-0.759043217097 , 3.85261192338 , 0.0208797433624 , -58 , -49 , 79 , 1569439052.6015291
-0.770642395141 , 3.84485282462 , 0.0289669679042 , -54 , -49 , 78 , 1569439052.6548774
-0.782042238143 , 3.83731156559 , 0.0355837879838 , -48 , -48 , 76 , 1569439052.7001307
-0.793599283092 , 3.83007903539 , 0.04117132494 , -43 , -49 , 75 , 1569439052.758297
-0.806170203194 , 3.82251491361 , 0.046023659665 , -37 , -48 , 75 , 1569439052.8065662
-0.815948715608 , 3.81711434066 , 0.0482292663583 , -37 , -49 , 83 , 1569439052.8516674
-0.828705063125 , 3.81040112842 , 0.0466118214499 , -33 , -49 , 79 , 1569439052.9084864
-0.841132419922 , 3.80473125955 , 0.0498467112666 , -29 , -52 , 82 , 1569439052.9581673
-0.8524976122 , 3.79946490433 , 0.0458766192188 , -29 , -52 , 86 , 1569439053.00773
-0.863998237242 , 3.79462998909 , 0.0479351854658 , -26 , -52 , 83 , 1569439053.0519419
-0.874726251918 , 3.7900317528 , 0.0467588618961 , -22 , -49 , 83 , 1569439053.096819
-0.884942330027 , 3.78577799788 , 0.0449943765415 , -25 , -45 , 79 , 1569439053.138126
-0.895064190427 , 3.78143499109 , 0.0430828507408 , -27 , -48 , 82 , 1569439053.1918473
-0.908558213853 , 3.77537239809 , 0.04117132494 , -26 , -45 , 82 , 1569439053.2406995
-0.918489410971 , 3.77074111802 , 0.0397009204778 , -29 , -45 , 82 , 1569439053.2856996
-0.928517456761 , 3.76595311059 , 0.0382305160157 , -29 , -48 , 86 , 1569439053.3307052
-0.940400969723 , 3.76013061846 , 0.0369071519998 , -31 , -45 , 83 , 1569439053.3874304
-0.952240728418 , 3.75424188717 , 0.0355837879838 , -29 , -45 , 82 , 1569439053.4290302
-0.962278462833 , 3.74921600701 , 0.0339663430755 , -33 , -45 , 83 , 1569439053.4739997
-0.972555684748 , 3.74389101513 , 0.032937059952 , -35 , -45 , 83 , 1569439053.5233378
-0.984119349226 , 3.73777967086 , 0.0319077768285 , -36 , -41 , 79 , 1569439053.5679617
-0.993589764997 , 3.73264170748 , 0.0311725745974 , -37 , -41 , 78 , 1569439053.61312
-1.00296722369 , 3.72751372452 , 0.0304373723663 , -37 , -44 , 75 , 1569439053.654077
-1.01234334864 , 3.7222250888 , 0.0301432914739 , -31 , -37 , 78 , 1569439053.7072573
-1.02276490549 , 3.71623692606 , 0.0298492105815 , -37 , -37 , 75 , 1569439053.7521408
-1.03323075426 , 3.71005490752 , 0.0294080892428 , -39 , -41 , 79 , 1569439053.8062208
-1.04393377859 , 3.70361906165 , 0.0294080892428 , -39 , -37 , 79 , 1569439053.859071
-1.05567791007 , 3.69636999642 , 0.0297021701353 , -37 , -37 , 75 , 1569439053.9081438
-1.06451840391 , 3.6908527349 , 0.0298492105815 , -39 , -38 , 75 , 1569439053.957545
-1.07587406064 , 3.68366589366 , 0.0273495229958 , -39 , -38 , 75 , 1569439054.014385
-1.08634005007 , 3.67695151101 , 0.0305844128126 , -37 , -33 , 75 , 1569439054.0598462
-1.09488547175 , 3.67143533058 , 0.0307314532588 , -40 , -37 , 75 , 1569439054.1047337
-1.10494347753 , 3.6647533349 , 0.0311725745974 , -37 , -33 , 71 , 1569439054.1536446
-1.1134364166 , 3.6592057134 , 0.0316136959361 , -37 , -34 , 71 , 1569439054.1985383
-1.12187236089 , 3.65346040946 , 0.0319077768285 , -44 , -37 , 75 , 1569439054.2396965
-1.13045081852 , 3.64768007024 , 0.0324959386133 , -40 , -37 , 72 , 1569439054.28493
-1.14048794136 , 3.64070110842 , 0.0327900195058 , -43 , -34 , 75 , 1569439054.3462296
-1.15203583797 , 3.63260736877 , 0.0332311408444 , -44 , -37 , 79 , 1569439054.3953454
-1.16097497619 , 3.62624437505 , 0.0335252217368 , -44 , -37 , 75 , 1569439054.4406512
-1.16936621088 , 3.6194777646 , 0.0320548172747 , -43 , -26 , 75 , 1569439054.4934068
-1.17931059132 , 3.61102484525 , 0.0298492105815 , -43 , -34 , 75 , 1569439054.550934
-1.18890332378 , 3.60316393802 , 0.028819927458 , -46 , -26 , 75 , 1569439054.6005025
-1.19766173627 , 3.59463846112 , 0.0272024825496 , -51 , -33 , 79 , 1569439054.653699
-1.20908296588 , 3.58563586303 , 0.0282317656731 , -44 , -33 , 78 , 1569439054.7026305
-1.21761768276 , 3.57930200565 , 0.0292610487966 , -43 , -37 , 75 , 1569439054.751689
-1.22752486656 , 3.57210846492 , 0.0304373723663 , -43 , -34 , 75 , 1569439054.805706
-1.2381838513 , 3.56443291726 , 0.0319077768285 , -41 , -33 , 75 , 1569439054.8499317
-1.24660919286 , 3.55840589807 , 0.0316136959361 , -44 , -34 , 75 , 1569439054.8950987
-1.25517345482 , 3.55212545481 , 0.0317607363823 , -41 , -30 , 75 , 1569439054.9412534
-1.26477243557 , 3.54491639148 , 0.0316136959361 , -43 , -30 , 75 , 1569439054.9974906
-1.27432146173 , 3.53762649801 , 0.0314666554898 , -45 , -30 , 75 , 1569439055.0385888
-1.28254017768 , 3.53110665625 , 0.0316136959361 , -44 , -26 , 75 , 1569439055.0835378
-1.29061372201 , 3.52461811834 , 0.0319077768285 , -43 , -30 , 68 , 1569439055.1369853
-1.30081453873 , 3.51657779458 , 0.0323488981671 , -43 , -30 , 67 , 1569439055.1950493
-1.31095531116 , 3.50828322926 , 0.0332311408444 , -45 , -26 , 71 , 1569439055.2430882
-1.31867888243 , 3.50176497327 , 0.0333781812906 , -48 , -26 , 75 , 1569439055.2880783
-1.32775832427 , 3.49383056688 , 0.0338193026293 , -47 , -26 , 71 , 1569439055.3456051
-1.33701448732 , 3.48549470744 , 0.0339663430755 , -41 , -22 , 67 , 1569439055.390594
-1.34425534103 , 3.47915473723 , 0.0336722621831 , -44 , -22 , 67 , 1569439055.4357455
-1.35309157937 , 3.47125372831 , 0.0333781812906 , -52 , -22 , 75 , 1569439055.4894874
-1.36201194856 , 3.46290533462 , 0.0333781812906 , -51 , -22 , 75 , 1569439055.547642
-1.37219428644 , 3.45320100009 , 0.0335252217368 , -48 , -22 , 71 , 1569439055.5952895
-1.3796981438 , 3.44596098925 , 0.0333781812906 , -48 , -22 , 75 , 1569439055.640563
-1.38818977651 , 3.43782258411 , 0.0330841003982 , -47 , -18 , 71 , 1569439055.6985378
-1.39705222379 , 3.42911542357 , 0.032937059952 , -37 , -22 , 64 , 1569439055.7427456
-1.40400981758 , 3.42427395843 , 0.0280847252269 , -45 , -22 , 67 , 1569439055.7875123
-1.41094218159 , 3.41773485735 , 0.0277906443345 , -48 , -22 , 71 , 1569439055.8329067
-1.41800838354 , 3.41071900417 , 0.0276436038883 , -55 , -22 , 71 , 1569439055.8741148
-1.42530588903 , 3.40327859747 , 0.0283788061193 , -52 , -18 , 71 , 1569439055.9189928
-1.43259316596 , 3.39566526902 , 0.0291140083504 , -56 , -30 , 75 , 1569439055.9640398
-1.44173276971 , 3.38701424452 , 0.0313196150436 , -59 , -26 , 75 , 1569439056.0138607
-1.45126669095 , 3.37763134549 , 0.0302903319201 , -52 , -15 , 71 , 1569439056.0704103
-1.45783687604 , 3.3691868722 , 0.0332311408444 , -56 , -11 , 67 , 1569439056.1156685
-1.46504999569 , 3.3604213828 , 0.0333781812906 , -51 , -18 , 64 , 1569439056.173942
-1.47300206288 , 3.35062379878 , 0.0339663430755 , -52 , -7 , 64 , 1569439056.2219417
-1.47914480656 , 3.34331480459 , 0.0345545048603 , -52 , -15 , 64 , 1569439056.2674117
-1.48569629658 , 3.33534496989 , 0.0348485857528 , -52 , -15 , 67 , 1569439056.3121428
-1.491828696 , 3.32791887626 , 0.0352897070914 , -51 , -11 , 71 , 1569439056.3654919
-1.50129966282 , 3.31777227318 , 0.0339663430755 , -52 , -18 , 67 , 1569439056.41841
-1.50746894663 , 3.30981943957 , 0.0360249093225 , -48 , -15 , 64 , 1569439056.463607
-1.51355531681 , 3.30269499539 , 0.0358778688763 , -50 , -11 , 64 , 1569439056.5132804
-1.52267278654 , 3.29230369643 , 0.0323488981671 , -48 , -3 , 72 , 1569439056.5824766
-1.52914558418 , 3.28286997356 , 0.0297021701353 , -48 , 0 , 65 , 1569439056.623612
-1.53428628423 , 3.27503098515 , 0.0254379971951 , -48 , 0 , 69 , 1569439056.676938
-1.54086041591 , 3.26516620229 , 0.0198504602389 , -52 , 0 , 65 , 1569439056.7317734
-1.54734497919 , 3.25536912008 , 0.0152922064063 , -52 , -3 , 72 , 1569439056.7791402
-1.55293037978 , 3.24718082432 , 0.0119102761434 , -56 , 0 , 72 , 1569439056.8237617
-1.55834789997 , 3.23884615584 , 0.00852834588042 , -56 , 0 , 69 , 1569439056.865325
-1.56384077283 , 3.23038976064 , 0.00529345606371 , -55 , 0 , 69 , 1569439056.9185586
-1.57123526995 , 3.21951064426 , 0.000735202231071 , -56 , 0 , 69 , 1569439056.9675097
-1.57761569729 , 3.21000713796 , -0.00294080892428 , -56 , 0 , 65 , 1569439057.0172882
-1.58272015143 , 3.20200399903 , -0.00499937517128 , -56 , 0 , 65 , 1569439057.0662262
-1.58979143018 , 3.19105970397 , -0.00676386052585 , -52 , -30 , 60 , 1569439057.1230512
-1.59869469031 , 3.18399565271 , -0.0010292831235 , -55 , -56 , 63 , 1569439057.1809623
-1.61200970071 , 3.17632649025 , 0.0141158828366 , -55 , -52 , 71 , 1569439057.2418606
-1.62304747352 , 3.16974436425 , 0.0248498354102 , -56 , -48 , 67 , 1569439057.2830415
-1.63223173719 , 3.16339584729 , 0.0345545048603 , -59 , -41 , 67 , 1569439057.3278735
-1.64057053761 , 3.15670603822 , 0.0427887698483 , -63 , -33 , 67 , 1569439057.37742
-1.64940716946 , 3.14816242106 , 0.0510230348363 , -59 , -23 , 64 , 1569439057.430233
-1.65704596893 , 3.13929617846 , 0.0563164909 , -60 , -15 , 64 , 1569439057.4753258
-1.66290161368 , 3.13054346411 , 0.0588161784857 , -56 , -7 , 68 , 1569439057.5206995
-1.66924934128 , 3.12062643148 , 0.0585220975933 , -59 , 0 , 68 , 1569439057.5777347
-1.6755747599 , 3.1094533922 , 0.0573457740235 , -64 , 0 , 69 , 1569439057.6228724
-1.68052299136 , 3.1002425251 , 0.0558753695614 , -64 , 0 , 69 , 1569439057.667733
-1.68570292778 , 3.09060702071 , 0.0544049650993 , -60 , 0 , 73 , 1569439057.7127092
-1.69175885629 , 3.07989698318 , 0.051464156175 , -64 , 0 , 69 , 1569439057.7661297
-1.69774672958 , 3.06915397832 , 0.0491115090355 , -64 , 0 , 69 , 1569439057.8113003
-1.70281485376 , 3.05989808055 , 0.0476411045734 , -64 , 0 , 69 , 1569439057.8523352
-1.70775823101 , 3.05079608827 , 0.0464647810037 , -67 , 0 , 69 , 1569439057.9053812
-1.71422341823 , 3.03877693072 , 0.045288457434 , -68 , 0 , 65 , 1569439057.9545052
-1.72021021027 , 3.02765466494 , 0.0442591743105 , -64 , 0 , 69 , 1569439058.0036886
-1.72527855351 , 3.01850934023 , 0.0427887698483 , -64 , 0 , 69 , 1569439058.05345
-1.73196518157 , 3.00726144731 , 0.0389657182468 , -59 , 0 , 69 , 1569439058.1139126
-1.7383138475 , 2.99496365258 , 0.0395538800316 , -60 , 0 , 65 , 1569439058.1637714
-1.74404022258 , 2.9842522015 , 0.039112758693 , -60 , 0 , 61 , 1569439058.2133229
-1.7485564778 , 2.97591142029 , 0.0385245969081 , -60 , 0 , 61 , 1569439058.2575545
-1.75302390427 , 2.96743557577 , 0.0385245969081 , -60 , 0 , 61 , 1569439058.2985325
-1.75744405318 , 2.95898951192 , 0.0386716373543 , -64 , 0 , 58 , 1569439058.3439302
-1.76195102574 , 2.95031572218 , 0.0389657182468 , -59 , 0 , 65 , 1569439058.3931143
-1.76737679234 , 2.94043041423 , 0.0379364351233 , -64 , 0 , 61 , 1569439058.4377592
-1.77275483976 , 2.9303012732 , 0.0377893946771 , -64 , 0 , 65 , 1569439058.4956234
-1.7789004692 , 2.91866220394 , 0.0377893946771 , -64 , 0 , 61 , 1569439058.5529957
-1.78499035522 , 2.90682953867 , 0.0380834755695 , -63 , 0 , 61 , 1569439058.6056914
-1.79031111283 , 2.89650602736 , 0.0386716373543 , -64 , 0 , 62 , 1569439058.6510801
-1.79571602349 , 2.88600814592 , 0.0392597991392 , -61 , 0 , 63 , 1569439058.7089133
-1.80179946959 , 2.87444570042 , 0.0392597991392 , -65 , 0 , 65 , 1569439058.7572827
-1.80629914668 , 2.86571342904 , 0.0397009204778 , -60 , 0 , 58 , 1569439058.802143
-1.81133305096 , 2.85589533089 , 0.0402890822627 , -61 , 0 , 57 , 1569439058.8519464
-1.81594965861 , 2.84667803034 , 0.0413183653862 , -64 , 0 , 58 , 1569439058.9047503
-1.82091355784 , 2.83671423258 , 0.0424946889559 , -61 , 0 , 57 , 1569439058.9455988
-1.82510200974 , 2.8281472598 , 0.0438180529718 , -64 , 0 , 54 , 1569439058.9907827
-1.82913776298 , 2.81966484324 , 0.0455825383264 , -61 , 0 , 57 , 1569439059.0331664
-1.83399169518 , 2.80926354417 , 0.0471999832348 , -60 , 0 , 53 , 1569439059.0847397
-1.83772717923 , 2.80117191831 , 0.0483763068045 , -64 , 0 , 57 , 1569439059.1302474
-1.8416745418 , 2.79264562895 , 0.0504348730515 , -59 , 0 , 54 , 1569439059.1792815
-1.84600126793 , 2.78333591807 , 0.0524934392985 , -64 , 0 , 57 , 1569439059.2329285
-1.8510496855 , 2.7724397016 , 0.0548460864379 , -67 , 0 , 53 , 1569439059.2857208
-1.85564135805 , 2.76250661756 , 0.0569046526849 , -64 , 0 , 57 , 1569439059.330847
-1.86034638398 , 2.75236059875 , 0.0588161784857 , -67 , 0 , 57 , 1569439059.3801606
-1.86446150977 , 2.74321871064 , 0.0605806638403 , -67 , 0 , 57 , 1569439059.4288673
-1.86910890973 , 2.73272082749 , 0.0629333109797 , -63 , 0 , 57 , 1569439059.473966
-1.87296070736 , 2.72382823229 , 0.0646977963343 , -64 , 3 , 56 , 1569439059.5152066
-1.87579491823 , 2.71443384001 , 0.0635214727645 , -63 , 49 , 56 , 1569439059.5606062
-1.87559328562 , 2.70364092581 , 0.053522722422 , -67 , 60 , 56 , 1569439059.6051042
-1.8746696595 , 2.69182784252 , 0.0401420418165 , -67 , 56 , 60 , 1569439059.6499484
-1.87425496492 , 2.68029693181 , 0.0279376847807 , -67 , 52 , 60 , 1569439059.6958067
-1.8743414559 , 2.66780149456 , 0.016468529976 , -70 , 41 , 60 , 1569439059.7486143
-1.87524861115 , 2.65529671493 , 0.00896946721907 , -69 , 34 , 59 , 1569439059.7854908
-1.87560967594 , 2.64699565012 , 0.0072049818645 , -71 , 30 , 60 , 1569439059.830549
-1.87828104979 , 2.6349349479 , 0.00249968758564 , -67 , 22 , 60 , 1569439059.8882523
-1.88221643223 , 2.62190610888 , -0.000735202231071 , -67 , 11 , 56 , 1569439059.936813
-1.88575574486 , 2.61254958406 , -0.00147040446214 , -67 , 7 , 57 , 1569439059.9820197
-1.89046533594 , 2.6018004888 , -0.00161744490836 , -63 , 7 , 57 , 1569439060.0314069
-1.89473761362 , 2.59314670537 , -0.00132336401593 , -67 , 3 , 57 , 1569439060.0761483
-1.89910390326 , 2.58465941995 , 0.000294080892428 , -64 , 0 , 57 , 1569439060.1174674
-1.9034081275 , 2.57636066142 , 0.00249968758564 , -68 , 0 , 57 , 1569439060.162146
-1.90851239629 , 2.56634617992 , 0.00544049650993 , -64 , 0 , 54 , 1569439060.2161696
-1.9135410835 , 2.55673605339 , 0.00749906275692 , -63 , 0 , 54 , 1569439060.2700481
-1.91840502211 , 2.54714462087 , 0.0101457907888 , -64 , 0 , 54 , 1569439060.313787
-1.92238619719 , 2.53889012522 , 0.0132336401593 , -68 , 0 , 50 , 1569439060.354905
-1.92634186468 , 2.53062337568 , 0.0163214895298 , -68 , 0 , 54 , 1569439060.4003465
-1.93046278327 , 2.52217368827 , 0.0189682175616 , -64 , 0 , 50 , 1569439060.4407666
-1.9343199494 , 2.51374564521 , 0.022644228717 , -64 , 0 , 50 , 1569439060.4862607
-1.93835826243 , 2.50398526734 , 0.0282317656731 , -72 , 0 , 46 , 1569439060.5358386
-1.94126021787 , 2.49532302986 , 0.0355837879838 , -72 , 0 , 46 , 1569439060.5882735
-1.94454621799 , 2.48561735628 , 0.0442591743105 , -71 , 0 , 46 , 1569439060.6289587
-1.94774034408 , 2.47680672271 , 0.0502878326053 , -71 , 0 , 46 , 1569439060.674641
-1.95083718083 , 2.46806313255 , 0.0563164909 , -71 , 0 , 46 , 1569439060.7191691
-1.95426731633 , 2.45841182324 , 0.0626392300873 , -71 , 3 , 49 , 1569439060.7641466
-1.95723493784 , 2.44929605601 , 0.0673445243661 , -72 , 0 , 50 , 1569439060.8092756
-1.96044555304 , 2.44009113967 , 0.0730791017685 , -67 , 0 , 46 , 1569439060.854949
-1.96389015566 , 2.43014665355 , 0.0786666387246 , -68 , 19 , 48 , 1569439060.9076219
-1.96563886288 , 2.41907930625 , 0.078225517386 , -63 , 56 , 45 , 1569439060.952653
-1.96392342954 , 2.40834069914 , 0.0688149288283 , -63 , 63 , 45 , 1569439060.9977348
-1.96156771376 , 2.39738548985 , 0.0571987335773 , -63 , 67 , 45 , 1569439061.0428157
-1.9589165916 , 2.38494474424 , 0.0435239720794 , -67 , 64 , 45 , 1569439061.092242
-1.9570062356 , 2.37222035441 , 0.030878493705 , -67 , 56 , 48 , 1569439061.140939
-1.95609117435 , 2.36140362758 , 0.0214679051473 , -67 , 48 , 49 , 1569439061.186602
-1.95457425957 , 2.34936433606 , 0.0170566917608 , -70 , 37 , 52 , 1569439061.247894
-1.9555939526 , 2.33537606716 , 0.0105869121274 , -71 , 30 , 52 , 1569439061.2971678
-1.95750138305 , 2.32356550889 , 0.00764610320314 , -71 , 22 , 49 , 1569439061.345984
-1.95984730415 , 2.31393672689 , 0.00691090097207 , -78 , 11 , 52 , 1569439061.399968
-1.9639175704 , 2.30072169511 , 0.00852834588042 , -75 , 11 , 56 , 1569439061.4481058
-1.96717412428 , 2.29105506964 , 0.0111750739123 , -71 , 7 , 49 , 1569439061.4936376
-1.97116865056 , 2.28042138494 , 0.0158803681911 , -71 , 3 , 50 , 1569439061.542877
-1.97569902256 , 2.27009501162 , 0.0197034197927 , -67 , 0 , 46 , 1569439061.595522
-1.97929102745 , 2.2608030018 , 0.0263202398723 , -68 , 0 , 50 , 1569439061.6409376
-1.98210249683 , 2.25175788214 , 0.0360249093225 , -68 , 0 , 46 , 1569439061.690526
-1.98546980403 , 2.24308204078 , 0.0417594867248 , -72 , 0 , 42 , 1569439061.7392333
-1.98908024833 , 2.23328427134 , 0.0488174281431 , -68 , 0 , 41 , 1569439061.7839253
-1.99192176016 , 2.22500588253 , 0.0545520055455 , -68 , 0 , 42 , 1569439061.8251877
-1.99472184567 , 2.21682291956 , 0.0608747447327 , -63 , 0 , 42 , 1569439061.870615
-1.99722693788 , 2.20860924952 , 0.0670504434737 , -68 , 0 , 38 , 1569439061.9115503
-2.0001984693 , 2.19869349859 , 0.0742554253382 , -71 , 39 , 41 , 1569439061.9723573
-2.00030552802 , 2.18708737207 , 0.0729320613223 , -71 , 63 , 41 , 1569439062.0174072
-1.99713016633 , 2.17350937865 , 0.0626392300873 , -67 , 68 , 37 , 1569439062.0713062
-1.99356415914 , 2.16071649178 , 0.0507289539439 , -66 , 67 , 37 , 1569439062.1287074
-1.98959540838 , 2.1455324761 , 0.0364660306611 , -67 , 64 , 45 , 1569439062.1813006
-1.98715339191 , 2.13301328827 , 0.0252909567488 , -67 , 56 , 41 , 1569439062.230595
-1.98572677327 , 2.12254144661 , 0.0176448535457 , -67 , 49 , 41 , 1569439062.2803075
-1.98561059109 , 2.11047253797 , 0.0127925188206 , -71 , 30 , 45 , 1569439062.329098
-1.98691491495 , 2.09894458345 , 0.0126454783744 , -70 , 30 , 41 , 1569439062.3781962
-1.98794687084 , 2.08870552295 , 0.0122043570358 , -75 , 37 , 52 , 1569439062.4319215
-1.9898375531 , 2.07311999785 , 0.00485233472507 , -93 , 41 , 63 , 1569439062.4885778
-1.99149740335 , 2.05618150735 , 0.00485233472507 , -101 , 41 , 63 , 1569439062.5459588
-1.99300978229 , 2.0387687862 , 0.00367601115536 , -105 , 45 , 60 , 1569439062.6015937
-1.99409964368 , 2.01932001985 , 0.00323488981671 , -111 , 48 , 56 , 1569439062.6483958
-1.99472810965 , 2.00417568244 , 0.00426417294021 , -111 , 48 , 56 , 1569439062.6932664
-1.99524111197 , 1.98830474567 , 0.00588161784857 , -117 , 48 , 59 , 1569439062.74324
-1.9956614867 , 1.96927638074 , 0.00896946721907 , -120 , 52 , 60 , 1569439062.7956588
-1.99583155728 , 1.95047203705 , 0.012351397482 , -126 , 55 , 56 , 1569439062.8407462
-1.99576864309 , 1.93362510514 , 0.0158803681911 , -128 , 56 , 56 , 1569439062.8939655
-1.9954492208 , 1.91351250843 , 0.0194093389003 , -122 , 52 , 52 , 1569439062.9392004
-1.99493795958 , 1.8971478654 , 0.0232323905018 , -119 , 55 , 52 , 1569439062.9842832
-1.9939998947 , 1.87760800456 , 0.0274965634421 , -118 , 59 , 52 , 1569439063.0337622
-1.99287259512 , 1.86126133508 , 0.030878493705 , -118 , 59 , 49 , 1569439063.0823894
-1.99148275253 , 1.84447775749 , 0.0341133835217 , -122 , 66 , 52 , 1569439063.1277463
-1.98973892762 , 1.82742945185 , 0.0354367475376 , -120 , 67 , 52 , 1569439063.1814492
-1.98765226881 , 1.80544674639 , 0.0363189902149 , -122 , 67 , 52 , 1569439063.238101
-1.98548331408 , 1.78573262178 , 0.0372012328922 , -122 , 70 , 48 , 1569439063.2833018
-1.98322775212 , 1.7680638575 , 0.0377893946771 , -122 , 70 , 48 , 1569439063.328893
-1.98075360173 , 1.75001288727 , 0.0380834755695 , -119 , 74 , 56 , 1569439063.3741038
-1.97854888993 , 1.7328188737 , 0.0358778688763 , -122 , 74 , 52 , 1569439063.4186256
-1.97618666905 , 1.71557114277 , 0.0342604239679 , -118 , 74 , 48 , 1569439063.4633465
-1.9730738544 , 1.69538316217 , 0.0294080892428 , -122 , 74 , 45 , 1569439063.529446
-1.96970464988 , 1.6713616212 , 0.0357308284301 , -122 , 71 , 45 , 1569439063.5822792
-1.96681601456 , 1.65421631759 , 0.0372012328922 , -122 , 66 , 45 , 1569439063.6271446
-1.9639000937 , 1.63701944327 , 0.0397009204778 , -117 , 74 , 41 , 1569439063.6811926
-1.9596337226 , 1.61739343194 , 0.0405831631551 , -119 , 74 , 41 , 1569439063.725543
-1.95632046923 , 1.60139464008 , 0.0408772440476 , -115 , 74 , 41 , 1569439063.7708464
-1.95270099969 , 1.58512954467 , 0.0410242844938 , -117 , 78 , 41 , 1569439063.8235996
-1.94794945915 , 1.56494086003 , 0.0405831631551 , -119 , 78 , 37 , 1569439063.868897
-1.94385354354 , 1.54875016287 , 0.0405831631551 , -119 , 85 , 37 , 1569439063.913744
-1.93964732677 , 1.53222841605 , 0.0397009204778 , -119 , 85 , 37 , 1569439063.9593914
-1.9347690209 , 1.51304610761 , 0.0388186778006 , -120 , 82 , 41 , 1569439064.0163856
-1.92987338236 , 1.49422429704 , 0.0380834755695 , -115 , 82 , 37 , 1569439064.0615687
-1.92545925993 , 1.4775058776 , 0.0374953137846 , -114 , 89 , 37 , 1569439064.1064467
-1.92040645173 , 1.46027800332 , 0.0345545048603 , -113 , 90 , 37 , 1569439064.16009
-1.91499341641 , 1.44095297084 , 0.0324959386133 , -114 , 85 , 33 , 1569439064.2046607
-1.91035510673 , 1.42486338124 , 0.0313196150436 , -118 , 88 , 33 , 1569439064.249808
-1.90548252491 , 1.4084129113 , 0.0304373723663 , -121 , 85 , 33 , 1569439064.2955143
-1.89991321511 , 1.38926859281 , 0.0307314532588 , -122 , 86 , 33 , 1569439064.3439944
-1.89480590117 , 1.37273892059 , 0.0311725745974 , -118 , 85 , 30 , 1569439064.3888578
-1.88955229344 , 1.35641149625 , 0.0322018577209 , -115 , 82 , 26 , 1569439064.434145
-1.88321675855 , 1.33858642917 , 0.0335252217368 , -113 , 86 , 18 , 1569439064.4915664
-1.87670599818 , 1.3205791739 , 0.0351426666452 , -114 , 88 , 22 , 1569439064.5363617
-1.87088215818 , 1.30504528927 , 0.0366130711073 , -115 , 86 , 18 , 1569439064.582066
-1.86368382327 , 1.28831145645 , 0.0398479609241 , -118 , 89 , 22 , 1569439064.6307223
-1.85685480466 , 1.27007428246 , 0.0395538800316 , -118 , 93 , 22 , 1569439064.6878648
-1.84813276799 , 1.24914223272 , 0.0405831631551 , -114 , 92 , 22 , 1569439064.7372289
-1.84132020427 , 1.23283816064 , 0.0407302036013 , -111 , 97 , 22 , 1569439064.782931
-1.83201895268 , 1.21375644355 , 0.0385245969081 , -113 , 94 , 18 , 1569439064.8517556
-1.82412870775 , 1.19373478436 , 0.0427887698483 , -110 , 93 , 22 , 1569439064.8972242
-1.81703966932 , 1.17748403935 , 0.0422006080635 , -107 , 96 , 18 , 1569439064.9505978
-1.8068142046 , 1.15783868391 , 0.0376423542308 , -111 , 96 , 15 , 1569439065.003279
-1.79963754233 , 1.14085918696 , 0.0404361227089 , -110 , 100 , 18 , 1569439065.0485656
-1.79164234474 , 1.12518922889 , 0.0405831631551 , -115 , 100 , 14 , 1569439065.1020887
-1.78166434665 , 1.10487550606 , 0.0401420418165 , -114 , 104 , 7 , 1569439065.1506748
-1.77381993034 , 1.08922528682 , 0.0395538800316 , -111 , 100 , 18 , 1569439065.1961184
-1.7654768992 , 1.0729754431 , 0.0397009204778 , -107 , 97 , 7 , 1569439065.2407913
-1.75758482127 , 1.05838640172 , 0.0402890822627 , -106 , 101 , 3 , 1569439065.29413
-1.74664582985 , 1.03931102087 , 0.0413183653862 , -106 , 102 , 0 , 1569439065.3435078
-1.73786220589 , 1.02482656976 , 0.0430828507408 , -110 , 106 , 0 , 1569439065.3966007
-1.72603727767 , 1.00556604838 , 0.0449943765415 , -112 , 106 , 0 , 1569439065.4496984
-1.71553796313 , 0.988615966714 , 0.0464647810037 , -108 , 106 , 0 , 1569439065.4948683
-1.70653619867 , 0.974211561722 , 0.0470529427885 , -113 , 108 , 3 , 1569439065.5438926
-1.69599150101 , 0.957059875383 , 0.0469059023423 , -106 , 106 , 0 , 1569439065.5973463
-1.68512538117 , 0.940229497699 , 0.0466118214499 , -105 , 109 , 0 , 1569439065.6420472
-1.67452021525 , 0.923691632444 , 0.0466118214499 , -107 , 106 , 0 , 1569439065.6957295
-1.66381577196 , 0.907102461919 , 0.0463177405575 , -106 , 106 , 0 , 1569439065.7495995
-1.65355512667 , 0.890573702891 , 0.0477881450196 , -100 , 107 , 0 , 1569439065.7856538
-1.64573378862 , 0.878976759307 , 0.0457295787726 , -103 , 108 , 0 , 1569439065.8302302
-1.6356547032 , 0.863021410084 , 0.0458766192188 , -105 , 109 , 0 , 1569439065.875771
-1.62391438535 , 0.846808095281 , 0.0398479609241 , -105 , 105 , 0 , 1569439065.9328887
-1.61506698995 , 0.831391460329 , 0.0438180529718 , -101 , 102 , 0 , 1569439065.9779031
-1.60595957618 , 0.816997550428 , 0.0441121338643 , -104 , 101 , 0 , 1569439066.0233254
-1.5956559748 , 0.800841215523 , 0.0441121338643 , -106 , 106 , 0 , 1569439066.080655
-1.58475008858 , 0.784208097939 , 0.0427887698483 , -104 , 106 , 0 , 1569439066.1300082
-1.57401245422 , 0.767582264896 , 0.0420535676173 , -101 , 112 , 0 , 1569439066.1748695
-1.56263622279 , 0.750444641871 , 0.0398479609241 , -99 , 117 , 0 , 1569439066.23617
-1.5496387933 , 0.731754399655 , 0.0345545048603 , -99 , 118 , 0 , 1569439066.2895057
-1.53823077038 , 0.71548794945 , 0.0289669679042 , -97 , 114 , 0 , 1569439066.3348572
-1.52661874439 , 0.698998863968 , 0.0224971882708 , -96 , 121 , 0 , 1569439066.3958163
-1.51371634287 , 0.68056619403 , 0.0148510850676 , -93 , 121 , 0 , 1569439066.444927
-1.50382791846 , 0.666463268021 , 0.008234264988 , -93 , 121 , 0 , 1569439066.4860919
-1.49403348646 , 0.652351094767 , 0.00147040446214 , -92 , 121 , -3 , 1569439066.5400958
-1.48123123382 , 0.633707525662 , -0.0072049818645 , -93 , 121 , 0 , 1569439066.5966477
-1.46887871243 , 0.615346804326 , -0.0160274086373 , -91 , 118 , 0 , 1569439066.6539254
-1.45573531829 , 0.595968418151 , -0.0255850376413 , -85 , 116 , 0 , 1569439066.7076817
-1.44467743189 , 0.579783693012 , -0.0338193026293 , -81 , 111 , 0 , 1569439066.7683856
-1.43462766406 , 0.564851871916 , -0.0413183653862 , -81 , 117 , 0 , 1569439066.8096259
-1.42518262586 , 0.551990545082 , -0.047347023681 , -78 , 116 , -63 , 1569439066.8630707
-1.40485891367 , 0.536176003927 , -0.0367601115536 , -73 , 104 , -78 , 1569439066.9202542
-1.39002818375 , 0.527327477177 , -0.0244087140716 , -81 , 111 , -96 , 1569439066.965733
-1.37358625957 , 0.518765836521 , -0.00911650766528 , -82 , 111 , -103 , 1569439067.0192335
-1.34682366159 , 0.508380047314 , 0.0155862872987 , -81 , 118 , -100 , 1569439067.0836487
-1.32689939767 , 0.496899482592 , 0.032937059952 , -81 , 123 , -96 , 1569439067.1296556
-1.30634867475 , 0.487401772017 , 0.0482292663583 , -81 , 124 , -89 , 1569439067.1868348
-1.28556233874 , 0.477300886923 , 0.0613158660713 , -81 , 123 , -77 , 1569439067.2318878
-1.26899516608 , 0.46882928584 , 0.0696971715055 , -81 , 123 , -70 , 1569439067.2764435
-1.25295592513 , 0.460034978926 , 0.0754317489079 , -77 , 126 , -63 , 1569439067.3223238
-1.23582551263 , 0.449758444414 , 0.0786666387246 , -78 , 127 , -48 , 1569439067.3706121
-1.21855656247 , 0.438200516939 , 0.0792548005095 , -78 , 127 , -40 , 1569439067.4199748
-1.20391924936 , 0.42748015041 , 0.07690215337 , -77 , 128 , -29 , 1569439067.4731767
-1.18702440354 , 0.414183287367 , 0.0717557377525 , -78 , 127 , -29 , 1569439067.5182316
-1.17352972321 , 0.403277133789 , 0.0663152412426 , -81 , 131 , -26 , 1569439067.5631843
-1.15996838956 , 0.391858117015 , 0.0602865829478 , -82 , 130 , -26 , 1569439067.6081882
-1.14637617362 , 0.380307608677 , 0.0539638437606 , -81 , 134 , -29 , 1569439067.6532583
-1.13163732683 , 0.367618151486 , 0.0474940641272 , -78 , 135 , -29 , 1569439067.7067726
-1.11578901473 , 0.354218991485 , 0.0405831631551 , -81 , 135 , -37 , 1569439067.7511747
-1.10120579738 , 0.342144949356 , 0.0352897070914 , -81 , 134 , -37 , 1569439067.7969067
-1.08462011879 , 0.329060457131 , 0.0313196150436 , -78 , 135 , -48 , 1569439067.8547773
-1.06622587238 , 0.315241779063 , 0.0283788061193 , -78 , 135 , -52 , 1569439067.9029162
-1.04898563303 , 0.303070298736 , 0.0270554421034 , -77 , 134 , -55 , 1569439067.9523308
-1.0336019088 , 0.292698719345 , 0.026761361211 , -74 , 131 , -59 , 1569439067.9981332
-1.01548398686 , 0.281333874039 , 0.0279376847807 , -75 , 131 , -59 , 1569439068.0549743
-0.994406769241 , 0.26850755217 , 0.0292610487966 , -70 , 131 , -63 , 1569439068.1078646
-0.976083367665 , 0.257752208877 , 0.0298492105815 , -70 , 131 , -66 , 1569439068.166327
-0.955201823863 , 0.245854031042 , 0.0305844128126 , -70 , 130 , -63 , 1569439068.2143893
-0.939298255544 , 0.237144785197 , 0.0307314532588 , -63 , 131 , -66 , 1569439068.2596667
-0.922908023513 , 0.228396897379 , 0.0310255341512 , -66 , 130 , -66 , 1569439068.305214
-0.90425397533 , 0.218550061098 , 0.0317607363823 , -63 , 130 , -70 , 1569439068.3543003
-0.884913807236 , 0.208682607568 , 0.0326429790596 , -66 , 135 , -70 , 1569439068.4149525
-0.865473684604 , 0.199002916 , 0.0344074644141 , -66 , 137 , -74 , 1569439068.4601068
-0.845443870985 , 0.18960088606 , 0.0364660306611 , -62 , 131 , -78 , 1569439068.518483
-0.824125232201 , 0.179950948094 , 0.0380834755695 , -55 , 126 , -74 , 1569439068.5668561
-0.804924501445 , 0.171680070298 , 0.0383775564619 , -55 , 130 , -74 , 1569439068.624472
-0.784893964026 , 0.163306816307 , 0.0388186778006 , -52 , 127 , -78 , 1569439068.6694446
-0.767793881387 , 0.156925348159 , 0.0397009204778 , -51 , 131 , -81 , 1569439068.7140229
-0.750247468861 , 0.150436675987 , 0.0407302036013 , -51 , 130 , -81 , 1569439068.755204
-0.732989033465 , 0.14406590332 , 0.0410242844938 , -51 , 131 , -81 , 1569439068.8082876
-0.712788841485 , 0.136870199475 , 0.04117132494 , -51 , 134 , -85 , 1569439068.8536115
-0.692052308627 , 0.129615632586 , 0.0413183653862 , -48 , 133 , -85 , 1569439068.9037611
-0.673231446983 , 0.123039835152 , 0.0410242844938 , -48 , 134 , -81 , 1569439068.9518435
-0.652509730689 , 0.116117189376 , 0.0398479609241 , -48 , 137 , -88 , 1569439069.0016086
-0.628195933022 , 0.108754513514 , 0.037054192446 , -48 , 137 , -85 , 1569439069.0582507
-0.609981488083 , 0.102021172206 , 0.0382305160157 , -44 , 138 , -89 , 1569439069.1033647
-0.591501044729 , 0.0961578767826 , 0.0376423542308 , -48 , 141 , -93 , 1569439069.149245
-0.56945311846 , 0.0893278527023 , 0.0379364351233 , -48 , 141 , -92 , 1569439069.1977606
-0.547263418556 , 0.0826494065623 , 0.0376423542308 , -44 , 145 , -99 , 1569439069.2508025
-0.523921466905 , 0.0761756480488 , 0.0382305160157 , -48 , 148 , -107 , 1569439069.3002732
-0.502737463439 , 0.0705275939636 , 0.039112758693 , -43 , 149 , -110 , 1569439069.3534718
-0.474765221263 , 0.0635700121699 , 0.0404361227089 , -40 , 149 , -111 , 1569439069.4029517
-0.453150603295 , 0.0584050234318 , 0.0408772440476 , -37 , 149 , -114 , 1569439069.4480305
-0.431320506147 , 0.0539573159261 , 0.0414654058324 , -39 , 160 , -125 , 1569439069.5017207
-0.401154294092 , 0.0482743810457 , 0.0429358102946 , -40 , 160 , -125 , 1569439069.549653
-0.37791908118 , 0.0440714144263 , 0.0438180529718 , -36 , 156 , -122 , 1569439069.5949972
-0.354930450969 , 0.0400737263426 , 0.0444062147567 , -33 , 156 , -118 , 1569439069.6408617
-0.330972637699 , 0.036132521742 , 0.043229891187 , -31 , 164 , -144 , 1569439069.6938276
-0.297484787512 , 0.0323239039935 , 0.0464647810037 , -33 , 184 , -169 , 1569439069.7466094
-0.264068165954 , 0.0293748912502 , 0.0519052775136 , -29 , 188 , -180 , 1569439069.7954907
-0.2339215566 , 0.0273602198834 , 0.0573457740235 , -29 , 189 , -186 , 1569439069.8406518
-0.203437471631 , 0.0257242462531 , 0.0629333109797 , -29 , 193 , -183 , 1569439069.8858843
-0.172819167982 , 0.0245744642869 , 0.0674915648123 , -27 , 191 , -183 , 1569439069.9392266
-0.132973883045 , 0.0234595803895 , 0.0721968590912 , -19 , 190 , -176 , 1569439069.9974906
-0.0936185192403 , 0.0226644760158 , 0.0751376680155 , -18 , 188 , -172 , 1569439070.0461893
-0.0644192575591 , 0.0222009888431 , 0.0757258298003 , -14 , 182 , -165 , 1569439070.0907376
