0.0 , 0.0 , 0.0 , 0 , 0 , 0 , 1569348351.8641915
0.000145168468458 , -2.79376847807e-05 , -0.000147040446214 , 0 , 3 , 0 , 1569348351.917858
0.0019838129462 , -0.00108984007303 , -0.00573457740235 , 0 , 62 , 0 , 1569348351.9651341
0.00743715624521 , -0.00366348415344 , -0.0191152580078 , 0 , 84 , -64 , 1569348352.010557
0.0192302865632 , -0.00450368171578 , -0.0223501478246 , 0 , 96 , -106 , 1569348352.0516298
0.0352110632309 , -0.00413435265527 , -0.018527096223 , 0 , 99 , -129 , 1569348352.097135
0.0559960932592 , -0.00292676159525 , -0.0101457907888 , 0 , 103 , -139 , 1569348352.151279
0.0809383567778 , -0.000916760323031 , 0.00176448535457 , 0 , 107 , -146 , 1569348352.215882
0.107064598183 , 0.0014202328134 , 0.0138218019441 , 0 , 110 , -149 , 1569348352.2631865
0.133835834648 , 0.00424903422658 , 0.026761361211 , 0 , 110 , -150 , 1569348352.317393
0.154391541904 , 0.00669970733758 , 0.0367601115536 , 0 , 111 , -150 , 1569348352.358522
0.174969048418 , 0.00938548312005 , 0.0469059023423 , 0 , 110 , -151 , 1569348352.4040086
0.19830603093 , 0.0127463730316 , 0.058375057147 , 0 , 107 , -150 , 1569348352.462138
0.222808979552 , 0.0164731599718 , 0.0704323737366 , 0 , 107 , -142 , 1569348352.5065985
0.245384668105 , 0.0203344308408 , 0.0805781645254 , 7 , 102 , -141 , 1569348352.5637794
0.26796903083 , 0.0262223372619 , 0.086459782374 , 63 , 104 , -145 , 1569348352.617261
0.290804845303 , 0.0373434841585 , 0.0801370431867 , 77 , 104 , -141 , 1569348352.6622694
0.310390337624 , 0.0485578816666 , 0.0689619692745 , 81 , 100 , -137 , 1569348352.707341
0.328759791612 , 0.0592921235782 , 0.0577868953622 , 82 , 97 , -137 , 1569348352.7606425
0.350149607604 , 0.0716113732631 , 0.0449943765415 , 77 , 96 , -130 , 1569348352.805655
0.368771035028 , 0.0819023027627 , 0.0347015453066 , 78 , 94 , -134 , 1569348352.859232
0.390885425895 , 0.0934325025524 , 0.0238205522867 , 70 , 89 , -134 , 1569348352.907268
0.40949931071 , 0.102455282592 , 0.0169096513146 , 63 , 89 , -134 , 1569348352.952883
0.429140867919 , 0.111477308446 , 0.0110280334661 , 59 , 86 , -134 , 1569348353.002904
0.450138196959 , 0.12070535864 , 0.00764610320314 , 54 , 86 , -137 , 1569348353.059344
0.470781646009 , 0.129580016114 , 0.00676386052585 , 54 , 79 , -138 , 1569348353.112515
0.492106574677 , 0.13899978068 , 0.00794018409557 , 51 , 78 , -134 , 1569348353.1665838
0.516214487452 , 0.150031369378 , 0.0155862872987 , 55 , 67 , -134 , 1569348353.223382
0.534179330164 , 0.158693720837 , 0.0133806806055 , 48 , 67 , -131 , 1569348353.268236
0.550092018477 , 0.166590207291 , 0.0163214895298 , 55 , 60 , -127 , 1569348353.3213587
0.568031337251 , 0.176438990675 , 0.0194093389003 , 50 , 52 , -123 , 1569348353.3741152
0.584441994015 , 0.186230210044 , 0.0238205522867 , 59 , 48 , -120 , 1569348353.4156592
0.597587421487 , 0.195206540605 , 0.0274965634421 , 58 , 45 , -116 , 1569348353.469599
0.614684598211 , 0.207191451478 , 0.0347015453066 , 63 , 41 , -112 , 1569348353.522195
0.626238118733 , 0.217488435624 , 0.0347015453066 , 62 , 37 , -105 , 1569348353.5747364
0.639053751017 , 0.229087187737 , 0.0386716373543 , 67 , 26 , -102 , 1569348353.6297376
0.651485588869 , 0.241953841613 , 0.0429358102946 , 63 , 30 , -97 , 1569348353.6862547
0.664779802046 , 0.254940764863 , 0.0438180529718 , 58 , 30 , -90 , 1569348353.7436051
0.676226733394 , 0.265621756102 , 0.0435239720794 , 59 , 30 , -86 , 1569348353.7968512
0.686800820841 , 0.275282484281 , 0.0429358102946 , 55 , 30 , -82 , 1569348353.8418684
0.695692935336 , 0.283634094137 , 0.0420535676173 , 58 , 30 , -83 , 1569348353.8948066
0.706479683191 , 0.295468682588 , 0.043229891187 , 59 , 22 , -82 , 1569348353.9521058
0.715391173064 , 0.305557607706 , 0.0435239720794 , 59 , 22 , -79 , 1569348353.9971144
0.722848449446 , 0.314495346647 , 0.0438180529718 , 59 , 18 , -75 , 1569348354.0508614
0.732746571364 , 0.326254974201 , 0.0442591743105 , 59 , 26 , -75 , 1569348354.1147802
0.742391479516 , 0.337057169919 , 0.0414654058324 , 58 , 22 , -75 , 1569348354.1690388
0.751606212179 , 0.347254045318 , 0.0388186778006 , 59 , 22 , -71 , 1569348354.2229087
0.761125008323 , 0.357772763459 , 0.0357308284301 , 55 , 22 , -71 , 1569348354.2716804
0.76829677858 , 0.365744851638 , 0.0339663430755 , 55 , 18 , -71 , 1569348354.320815
0.776510506198 , 0.374801445157 , 0.0320548172747 , 59 , 18 , -72 , 1569348354.3742254
0.786805106837 , 0.385921038781 , 0.0323488981671 , 59 , 18 , -68 , 1569348354.4311957
0.793330786636 , 0.39521671138 , 0.0276436038883 , 59 , 18 , -68 , 1569348354.4767811
0.80066325814 , 0.404893953932 , 0.0263202398723 , 60 , 11 , -68 , 1569348354.5342119
0.807611254515 , 0.414942288793 , 0.0266143207648 , 52 , 3 , -64 , 1569348354.5782433
0.812962190493 , 0.423049794864 , 0.0283788061193 , 59 , 0 , -64 , 1569348354.6200013
0.818149738897 , 0.43130224298 , 0.0304373723663 , 56 , 0 , -69 , 1569348354.668859
0.824046549101 , 0.441152700155 , 0.0332311408444 , 59 , 0 , -69 , 1569348354.7222102
0.830515757348 , 0.451906083904 , 0.0357308284301 , 55 , 0 , -65 , 1569348354.777064
0.838102158825 , 0.464533611187 , 0.0385245969081 , 60 , 0 , -69 , 1569348354.8327174
0.843598931478 , 0.473943800231 , 0.0405831631551 , 60 , 0 , -65 , 1569348354.8825636
0.849669728262 , 0.484256162294 , 0.0427887698483 , 59 , 0 , -69 , 1569348354.9353213
0.855772085753 , 0.494444398381 , 0.0455825383264 , 59 , 0 , -69 , 1569348354.9804778
0.861162877466 , 0.503695583008 , 0.0474940641272 , 60 , 0 , -65 , 1569348355.0340133
0.867506497511 , 0.514961029753 , 0.0495526303742 , 64 , 0 , -65 , 1569348355.0864398
0.873015092211 , 0.525024425709 , 0.0507289539439 , 59 , 0 , -62 , 1569348355.1319292
0.87859999992 , 0.535266612449 , 0.0510230348363 , 64 , 0 , -61 , 1569348355.1813123
0.883170006504 , 0.54445169943 , 0.0499937517128 , 64 , 0 , -65 , 1569348355.2346778
0.888557957638 , 0.554903326937 , 0.0492585494818 , 66 , 0 , -65 , 1569348355.2790282
0.893558507006 , 0.564520336567 , 0.0486703876969 , 60 , 0 , -58 , 1569348355.332188
0.90076232879 , 0.576758819431 , 0.0516111966212 , 64 , 0 , -61 , 1569348355.394382
0.905794414868 , 0.588152786449 , 0.0474940641272 , 58 , 0 , -55 , 1569348355.4471164
0.910315312522 , 0.598017046034 , 0.0448473360953 , 60 , 0 , -57 , 1569348355.5002027
0.915694862032 , 0.608745642743 , 0.0426417294021 , 55 , 0 , -53 , 1569348355.5581398
0.921088533901 , 0.619685646507 , 0.0402890822627 , 59 , 0 , -46 , 1569348355.6243193
0.925752329709 , 0.630135105732 , 0.0360249093225 , 63 , 0 , -50 , 1569348355.6683044
0.930066674074 , 0.639404195254 , 0.0319077768285 , 63 , 0 , -50 , 1569348355.7263172
0.934733633337 , 0.649420183246 , 0.0282317656731 , 59 , 0 , -46 , 1569348355.7708373
0.938341162188 , 0.657096188012 , 0.0248498354102 , 56 , 0 , -46 , 1569348355.8151548
0.941974630072 , 0.664759948494 , 0.0223501478246 , 60 , 0 , -54 , 1569348355.8566325
0.946652836196 , 0.674170097643 , 0.0201445411313 , 67 , 0 , -50 , 1569348355.9100142
0.950493332508 , 0.682937856343 , 0.0155862872987 , 64 , 0 , -46 , 1569348355.9549444
0.954795708719 , 0.692560768729 , 0.0107339525736 , 64 , 0 , -50 , 1569348356.013092
0.959192214763 , 0.702247018968 , 0.00588161784857 , 60 , 0 , -46 , 1569348356.0612547
0.96277584766 , 0.710006969311 , 0.002058566247 , 60 , 0 , -46 , 1569348356.1064808
0.96662917004 , 0.718675602274 , -0.0030878493705 , 63 , 0 , -42 , 1569348356.1601074
0.971449813923 , 0.728411015277 , -0.00691090097207 , 60 , 0 , -46 , 1569348356.2131743
0.975630204797 , 0.738132609382 , -0.0138218019441 , 59 , 0 , -42 , 1569348356.2707155
0.979814236077 , 0.746736284473 , -0.0180859748843 , 37 , 0 , -42 , 1569348356.316362
0.98398742301 , 0.752696327092 , -0.0141158828366 , 60 , -3 , -46 , 1569348356.3688872
0.987675152225 , 0.76024407549 , -0.016468529976 , 68 , 0 , -42 , 1569348356.4177012
0.991649687281 , 0.769427242628 , -0.0224971882708 , 67 , -3 , -45 , 1569348356.4712238
0.995354083698 , 0.781332190485 , -0.0260261589799 , 66 , -45 , -48 , 1569348356.5205367
0.995728554804 , 0.79199825331 , -0.0197034197927 , 70 , -56 , -45 , 1569348356.5739648
0.994738182393 , 0.805598120391 , -0.00867538632664 , 71 , -67 , -49 , 1569348356.6268299
0.993159738399 , 0.818882714013 , 0.00426417294021 , 67 , -67 , -48 , 1569348356.6757436
0.991409296293 , 0.832201646579 , 0.0166155704222 , 74 , -60 , -45 , 1569348356.7296197
0.989716438803 , 0.846703117883 , 0.0264672803186 , 70 , -52 , -48 , 1569348356.7742689
0.988890819607 , 0.857776407684 , 0.0327900195058 , 70 , -49 , -45 , 1569348356.8191009
0.988252591769 , 0.868377502708 , 0.0379364351233 , 67 , -45 , -41 , 1569348356.8687537
0.987758144668 , 0.880128970123 , 0.0424946889559 , 62 , -34 , -38 , 1569348356.921518
0.987783480184 , 0.890923737871 , 0.0449943765415 , 63 , -26 , -37 , 1569348356.9670546
0.988193688519 , 0.901177759193 , 0.0458766192188 , 58 , -26 , -41 , 1569348357.024013
0.989425574622 , 0.911274506244 , 0.0444062147567 , 59 , 0 , -38 , 1569348357.0732517
0.992236631654 , 0.919956784105 , 0.0395538800316 , 59 , -3 , -38 , 1569348357.118511
0.994747161843 , 0.927493378344 , 0.034995626199 , 63 , 0 , -42 , 1569348357.1678061
0.997971475091 , 0.936356114026 , 0.0289669679042 , 59 , -3 , -42 , 1569348357.2210367
1.00179884214 , 0.946277255149 , 0.0227912691632 , 59 , 0 , -38 , 1569348357.2699788
1.00472815496 , 0.953665604365 , 0.0180859748843 , 68 , -3 , -38 , 1569348357.3225887
1.0081325636 , 0.963451087746 , 0.0105869121274 , 59 , -18 , -37 , 1569348357.3685224
1.00930484702 , 0.971565881721 , 0.0104398716812 , 59 , -49 , -37 , 1569348357.413907
1.00808316003 , 0.981974451336 , 0.0167626108684 , 42 , -53 , -21 , 1569348357.4666965
1.00643204003 , 0.99097191178 , 0.0214679051473 , 37 , -26 , -18 , 1569348357.5200393
1.00549386278 , 0.996344983889 , 0.0251439163026 , 23 , -21 , -5 , 1569348357.5733669
1.00427519561 , 1.00053425965 , 0.0270554421034 , 19 , -3 , -3 , 1569348357.6344423
1.0042978733 , 1.00327376883 , 0.0238205522867 , 11 , 0 , -3 , 1569348357.6789002
1.00447673693 , 1.00389283375 , 0.0230853500556 , 3 , 0 , 0 , 1569348357.7283676
1.00456575139 , 1.00423023062 , 0.022644228717 , 0 , 0 , 0 , 1569348357.777713
1.00465744497 , 1.00445586609 , 0.0224971882708 , 0 , 0 , 0 , 1569348357.8225722
1.00479943438 , 1.00459878478 , 0.0227912691632 , 0 , -3 , 0 , 1569348357.8718588
1.00450025932 , 1.00498319421 , 0.0239675927329 , 35 , -3 , 0 , 1569348357.9370878
1.00441723699 , 1.00844647215 , 0.0166155704222 , 60 , -3 , 0 , 1569348357.9906743
1.00224776192 , 1.01668111811 , 0.004117132494 , 71 , -53 , 0 , 1569348358.0522187
0.996293914239 , 1.02889341484 , -0.000294080892428 , 70 , -59 , 0 , 1569348358.1051419
0.990829278914 , 1.04037741083 , -0.002058566247 , 67 , -57 , -7 , 1569348358.1546102
0.98664303949 , 1.05186844126 , -0.000735202231071 , 66 , -60 , -49 , 1569348358.207952
0.985540864952 , 1.06653654006 , 0.0129395592669 , 62 , -52 , -64 , 1569348358.260847
0.986452795297 , 1.07833903073 , 0.0264672803186 , 59 , -45 , -71 , 1569348358.3146544
0.988976601514 , 1.09271495082 , 0.0444062147567 , 59 , -39 , -71 , 1569348358.3754044
0.991747868257 , 1.1066529281 , 0.0605806638403 , 54 , -34 , -64 , 1569348358.4289973
0.994394078857 , 1.11977235421 , 0.0757258298003 , 51 , -30 , -56 , 1569348358.4910684
0.995964328712 , 1.13297588695 , 0.083077852111 , 55 , -26 , -45 , 1569348358.5474966
0.996613499714 , 1.14267376803 , 0.0882242677285 , 48 , -26 , -34 , 1569348358.5930932
0.996700399584 , 1.15047845541 , 0.0902828339755 , 52 , -21 , -17 , 1569348358.6541834
0.995843316557 , 1.15887254826 , 0.0857245801429 , 46 , -23 , -5 , 1569348358.6989555
0.993911755264 , 1.16495962478 , 0.0819015285413 , 46 , -29 , -5 , 1569348358.749352
0.99139275367 , 1.17139635284 , 0.0783725578322 , 53 , -30 , -3 , 1569348358.7936394
0.988784569478 , 1.17741278577 , 0.0744024657844 , 52 , -30 , 0 , 1569348358.8383212
0.985906604446 , 1.18347366492 , 0.0694030906131 , 52 , -30 , 0 , 1569348358.883508
0.981911561985 , 1.19140144637 , 0.0644037154418 , 63 , -42 , 0 , 1569348358.9326854
0.978167340382 , 1.19908276097 , 0.0592572998243 , 63 , -42 , 0 , 1569348358.978361
0.973996844909 , 1.20809897219 , 0.0519052775136 , 64 , -38 , 0 , 1569348359.0353456
0.97010923761 , 1.21670924227 , 0.0448473360953 , 64 , -34 , 0 , 1569348359.0793583
0.967009369542 , 1.22426072416 , 0.0389657182468 , 63 , -34 , -3 , 1569348359.1203778
0.96394961642 , 1.2319419735 , 0.0327900195058 , 64 , -37 , -3 , 1569348359.1658065
0.960736577209 , 1.23985900805 , 0.0264672803186 , 67 , -38 , 0 , 1569348359.2104397
0.956808885654 , 1.24925716929 , 0.0191152580078 , 67 , -42 , 0 , 1569348359.2596786
0.953407715104 , 1.25754704123 , 0.0127925188206 , 70 , -41 , -3 , 1569348359.3054078
0.949507129958 , 1.2673878899 , 0.00573457740235 , 71 , -42 , 0 , 1569348359.3541281
0.946070897148 , 1.27591725646 , -0.000441121338643 , 67 , -45 , 0 , 1569348359.4032757
0.942155649925 , 1.28566923649 , -0.00646977963343 , 67 , -45 , -3 , 1569348359.4485152
0.938870166104 , 1.29393228265 , -0.0107339525736 , 67 , -49 , 0 , 1569348359.4979224
0.934958126831 , 1.30366921103 , -0.0148510850676 , 58 , -49 , -37 , 1569348359.55096
0.933622099502 , 1.3147256565 , -0.00838130543421 , 59 , -49 , -64 , 1569348359.5960789
0.934928498831 , 1.326253376 , 0.00558753695614 , 62 , -56 , -79 , 1569348359.6411371
0.937075080767 , 1.34045793565 , 0.0251439163026 , 63 , -52 , -78 , 1569348359.690307
0.938757097928 , 1.35248929347 , 0.0414654058324 , 63 , -52 , -74 , 1569348359.7353847
0.939718810053 , 1.36432903986 , 0.0563164909 , 66 , -56 , -64 , 1569348359.7807643
0.939787325115 , 1.37686885919 , 0.0705794141828 , 63 , -52 , -52 , 1569348359.83331
0.938646589493 , 1.38888741591 , 0.0820485689875 , 66 , -56 , -37 , 1569348359.8787887
0.935999280643 , 1.40041512186 , 0.0898417126369 , 67 , -56 , -22 , 1569348359.927387
0.932468777792 , 1.40994291542 , 0.093370683346 , 67 , -60 , -7 , 1569348359.9727724
0.928084342791 , 1.41887629402 , 0.0942529260233 , 66 , -60 , -7 , 1569348360.017857
0.923057868903 , 1.42783003875 , 0.0938118046847 , 63 , -57 , 7 , 1569348360.066822
0.916944052934 , 1.43702005527 , 0.0924884406687 , 63 , -56 , 0 , 1569348360.1203876
0.910583429076 , 1.44639053705 , 0.0904298744217 , 60 , -49 , 0 , 1569348360.1651218
0.906412494437 , 1.45434386344 , 0.0842541756807 , 64 , -45 , 0 , 1569348360.2145312
0.901859146909 , 1.46225830811 , 0.0801370431867 , 60 , -53 , 0 , 1569348360.2664676
0.896045346347 , 1.47118066434 , 0.0786666387246 , 63 , -57 , 0 , 1569348360.3169572
0.8898740602 , 1.48050270983 , 0.0776373556011 , 59 , -64 , 0 , 1569348360.3704157
0.882555669835 , 1.49097409036 , 0.078225517386 , 60 , -64 , 0 , 1569348360.4274273
0.875989465077 , 1.50043571926 , 0.0785195982784 , 56 , -64 , 3 , 1569348360.4682095
0.870396154447 , 1.50798247824 , 0.0794018409557 , 58 , -57 , 0 , 1569348360.5217264
0.863836552085 , 1.51721357931 , 0.0794018409557 , 59 , -57 , 3 , 1569348360.5747395
0.857935569128 , 1.52548815068 , 0.0785195982784 , 56 , -56 , 0 , 1569348360.615866
0.853002254702 , 1.53266647862 , 0.0776373556011 , 59 , -53 , 0 , 1569348360.668773
0.8456665297 , 1.54336068738 , 0.0754317489079 , 63 , -61 , 3 , 1569348360.722151
0.840318859879 , 1.55119363904 , 0.074108384892 , 67 , -61 , 0 , 1569348360.771726
0.834148759505 , 1.56110093792 , 0.0711675759677 , 64 , -61 , 0 , 1569348360.8207202
0.827935126196 , 1.57068505373 , 0.0691090097207 , 66 , -60 , 3 , 1569348360.8653808
0.82149407805 , 1.58034884594 , 0.0670504434737 , 63 , -60 , 0 , 1569348360.9148393
0.815342418338 , 1.5896239639 , 0.0654329985653 , 63 , -57 , 0 , 1569348360.972143
0.809112850269 , 1.59884693589 , 0.0644037154418 , 62 , -60 , 30 , 1569348361.0258582
0.79882570013 , 1.60798199161 , 0.0554342482228 , 55 , -60 , 45 , 1569348361.0875518
0.78714259239 , 1.6150283661 , 0.04117132494 , 63 , -67 , 52 , 1569348361.1359258
0.776101054137 , 1.62206716409 , 0.0276436038883 , 59 , -67 , 48 , 1569348361.1851957
0.766881931816 , 1.62810063101 , 0.0174978130995 , 59 , -64 , 37 , 1569348361.238724
0.755554624457 , 1.63653647399 , 0.00691090097207 , 55 , -64 , 33 , 1569348361.2876716
0.748196821678 , 1.64388928741 , 0.00352897070914 , 55 , -61 , 22 , 1569348361.3412077
0.739357060014 , 1.65318933684 , -0.00161744490836 , 55 , -60 , 15 , 1569348361.3991184
0.73167927324 , 1.66317552176 , -0.00249968758564 , 55 , -64 , 7 , 1569348361.4473562
0.725603446578 , 1.67168379217 , -0.00235264713943 , 52 , -68 , 5 , 1569348361.4961154
0.719380477854 , 1.67988419694 , 0.00191152580078 , 53 , -64 , 0 , 1569348361.5419362
0.713993713894 , 1.68800378111 , 0.00499937517128 , 51 , -69 , 0 , 1569348361.590601
0.707899989763 , 1.696997301 , 0.00882242677285 , 52 , -69 , 0 , 1569348361.6356552
0.702460198945 , 1.70474422501 , 0.0127925188206 , 52 , -68 , 0 , 1569348361.6771877
0.696203375551 , 1.71340939101 , 0.0177918939919 , 37 , -68 , 0 , 1569348361.7256038
0.690882706509 , 1.71867960083 , 0.0274965634421 , 43 , -73 , 0 , 1569348361.7752318
0.684314883428 , 1.72691138581 , 0.0342604239679 , 48 , -68 , 0 , 1569348361.8283684
0.676725780081 , 1.73643520932 , 0.04117132494 , 44 , -68 , 0 , 1569348361.8775659
0.66959132213 , 1.74503302692 , 0.0469059023423 , 56 , -68 , 0 , 1569348361.934475
0.663032118491 , 1.75370300712 , 0.0504348730515 , 52 , -68 , 0 , 1569348361.9839845
0.656246230944 , 1.76239583253 , 0.0546990459917 , 51 , -69 , 0 , 1569348362.0369985
0.648536268182 , 1.77221419235 , 0.060433623394 , 52 , -68 , 0 , 1569348362.0903392
0.640543808728 , 1.78172258459 , 0.0661682007964 , 47 , -68 , 45 , 1569348362.1557753
0.628639042004 , 1.78866142766 , 0.0608747447327 , 48 , -68 , 60 , 1569348362.2006187
0.618063931557 , 1.79274710464 , 0.0517582370674 , 48 , -68 , 67 , 1569348362.2457201
0.606674007078 , 1.79654915346 , 0.0408772440476 , 39 , -68 , 67 , 1569348362.2957003
0.594113974337 , 1.80050921455 , 0.0304373723663 , 43 , -68 , 60 , 1569348362.348449
0.580552202021 , 1.80549077409 , 0.0204386220238 , 40 , -71 , 52 , 1569348362.397766
0.568730197781 , 1.81083781919 , 0.0132336401593 , 40 , -72 , 45 , 1569348362.450925
0.55771453474 , 1.81678298198 , 0.008234264988 , 48 , -71 , 41 , 1569348362.5042653
0.547450638328 , 1.82326404293 , 0.00397009204778 , 47 , -71 , 34 , 1569348362.5609605
0.538226760762 , 1.83077065743 , 0.00441121338643 , 29 , -75 , 26 , 1569348362.6023788
0.530272475894 , 1.83492626265 , 0.00970466945014 , 39 , -75 , 26 , 1569348362.6561904
0.520133106441 , 1.84253902445 , 0.0127925188206 , 39 , -72 , 22 , 1569348362.7149944
0.510062045992 , 1.85051277476 , 0.0161744490836 , 44 , -75 , 22 , 1569348362.7616434
0.502266552028 , 1.85672936003 , 0.0186741366692 , 40 , -71 , 26 , 1569348362.8068962
0.494408726907 , 1.86284173758 , 0.0211738242548 , 41 , -74 , 22 , 1569348362.8567402
0.483544919386 , 1.8707433639 , 0.0238205522867 , 39 , -75 , 30 , 1569348362.917538
0.472525090622 , 1.87819380497 , 0.024702794964 , 39 , -75 , 30 , 1569348362.9748847
0.462665207023 , 1.88543977332 , 0.0279376847807 , 39 , -72 , 33 , 1569348363.0282624
0.451538346807 , 1.8921159815 , 0.0276436038883 , 39 , -75 , 37 , 1569348363.090439
0.440032660004 , 1.89856134559 , 0.0274965634421 , 33 , -72 , 37 , 1569348363.1347165
0.431095453706 , 1.90317853658 , 0.0279376847807 , 29 , -75 , 37 , 1569348363.1798754
0.421529734891 , 1.90769043209 , 0.028819927458 , 35 , -75 , 41 , 1569348363.2329564
0.40916514632 , 1.91342693232 , 0.0291140083504 , 35 , -75 , 45 , 1569348363.2902648
0.395977411843 , 1.91910792385 , 0.0292610487966 , 31 , -79 , 45 , 1569348363.3473544
0.383533173295 , 1.92416592039 , 0.0295551296891 , 29 , -76 , 45 , 1569348363.3932705
0.371889411312 , 1.92829366983 , 0.0301432914739 , 29 , -79 , 49 , 1569348363.446261
0.360098963042 , 1.93238226995 , 0.0305844128126 , 27 , -79 , 56 , 1569348363.5033314
0.345771131877 , 1.93705891339 , 0.0297021701353 , 31 , -87 , 56 , 1569348363.5622735
0.330863695719 , 1.94184265234 , 0.0294080892428 , 29 , -82 , 56 , 1569348363.6094782
0.319769846025 , 1.94540132735 , 0.0295551296891 , 25 , -83 , 56 , 1569348363.654449
0.308632883896 , 1.94876146274 , 0.0295551296891 , 29 , -82 , 60 , 1569348363.6953444
0.297008935873 , 1.95221900057 , 0.0297021701353 , 25 , -86 , 56 , 1569348363.7409012
0.285579611537 , 1.9556247267 , 0.0299962510277 , 26 , -83 , 56 , 1569348363.7862039
0.274149286137 , 1.95902709153 , 0.0307314532588 , 15 , -83 , 56 , 1569348363.839325
0.259537998966 , 1.96187612816 , 0.0348485857528 , 19 , -90 , 60 , 1569348363.896812
0.243470806775 , 1.96581668232 , 0.0355837879838 , 25 , -90 , 63 , 1569348363.945575
0.231163116661 , 1.96878909969 , 0.0358778688763 , 25 , -86 , 60 , 1569348363.9908586
0.216560665833 , 1.97226263155 , 0.0361719497687 , 27 , -105 , 85 , 1569348364.0484393
0.198971132369 , 1.97528833849 , 0.0338193026293 , 27 , -120 , 103 , 1569348364.1024516
0.171976344121 , 1.97893149344 , 0.0322018577209 , 23 , -132 , 114 , 1569348364.1672316
0.145995040831 , 1.9829023322 , 0.0292610487966 , 22 , -135 , 111 , 1569348364.2158628
0.12611984904 , 1.98547890757 , 0.0282317656731 , 23 , -128 , 107 , 1569348364.2698457
0.101051992043 , 1.98862794707 , 0.0277906443345 , 15 , -120 , 100 , 1569348364.3268964
0.0779343322915 , 1.99133914417 , 0.0286728870118 , 14 , -108 , 89 , 1569348364.3763697
0.0581450714753 , 1.99267211714 , 0.026761361211 , 0 , -110 , 96 , 1569348364.4338748
0.0400476827214 , 1.99422787224 , 0.0304373723663 , 11 , -119 , 104 , 1569348364.4829495
0.0179717952713 , 1.99581973377 , 0.0344074644141 , 0 , -119 , 110 , 1569348364.527249
-0.00263761491603 , 1.99533397009 , 0.032937059952 , 0 , -120 , 113 , 1569348364.5811925
-0.0248740647722 , 1.99574736852 , 0.0376423542308 , 0 , -110 , 112 , 1569348364.6336355
-0.0431113390123 , 1.99525625259 , 0.0386716373543 , 0 , -109 , 103 , 1569348364.6745634
-0.0595944173826 , 1.99447871407 , 0.0379364351233 , 0 , -96 , 98 , 1569348364.724061
-0.0775265839393 , 1.99360240046 , 0.0369071519998 , 0 , -91 , 99 , 1569348364.7840943
-0.0994186937792 , 1.99243062058 , 0.034995626199 , 0 , -84 , 91 , 1569348364.8303149
-0.113526088334 , 1.99154535461 , 0.032937059952 , 0 , -77 , 87 , 1569348364.8753521
-0.12666801049 , 1.9907210019 , 0.030878493705 , 0 , -73 , 83 , 1569348364.925008
-0.140629518277 , 1.98975868532 , 0.0280847252269 , 0 , -69 , 79 , 1569348364.9779093
-0.156041634201 , 1.9886829062 , 0.024702794964 , 0 , -65 , 76 , 1569348365.0308592
-0.168749695676 , 1.98778204726 , 0.0216149455935 , 0 , -65 , 72 , 1569348365.0761733
-0.181217983525 , 1.98689773124 , 0.0183800557768 , 0 , -61 , 76 , 1569348365.1256647
-0.195284109825 , 1.98594060583 , 0.0147040446214 , 0 , -61 , 72 , 1569348365.1823826
-0.205436588459 , 1.98523249846 , 0.0117632356971 , 0 , -57 , 68 , 1569348365.2269971
-0.215444961282 , 1.98447215097 , 0.00838130543421 , 0 , -57 , 72 , 1569348365.2688503
-0.225455848307 , 1.98374565539 , 0.00499937517128 , 0 , -53 , 68 , 1569348365.3140335
-0.235662411234 , 1.98299617768 , 0.00132336401593 , 0 , -58 , 65 , 1569348365.3629923
-0.246791244636 , 1.98242269599 , -0.00117632356971 , 0 , -54 , 68 , 1569348365.4165452
-0.259663694391 , 1.98171145785 , -0.00499937517128 , 0 , -53 , 68 , 1569348365.4689307
-0.272733721413 , 1.98077103115 , -0.00985170989635 , 0 , -53 , 72 , 1569348365.5220814
-0.282516731291 , 1.97997336434 , -0.0136747614979 , 0 , -53 , 68 , 1569348365.5673256
-0.292016229692 , 1.97892978333 , -0.0172037322071 , -41 , -49 , 67 , 1569348365.6122575
-0.303053486267 , 1.97314013467 , -0.010292831235 , -66 , -49 , 71 , 1569348365.6703289
-0.315828628898 , 1.96377231569 , 0.00367601115536 , -70 , -45 , 67 , 1569348365.7188773
-0.326730072765 , 1.95434511617 , 0.0177918939919 , -74 , -45 , 67 , 1569348365.772106
-0.335296649413 , 1.9462012418 , 0.0299962510277 , -67 , -41 , 67 , 1569348365.8171742
-0.345482652368 , 1.93717512763 , 0.0414654058324 , -63 , -45 , 71 , 1569348365.8666027
-0.356026233474 , 1.92865674602 , 0.0510230348363 , -52 , -45 , 71 , 1569348365.9154592
-0.365140712238 , 1.92212091612 , 0.0566105717925 , -44 , -45 , 75 , 1569348365.9607892
-0.374396660835 , 1.91611179889 , 0.0599925020554 , -37 , -45 , 75 , 1569348366.0077891
-0.385227889567 , 1.91000355876 , 0.0613158660713 , -30 , -45 , 79 , 1569348366.0546114
-0.394684242362 , 1.90530843468 , 0.0608747447327 , -26 , -48 , 75 , 1569348366.0994763
-0.404123259535 , 1.90109448724 , 0.0594043402705 , -22 , -45 , 75 , 1569348366.1406045
-0.413638329213 , 1.89725409993 , 0.0571987335773 , -14 , -45 , 75 , 1569348366.1860325
-0.423071613934 , 1.89355180905 , 0.054257924653 , -18 , -45 , 78 , 1569348366.2309134
-0.43423399228 , 1.88939225152 , 0.0510230348363 , -22 , -45 , 75 , 1569348366.2803435
-0.443748261644 , 1.88594112937 , 0.0495526303742 , -15 , -48 , 75 , 1569348366.333168
-0.454562717443 , 1.88126494665 , 0.0454354978802 , -18 , -30 , 67 , 1569348366.3783784
-0.462181693682 , 1.87731085174 , 0.0405831631551 , -22 , -41 , 71 , 1569348366.4235182
-0.4707935606 , 1.87352199596 , 0.0383775564619 , -23 , -45 , 75 , 1569348366.4737813
-0.483271470436 , 1.86806631676 , 0.0369071519998 , -29 , -49 , 71 , 1569348366.5261896
-0.492469238522 , 1.86406436839 , 0.0374953137846 , -27 , -45 , 71 , 1569348366.5792935
-0.503894419937 , 1.85882711513 , 0.0377893946771 , -31 , -45 , 75 , 1569348366.6326792
-0.514744134352 , 1.85377594669 , 0.0385245969081 , -33 , -37 , 71 , 1569348366.6778102
-0.524700399273 , 1.84824784472 , 0.0388186778006 , -33 , -34 , 67 , 1569348366.7265813
-0.533221794704 , 1.84321981958 , 0.0388186778006 , -35 , -38 , 67 , 1569348366.77993
-0.542088813615 , 1.83711593865 , 0.0385245969081 , -26 , -26 , 68 , 1569348366.8244286
-0.549255702285 , 1.8333448968 , 0.0324959386133 , -33 , -34 , 68 , 1569348366.8657062
-0.556985623344 , 1.82836965458 , 0.0314666554898 , -33 , -30 , 68 , 1569348366.910901
-0.564998549003 , 1.82300230288 , 0.0310255341512 , -33 , -34 , 68 , 1569348366.9661012
-0.575487285193 , 1.81622006728 , 0.0314666554898 , -41 , -33 , 68 , 1569348367.0135634
-0.583734127884 , 1.81059378887 , 0.0319077768285 , -37 , -33 , 68 , 1569348367.058197
-0.591744685111 , 1.80522290301 , 0.0327900195058 , -37 , -33 , 71 , 1569348367.0991747
-0.599598998971 , 1.79965425255 , 0.0330841003982 , -41 , -30 , 68 , 1569348367.1442807
-0.607491720746 , 1.79383039033 , 0.0338193026293 , -43 , -30 , 71 , 1569348367.1933236
-0.616552362695 , 1.78687087559 , 0.0341133835217 , -52 , -30 , 75 , 1569348367.2386136
-0.625443957709 , 1.77927145492 , 0.0319077768285 , -44 , -26 , 71 , 1569348367.2875135
-0.633590932569 , 1.7721072924 , 0.0348485857528 , -41 , -22 , 71 , 1569348367.3327327
-0.641114403947 , 1.76569497923 , 0.0347015453066 , -43 , -22 , 71 , 1569348367.3819494
-0.649525678453 , 1.75833048563 , 0.0332311408444 , -43 , -26 , 68 , 1569348367.4359684
-0.659274083395 , 1.75009568338 , 0.0322018577209 , -44 , -26 , 71 , 1569348367.484919
-0.666947899891 , 1.74333562973 , 0.0314666554898 , -41 , -26 , 68 , 1569348367.5335634
-0.674964364104 , 1.73654263904 , 0.0305844128126 , -43 , -22 , 64 , 1569348367.590674
-0.683497495603 , 1.72904233091 , 0.0299962510277 , -44 , -18 , 68 , 1569348367.6359184
-0.690420698902 , 1.72260169085 , 0.0307314532588 , -47 , -18 , 64 , 1569348367.6889799
-0.699357982163 , 1.71410938921 , 0.0311725745974 , -43 , -18 , 67 , 1569348367.7513144
-0.709222266594 , 1.70441016965 , 0.0316136959361 , -44 , -15 , 61 , 1569348367.8083122
-0.716345962691 , 1.69697336217 , 0.0316136959361 , -52 , -22 , 64 , 1569348367.8525846
-0.723107462161 , 1.69033065511 , 0.0344074644141 , -48 , -15 , 64 , 1569348367.8979409
-0.729412246218 , 1.68360030218 , 0.0358778688763 , -48 , -18 , 56 , 1569348367.9389555
-0.735030110238 , 1.67688498629 , 0.0369071519998 , -51 , -18 , 60 , 1569348367.9929476
-0.742546362351 , 1.6679967861 , 0.0374953137846 , -47 , -18 , 64 , 1569348368.0496447
-0.74935614089 , 1.6597734911 , 0.037054192446 , -48 , -15 , 64 , 1569348368.0947657
-0.755381643645 , 1.65250498617 , 0.0348485857528 , -43 , -7 , 61 , 1569348368.1444817
-0.762296255867 , 1.64390548154 , 0.0283788061193 , -49 , 0 , 65 , 1569348368.197177
-0.767339486987 , 1.63568507902 , 0.0255850376413 , -53 , 0 , 65 , 1569348368.238388
-0.772323211166 , 1.62803984483 , 0.0217619860397 , -49 , 0 , 69 , 1569348368.282903
-0.777429235453 , 1.62024402714 , 0.0179389344381 , -52 , 0 , 69 , 1569348368.3276143
-0.782466258177 , 1.61235779023 , 0.0148510850676 , -52 , 0 , 61 , 1569348368.3688362
-0.787193483074 , 1.60479945537 , 0.0124984379282 , -49 , 0 , 61 , 1569348368.4138074
-0.791843800557 , 1.59742108548 , 0.0101457907888 , -53 , 0 , 58 , 1569348368.4546618
-0.796558433629 , 1.58991350438 , 0.00794018409557 , -53 , 0 , 61 , 1569348368.5000854
-0.802244507248 , 1.58078832118 , 0.00558753695614 , -56 , 0 , 65 , 1569348368.5493746
-0.80737542729 , 1.57240615353 , 0.00397009204778 , -56 , 0 , 57 , 1569348368.594387
-0.812856292853 , 1.56344426429 , 0.00455825383264 , -56 , 0 , 57 , 1569348368.6429408
-0.81741771689 , 1.55562877698 , 0.00455825383264 , -56 , 0 , 57 , 1569348368.6884174
-0.82275132717 , 1.54736276223 , 0.0030878493705 , -45 , 0 , 54 , 1569348368.73761
-0.827426365285 , 1.54128581987 , -0.000588161784857 , -52 , 0 , 60 , 1569348368.7825594
-0.83246340652 , 1.53357798014 , -0.00191152580078 , -60 , -3 , 61 , 1569348368.8233943
-0.837317513242 , 1.52565294192 , -0.00220560669321 , -56 , -3 , 60 , 1569348368.8685603
-0.843140628642 , 1.51823434322 , 0.00191152580078 , -56 , -45 , 56 , 1569348368.9136841
-0.851403414037 , 1.51204430906 , 0.0139688423904 , -56 , -56 , 52 , 1569348368.9588523
-0.860372926613 , 1.50630298464 , 0.0294080892428 , -62 , -49 , 52 , 1569348369.0078418
-0.86959696378 , 1.49896035333 , 0.0451414169878 , -63 , -42 , 57 , 1569348369.0571332
-0.877955283488 , 1.49097599112 , 0.0580809762546 , -67 , -31 , 60 , 1569348369.1105602
-0.885448951455 , 1.48147316245 , 0.0669034030275 , -64 , -22 , 56 , 1569348369.1555247
-0.89091285931 , 1.47326697046 , 0.0711675759677 , -63 , -3 , 61 , 1569348369.2007334
-0.896483141905 , 1.46429924958 , 0.0746965466768 , -68 , -7 , 60 , 1569348369.2461321
-0.901354820569 , 1.45482953655 , 0.0785195982784 , -64 , -3 , 60 , 1569348369.2904568
-0.905723166814 , 1.44619071651 , 0.0804311240792 , -61 , -3 , 61 , 1569348369.3359363
-0.91038563419 , 1.43597696645 , 0.0808722454178 , -59 , 0 , 61 , 1569348369.3932457
-0.916709374141 , 1.42355198311 , 0.0779314364935 , -53 , 0 , 58 , 1569348369.4502401
-0.920780294799 , 1.41477121999 , 0.0785195982784 , -53 , 3 , 57 , 1569348369.4953136
-0.924091735102 , 1.40627160681 , 0.0816074476489 , -53 , 0 , 57 , 1569348369.546387
-0.928203629919 , 1.39777828552 , 0.0811663263102 , -53 , 0 , 54 , 1569348369.593563
-0.931946357253 , 1.39007392262 , 0.0807252049716 , -49 , 0 , 54 , 1569348369.6344385
-0.935765495785 , 1.38267362321 , 0.0792548005095 , -49 , 0 , 54 , 1569348369.6798074
-0.939531790874 , 1.37508782865 , 0.0780784769397 , -52 , 0 , 54 , 1569348369.7289128
-0.944004789829 , 1.36649909288 , 0.0754317489079 , -49 , 3 , 61 , 1569348369.7827911
-0.947828845301 , 1.35674022313 , 0.0773432747087 , -60 , 0 , 57 , 1569348369.8320253
-0.951624095343 , 1.34809570578 , 0.0767551129238 , -60 , 0 , 57 , 1569348369.8841753
-0.955942385343 , 1.33798455879 , 0.0770491938162 , -60 , 3 , 57 , 1569348369.9250572
-0.959538591914 , 1.32924463746 , 0.0785195982784 , -67 , 0 , 57 , 1569348369.974294
-0.96279749765 , 1.31884352379 , 0.078225517386 , -63 , 49 , 52 , 1569348370.0195072
-0.96216520969 , 1.30830024764 , 0.0685208479358 , -59 , 60 , 49 , 1569348370.0645278
-0.960053093662 , 1.295899676 , 0.054257924653 , -56 , 60 , 45 , 1569348370.1138637
-0.958142626084 , 1.28570721593 , 0.0416124462786 , -55 , 60 , 45 , 1569348370.1669335
-0.95623800104 , 1.27253258166 , 0.0266143207648 , -59 , 49 , 49 , 1569348370.2162716
-0.955647411212 , 1.26125748033 , 0.0152922064063 , -60 , 45 , 49 , 1569348370.26541
-0.955985142959 , 1.25169650977 , 0.00779314364935 , -54 , 34 , 48 , 1569348370.318453
-0.957211716192 , 1.24143350904 , 0.0010292831235 , -56 , 22 , 49 , 1569348370.3635871
-0.958896691936 , 1.23302252715 , -0.000882242677285 , -53 , 11 , 49 , 1569348370.4008355
-0.961322179536 , 1.22620786928 , -0.00191152580078 , -57 , 11 , 49 , 1569348370.446951
-0.965113001121 , 1.21761029291 , -0.00264672803186 , -56 , 0 , 53 , 1569348370.4905326
-0.969489039837 , 1.20968754485 , -0.00294080892428 , -60 , 0 , 50 , 1569348370.5393279
-0.97309531595 , 1.20103743052 , 0.00220560669321 , -63 , 0 , 46 , 1569348370.5844364
-0.976561974021 , 1.19315133815 , 0.006175698741 , -63 , 0 , 42 , 1569348370.6255372
-0.979948390174 , 1.1851680324 , 0.0110280334661 , -64 , 0 , 42 , 1569348370.6704152
-0.983294796574 , 1.17705664472 , 0.0166155704222 , -68 , 0 , 42 , 1569348370.7116342
-0.986545124588 , 1.16878782044 , 0.0227912691632 , -68 , 0 , 46 , 1569348370.7567232
-0.989694038214 , 1.16041639239 , 0.0294080892428 , -72 , 0 , 42 , 1569348370.7976763
-0.992784205175 , 1.15191260954 , 0.0363189902149 , -72 , 0 , 42 , 1569348370.8432655
-0.995893985149 , 1.14288161326 , 0.0436710125256 , -71 , 0 , 41 , 1569348370.887768
-0.998713864009 , 1.13425722654 , 0.050140792159 , -72 , 0 , 46 , 1569348370.9326615
-1.0010520505 , 1.12485290657 , 0.060433623394 , -72 , 0 , 42 , 1569348370.9820876
-1.00373372213 , 1.11629401189 , 0.0674915648123 , -71 , 26 , 37 , 1569348371.0270553
-1.00384674686 , 1.10648586968 , 0.0676386052585 , -71 , 56 , 41 , 1569348371.0717413
-1.00176986071 , 1.0958739038 , 0.0619040278562 , -74 , 71 , 45 , 1569348371.1127605
-0.998870500233 , 1.08351351288 , 0.0524934392985 , -93 , 86 , 56 , 1569348371.1579268
-0.995706712985 , 1.06848865565 , 0.0419065271711 , -101 , 86 , 59 , 1569348371.207059
-0.992420185734 , 1.05017138869 , 0.0304373723663 , -104 , 81 , 59 , 1569348371.2521667
-0.990185844299 , 1.03402805121 , 0.0214679051473 , -107 , 81 , 60 , 1569348371.2985444
-0.988118779645 , 1.01439977038 , 0.012351397482 , -108 , 70 , 60 , 1569348371.3525207
-0.986995518615 , 0.9979012137 , 0.00705794141828 , -107 , 66 , 60 , 1569348371.3959682
-0.986397665209 , 0.981757049371 , 0.00455825383264 , -114 , 56 , 56 , 1569348371.449689
-0.986304956872 , 0.961418626145 , 0.00426417294021 , -108 , 48 , 56 , 1569348371.4982386
-0.98662797692 , 0.946386637659 , 0.00588161784857 , -105 , 45 , 52 , 1569348371.5513177
-0.987250779423 , 0.928865743184 , 0.00941058855771 , -100 , 33 , 45 , 1569348371.597086
-0.987799378253 , 0.915170508665 , 0.0145570041752 , -101 , 33 , 41 , 1569348371.645212
-0.987999382823 , 0.902314900232 , 0.02058566247 , -89 , 30 , 37 , 1569348371.6906772
-0.989115418201 , 0.888348063566 , 0.0301432914739 , -82 , 26 , 30 , 1569348371.7522273
-0.989389711165 , 0.876572682176 , 0.0366130711073 , -75 , 30 , 33 , 1569348371.79678
-0.988344556198 , 0.86654665416 , 0.0419065271711 , -71 , 34 , 30 , 1569348371.8502264
-0.987505994673 , 0.855788393536 , 0.0438180529718 , -63 , 35 , 26 , 1569348371.8997142
-0.986438196934 , 0.845795947224 , 0.0435239720794 , -60 , 37 , 26 , 1569348371.9444456
-0.985399144249 , 0.837507877627 , 0.0424946889559 , -56 , 34 , 30 , 1569348371.9893243
-0.984335706075 , 0.829583660646 , 0.0438180529718 , -41 , 30 , 30 , 1569348372.0356395
-0.984009564235 , 0.823250013131 , 0.0373482733384 , -52 , 45 , 30 , 1569348372.083829
-0.982544417307 , 0.815141262397 , 0.0323488981671 , -58 , 42 , 18 , 1569348372.1341968
-0.980288170313 , 0.805263253014 , 0.0307314532588 , -56 , 45 , 22 , 1569348372.1835327
-0.978090824925 , 0.796777831865 , 0.0298492105815 , -56 , 41 , 22 , 1569348372.2270508
-0.976150310409 , 0.788534581717 , 0.0294080892428 , -63 , 37 , 15 , 1569348372.2678812
-0.97391336325 , 0.779963906133 , 0.0311725745974 , -63 , 41 , 15 , 1569348372.3131328
-0.971705308987 , 0.77125606221 , 0.0322018577209 , -67 , 41 , 26 , 1569348372.3580558
-0.969569522486 , 0.760563274461 , 0.0316136959361 , -67 , 48 , 22 , 1569348372.4078557
-0.966858078921 , 0.751369073511 , 0.0330841003982 , -68 , 49 , 15 , 1569348372.4528148
-0.963981561199 , 0.741988214534 , 0.0326429790596 , -67 , 56 , 15 , 1569348372.4975955
-0.960663878576 , 0.73231315043 , 0.0314666554898 , -67 , 52 , 22 , 1569348372.5427477
-0.957447278639 , 0.722407754707 , 0.030878493705 , -75 , 52 , 15 , 1569348372.592209
-0.954645991311 , 0.7100840337 , 0.0348485857528 , -75 , 45 , 22 , 1569348372.6448112
-0.952177459366 , 0.700385963275 , 0.0376423542308 , -74 , 49 , 18 , 1569348372.6903877
-0.949033248738 , 0.690188061043 , 0.0389657182468 , -75 , 60 , 18 , 1569348372.7395396
-0.944497102304 , 0.678174821097 , 0.0379364351233 , -78 , 56 , 15 , 1569348372.784212
-0.940960936215 , 0.667936691066 , 0.0385245969081 , -75 , 52 , 18 , 1569348372.8292637
-0.937478938886 , 0.658005865431 , 0.0389657182468 , -70 , 60 , 15 , 1569348372.8742821
-0.934005621235 , 0.648411574483 , 0.0429358102946 , -71 , 45 , 11 , 1569348372.9315782
-0.930502192889 , 0.636761511126 , 0.0474940641272 , -67 , 52 , 15 , 1569348372.976958
-0.926057840255 , 0.625813030074 , 0.0492585494818 , -70 , 53 , 7 , 1569348373.0340934
-0.920296307042 , 0.614097242568 , 0.0532286415295 , -68 , 57 , 0 , 1569348373.0870621
-0.914633242444 , 0.604215224222 , 0.0566105717925 , -67 , 57 , 0 , 1569348373.1403964
-0.908909027434 , 0.594717760425 , 0.0588161784857 , -60 , 56 , 0 , 1569348373.1994774
-0.90236210615 , 0.583964811091 , 0.0602865829478 , -60 , 60 , 0 , 1569348373.2425966
-0.897526822086 , 0.57613999348 , 0.0608747447327 , -60 , 56 , 0 , 1569348373.2876027
-0.892683537301 , 0.568262249279 , 0.0616099469638 , -56 , 56 , 0 , 1569348373.3287592
-0.888058615523 , 0.560878074667 , 0.0619040278562 , -56 , 56 , 0 , 1569348373.3737082
-0.88327799024 , 0.553364820391 , 0.0619040278562 , -56 , 60 , 0 , 1569348373.4147308
-0.878250695893 , 0.545782881557 , 0.0605806638403 , -59 , 61 , 0 , 1569348373.459736
-0.873176681646 , 0.538057793926 , 0.0598454616092 , -63 , 61 , 0 , 1569348373.5005274
-0.867995033089 , 0.530055889576 , 0.0594043402705 , -63 , 64 , 0 , 1569348373.5461931
-0.862264210464 , 0.520909115814 , 0.0589632189319 , -67 , 63 , 3 , 1569348373.5950353
-0.85617844451 , 0.510605580612 , 0.0598454616092 , -67 , 64 , 0 , 1569348373.644276
-0.850503587088 , 0.501653655259 , 0.0595513807168 , -67 , 68 , 0 , 1569348373.6985404
-0.843119369286 , 0.490003404003 , 0.0591102593781 , -67 , 68 , 0 , 1569348373.7468042
-0.836222898997 , 0.47913294655 , 0.0580809762546 , -67 , 75 , 26 , 1569348373.799938
-0.831559784256 , 0.468126185708 , 0.0504348730515 , -63 , 71 , 41 , 1569348373.845199
-0.82832191188 , 0.4558135544 , 0.0377893946771 , -63 , 71 , 41 , 1569348373.8975012
-0.825720574198 , 0.444644973382 , 0.0257320780875 , -59 , 67 , 33 , 1569348373.9393508
-0.822981096205 , 0.434123592412 , 0.0154392468525 , -63 , 67 , 33 , 1569348373.9849515
-0.818843691025 , 0.42317871605 , 0.00911650766528 , -66 , 72 , 22 , 1569348374.037427
-0.814478113475 , 0.411428323054 , 0.00264672803186 , -70 , 72 , 11 , 1569348374.0867333
-0.809076212458 , 0.399848440657 , -0.0010292831235 , -71 , 71 , -3 , 1569348374.1321769
-0.801686053438 , 0.386793928384 , -0.00220560669321 , -67 , 67 , 0 , 1569348374.1933281
-0.794984640177 , 0.375576108832 , -0.000735202231071 , -67 , 69 , 0 , 1569348374.2423384
-0.789281911987 , 0.365737848472 , -0.000882242677285 , -68 , 68 , 0 , 1569348374.2872894
-0.78169519112 , 0.35391350988 , -0.00441121338643 , -64 , 75 , 0 , 1569348374.3451302
-0.775981140586 , 0.343858577401 , -0.00426417294021 , -64 , 76 , 0 , 1569348374.3898807
-0.770069196295 , 0.334474158204 , -0.00676386052585 , -64 , 76 , 0 , 1569348374.435505
-0.76307667713 , 0.323754421342 , -0.0104398716812 , -64 , 79 , 0 , 1569348374.496092
-0.754978659524 , 0.311432503196 , -0.0157333277449 , -60 , 80 , 0 , 1569348374.5413253
-0.747269281393 , 0.300050918405 , -0.0207327029162 , -60 , 79 , 0 , 1569348374.5911536
-0.740784097125 , 0.290695025941 , -0.0255850376413 , -60 , 82 , -3 , 1569348374.6354265
-0.734198551281 , 0.281331990264 , -0.0311725745974 , -59 , 87 , 0 , 1569348374.6803603
-0.727339923638 , 0.271502885014 , -0.0372012328922 , -63 , 86 , -26 , 1569348374.7263644
-0.717869666226 , 0.261840726873 , -0.0358778688763 , -63 , 90 , -67 , 1569348374.7787774
-0.70401960335 , 0.253795570448 , -0.0252909567488 , -59 , 93 , -86 , 1569348374.8238256
-0.689847846093 , 0.247624179316 , -0.0122043570358 , -59 , 97 , -93 , 1569348374.8690288
-0.674148375076 , 0.24134169897 , 0.00294080892428 , -63 , 97 , -98 , 1569348374.9187381
-0.656369873161 , 0.234716846762 , 0.0202915815776 , -63 , 97 , -96 , 1569348374.9635239
-0.640665822125 , 0.228832107432 , 0.0348485857528 , -63 , 105 , -93 , 1569348375.008838
-0.623841770273 , 0.222625657533 , 0.0489644685893 , -62 , 105 , -85 , 1569348375.0550275
-0.607288356935 , 0.216024464654 , 0.0611688256251 , -63 , 101 , -74 , 1569348375.102475
-0.592804680513 , 0.209886022578 , 0.0696971715055 , -63 , 104 , -67 , 1569348375.1479056
-0.575630258621 , 0.201507031071 , 0.0771962342625 , -67 , 108 , -55 , 1569348375.2088642
-0.559512592954 , 0.192666122688 , 0.080284083633 , -63 , 112 , -48 , 1569348375.2542415
-0.545580788221 , 0.18422949851 , 0.0799900027405 , -66 , 116 , -37 , 1569348375.3072724
-0.528878484377 , 0.173292414364 , 0.0760199106927 , -67 , 120 , -31 , 1569348375.3605127
-0.513755788785 , 0.162704464149 , 0.0695501310593 , -63 , 123 , -33 , 1569348375.405809
-0.500177532097 , 0.153008310529 , 0.0630803514259 , -66 , 128 , -33 , 1569348375.458683
-0.483495517047 , 0.140681189354 , 0.0554342482228 , -67 , 131 , -33 , 1569348375.5118723
-0.467400352313 , 0.129234854294 , 0.0479351854658 , -70 , 135 , -44 , 1569348375.5527267
-0.452576783648 , 0.119149621777 , 0.043229891187 , -67 , 134 , -48 , 1569348375.5981998
-0.437190467743 , 0.10944061153 , 0.0394068395854 , -66 , 135 , -62 , 1569348375.6553948
-0.415944495572 , 0.0975008400985 , 0.0361719497687 , -63 , 139 , -66 , 1569348375.7005675
-0.398932681495 , 0.0890307682904 , 0.0338193026293 , -55 , 138 , -74 , 1569348375.7545502
-0.376262855497 , 0.0787001317544 , 0.0314666554898 , -58 , 142 , -81 , 1569348375.813123
-0.352613146807 , 0.0687111703535 , 0.0310255341512 , -59 , 142 , -85 , 1569348375.860111
-0.334230561261 , 0.0613715113673 , 0.0313196150436 , -55 , 138 , -89 , 1569348375.9056273
-0.315224936888 , 0.0543082733196 , 0.0320548172747 , -54 , 145 , -96 , 1569348375.958879
-0.288251882163 , 0.0465639563422 , 0.0388186778006 , -51 , 146 , -103 , 1569348376.0163488
-0.265671205678 , 0.0387178196785 , 0.037054192446 , -51 , 146 , -108 , 1569348376.061036
-0.244637894655 , 0.0330115538871 , 0.0395538800316 , -48 , 149 , -114 , 1569348376.1070507
-0.218386084286 , 0.0280111931535 , 0.0461707001113 , -37 , 148 , -115 , 1569348376.1632066
-0.195104499772 , 0.0221229798948 , 0.0430828507408 , -36 , 153 , -122 , 1569348376.208158
-0.172720608667 , 0.0185857939475 , 0.0441121338643 , -33 , 160 , -136 , 1569348376.2529373
-0.142987210488 , 0.0165424623682 , 0.0511700752825 , -22 , 164 , -144 , 1569348376.3122218
-0.111927664155 , 0.0127341303117 , 0.0470529427885 , -18 , 164 , -147 , 1569348376.3600986
-0.0868601726148 , 0.0112295113446 , 0.0470529427885 , -14 , 163 , -140 , 1569348376.4053323
