0.0 , 0.0 , 0.0 , 0 , 0 , 0 , 1569438818.3006222
0.000435505405374 , -2.79376847807e-05 , -0.000147040446214 , 0 , 54 , -50 , 1569438818.3622866
0.0113714970472 , -0.000253047198545 , -0.00132336401593 , 0 , 88 , -100 , 1569438818.4193177
0.0288891423934 , 0.000226649332824 , 0.00132336401593 , 0 , 103 , -124 , 1569438818.4657075
0.0503727259302 , 0.0012608374836 , 0.00661682007964 , 0 , 118 , -142 , 1569438818.5187032
0.077316023538 , 0.00280809556071 , 0.0138218019441 , 0 , 122 , -146 , 1569438818.5720298
0.102022542318 , 0.00446280253861 , 0.0207327029162 , 0 , 122 , -146 , 1569438818.6282566
0.129807505606 , 0.00663173282735 , 0.0291140083504 , 0 , 118 , -143 , 1569438818.6820154
0.15699126043 , 0.00907240680898 , 0.0377893946771 , 0 , 114 , -146 , 1569438818.7429798
0.183665047366 , 0.0118422047757 , 0.0466118214499 , 0 , 114 , -146 , 1569438818.8046472
0.210457069247 , 0.0148818908859 , 0.0560224100076 , 0 , 110 , -142 , 1569438818.8544238
0.234323614187 , 0.0179552109836 , 0.0651389176729 , 3 , 106 , -141 , 1569438818.904338
0.256570697404 , 0.0233260035013 , 0.0689619692745 , 55 , 107 , -141 , 1569438818.9535525
0.27866276759 , 0.0328331468971 , 0.0623451491948 , 66 , 104 , -134 , 1569438819.0046284
0.297952161755 , 0.0422669757832 , 0.053522722422 , 69 , 97 , -131 , 1569438819.0578575
0.321535349018 , 0.0543298299248 , 0.0419065271711 , 71 , 93 , -130 , 1569438819.1160986
0.34466285729 , 0.0664285604508 , 0.0311725745974 , 70 , 86 , -130 , 1569438819.1737497
0.367491440843 , 0.0780134585459 , 0.0222031073783 , 66 , 83 , -131 , 1569438819.2310457
0.388701270906 , 0.0884606724728 , 0.0155862872987 , 59 , 82 , -127 , 1569438819.2797956
0.408256241404 , 0.0975669263061 , 0.0124984379282 , 55 , 78 , -131 , 1569438819.3373837
0.430102541526 , 0.107507179136 , 0.0108809930199 , 55 , 78 , -130 , 1569438819.3944273
0.450280782498 , 0.116527638796 , 0.0108809930199 , 52 , 71 , -131 , 1569438819.440374
0.469157144354 , 0.125114842079 , 0.0126454783744 , 55 , 74 , -135 , 1569438819.4971688
0.488541734765 , 0.13444045613 , 0.0145570041752 , 55 , 71 , -131 , 1569438819.5460885
0.507080642686 , 0.144154284207 , 0.0166155704222 , 59 , 67 , -131 , 1569438819.6033778
0.527847048638 , 0.155536270617 , 0.0191152580078 , 58 , 63 , -131 , 1569438819.661518
0.547853354554 , 0.16726351551 , 0.0219090264859 , 62 , 60 , -131 , 1569438819.7182403
0.567666384638 , 0.179741701804 , 0.0248498354102 , 66 , 56 , -134 , 1569438819.7684357
0.583378694522 , 0.1902487958 , 0.0269084016572 , 63 , 56 , -127 , 1569438819.8173485
0.600163105244 , 0.201516345931 , 0.0291140083504 , 67 , 52 , -127 , 1569438819.8743737
0.618792321644 , 0.215111300576 , 0.0316136959361 , 74 , 48 , -131 , 1569438819.9317043
0.63703039517 , 0.229328471536 , 0.0341133835217 , 75 , 45 , -124 , 1569438819.9887536
0.653410388316 , 0.243081729085 , 0.0360249093225 , 74 , 45 , -119 , 1569438820.0376601
0.668392870428 , 0.255950223319 , 0.0377893946771 , 82 , 37 , -127 , 1569438820.0948162
0.685028817661 , 0.271899974413 , 0.0380834755695 , 85 , 37 , -126 , 1569438820.1524165
0.701408728282 , 0.288096662006 , 0.0383775564619 , 83 , 33 , -119 , 1569438820.2095187
0.715475635232 , 0.302615916336 , 0.039112758693 , 83 , 26 , -116 , 1569438820.2630222
0.729314420161 , 0.3177520991 , 0.0408772440476 , 85 , 26 , -113 , 1569438820.3112657
0.740611528967 , 0.330461087671 , 0.0408772440476 , 86 , 22 , -116 , 1569438820.3648825
0.754607103554 , 0.347055184271 , 0.0422006080635 , 89 , 22 , -116 , 1569438820.422987
0.770167931404 , 0.366223478891 , 0.0429358102946 , 94 , 18 , -112 , 1569438820.4842
0.782375330845 , 0.381960055808 , 0.0426417294021 , 92 , 22 , -108 , 1569438820.5327055
0.793797156244 , 0.398050809546 , 0.0439650934181 , 92 , 18 , -112 , 1569438820.585667
0.805252159889 , 0.414019237744 , 0.0445532552029 , 95 , 22 , -113 , 1569438820.6351166
0.814776926419 , 0.427447805742 , 0.0441121338643 , 94 , 18 , -112 , 1569438820.68875
0.827393148202 , 0.446685241007 , 0.0439650934181 , 102 , 18 , -109 , 1569438820.750657
0.83814970678 , 0.46421693052 , 0.0436710125256 , 103 , 3 , -109 , 1569438820.7952812
0.847869821073 , 0.481196581088 , 0.0433769316332 , 104 , 0 , -109 , 1569438820.8476977
0.85774469127 , 0.499186576345 , 0.0439650934181 , 106 , 0 , -103 , 1569438820.9059854
0.867090715459 , 0.516851964546 , 0.0442591743105 , 99 , 0 , -103 , 1569438820.95128
0.875102418438 , 0.531720659126 , 0.0447002956491 , 99 , 0 , -104 , 1569438820.9996247
0.883273461402 , 0.547215550728 , 0.045288457434 , 100 , 0 , -103 , 1569438821.0535884
0.892588510742 , 0.565060745882 , 0.0447002956491 , 100 , 0 , -100 , 1569438821.0984888
0.899968964267 , 0.57982113386 , 0.0433769316332 , 104 , 0 , -95 , 1569438821.1433327
0.907264987918 , 0.594735013665 , 0.04117132494 , 108 , 0 , -95 , 1569438821.1879716
0.914499490796 , 0.609572953636 , 0.0386716373543 , 111 , 0 , -103 , 1569438821.2419672
0.924239310911 , 0.62943693224 , 0.0352897070914 , 112 , 0 , -99 , 1569438821.2980938
0.934490419079 , 0.650401742495 , 0.0311725745974 , 111 , 0 , -96 , 1569438821.3559494
0.94299760562 , 0.667912949353 , 0.0270554421034 , 112 , 0 , -92 , 1569438821.4014535
0.950422692828 , 0.683317552101 , 0.0227912691632 , 111 , 0 , -96 , 1569438821.4470189
0.959024785303 , 0.700895392803 , 0.0180859748843 , 112 , 0 , -92 , 1569438821.4993508
0.967327491085 , 0.71814623155 , 0.012351397482 , 111 , 0 , -92 , 1569438821.5522773
0.975066767568 , 0.734111642757 , 0.0072049818645 , 112 , 0 , -95 , 1569438821.6058724
0.984409556617 , 0.753791722328 , 0.00147040446214 , 115 , 0 , -88 , 1569438821.655118
0.991500990571 , 0.768637076268 , -0.00470529427885 , 113 , -26 , -86 , 1569438821.708304
0.997393373392 , 0.786824922789 , -0.00676386052585 , 118 , -55 , -82 , 1569438821.7534819
0.999957917766 , 0.808264209032 , 0.000294080892428 , 114 , -67 , -74 , 1569438821.8147507
1.00082189569 , 0.832179122318 , 0.0101457907888 , 114 , -70 , -71 , 1569438821.876076
1.00041236258 , 0.853464578677 , 0.018527096223 , 114 , -70 , -67 , 1569438821.9215198
0.999560826039 , 0.870689310728 , 0.0241146331791 , 114 , -63 , -63 , 1569438821.9670167
0.998724630426 , 0.887296899128 , 0.0277906443345 , 113 , -66 , -60 , 1569438822.0200582
0.998353978758 , 0.909337943918 , 0.0330841003982 , 111 , -63 , -56 , 1569438822.0802946
0.996678222092 , 0.927787356507 , 0.0324959386133 , 110 , -59 , -56 , 1569438822.1262524
0.996047765715 , 0.94420289802 , 0.0333781812906 , 107 , -52 , -52 , 1569438822.1713746
0.995602684659 , 0.961882446753 , 0.0333781812906 , 96 , -45 , -52 , 1569438822.224411
0.995673166258 , 0.97572166127 , 0.0333781812906 , 90 , -41 , -49 , 1569438822.277677
0.995995478369 , 0.992168937244 , 0.0338193026293 , 88 , -37 , -48 , 1569438822.330799
0.996589001244 , 1.00610994469 , 0.032937059952 , 83 , -34 , -45 , 1569438822.387676
0.997012012734 , 1.02119046633 , 0.0323488981671 , 78 , -34 , -41 , 1569438822.4463203
0.99727031635 , 1.03565016877 , 0.0320548172747 , 74 , -34 , -41 , 1569438822.5022316
0.99731610598 , 1.04781077622 , 0.0316136959361 , 74 , -37 , -37 , 1569438822.5434217
0.997040385936 , 1.05806031286 , 0.0322018577209 , 71 , -38 , -37 , 1569438822.5972106
0.997345790204 , 1.07112381712 , 0.0294080892428 , 71 , -34 , -34 , 1569438822.658124
0.996654797246 , 1.08309394176 , 0.0258791185337 , 70 , -41 , -26 , 1569438822.7117753
0.994872500396 , 1.09584755275 , 0.0244087140716 , 71 , -45 , -26 , 1569438822.7698429
0.992884129437 , 1.10789963155 , 0.0236735118405 , 67 , -41 , -30 , 1569438822.814805
0.991447897955 , 1.11745093628 , 0.0238205522867 , 70 , -41 , -30 , 1569438822.8584642
0.989959890015 , 1.12708466645 , 0.0244087140716 , 67 , -41 , -26 , 1569438822.899401
0.988373557121 , 1.13654758157 , 0.0249968758564 , 67 , -45 , -30 , 1569438822.9450247
0.986879804086 , 1.14595612303 , 0.0257320780875 , 67 , -45 , -26 , 1569438822.9894505
0.985282387334 , 1.1553610737 , 0.0264672803186 , 67 , -41 , -26 , 1569438823.030487
0.983628944585 , 1.16479149471 , 0.0273495229958 , 67 , -45 , -26 , 1569438823.0754046
0.981919575154 , 1.17419120281 , 0.0280847252269 , 66 , -45 , -26 , 1569438823.1205194
0.980295329199 , 1.18375992929 , 0.028819927458 , 66 , -45 , -26 , 1569438823.1616814
0.978468961053 , 1.19337773366 , 0.0298492105815 , 70 , -45 , -26 , 1569438823.2068522
0.976580157529 , 1.2031318351 , 0.0311725745974 , 70 , -45 , -26 , 1569438823.2521207
0.974149508705 , 1.21432040045 , 0.0326429790596 , 70 , -49 , -22 , 1569438823.3103106
0.971306420964 , 1.22725346107 , 0.0341133835217 , 78 , -49 , -22 , 1569438823.3586483
0.969021313519 , 1.23746253113 , 0.0335252217368 , 74 , -49 , -22 , 1569438823.4042563
0.966264810492 , 1.24891483513 , 0.0333781812906 , 71 , -49 , -22 , 1569438823.4624639
0.962936048427 , 1.2616062765 , 0.0332311408444 , 70 , -48 , -22 , 1569438823.5096126
0.960437627716 , 1.27122295243 , 0.0330841003982 , 67 , -49 , -18 , 1569438823.5548606
0.957807545663 , 1.28047220257 , 0.0332311408444 , 70 , -49 , -18 , 1569438823.596517
0.955083090999 , 1.28960616137 , 0.0327900195058 , 67 , -49 , -15 , 1569438823.640825
0.952273266132 , 1.29851476694 , 0.032937059952 , 63 , -52 , -18 , 1569438823.6856043
0.949363564845 , 1.30747561728 , 0.032937059952 , 70 , -49 , -18 , 1569438823.7267792
0.946304173731 , 1.31657129972 , 0.0327900195058 , 67 , -52 , -15 , 1569438823.7722893
0.942665578432 , 1.32712988278 , 0.0324959386133 , 70 , -53 , -18 , 1569438823.821022
0.939259852198 , 1.33657890676 , 0.0324959386133 , 70 , -56 , -18 , 1569438823.866604
0.93569904942 , 1.34633036648 , 0.0323488981671 , 67 , -53 , -7 , 1569438823.91566
0.931827809205 , 1.35674311286 , 0.0326429790596 , 67 , -53 , -11 , 1569438823.960889
0.928183434102 , 1.36604412547 , 0.0332311408444 , 74 , -60 , -15 , 1569438824.0131958
0.923787821261 , 1.37738673187 , 0.0336722621831 , 70 , -56 , -18 , 1569438824.0544658
0.91992913991 , 1.38701253433 , 0.0342604239679 , 66 , -56 , -3 , 1569438824.099567
0.915736796712 , 1.39631732877 , 0.0336722621831 , 66 , -49 , -3 , 1569438824.1453133
0.911339548874 , 1.40612066434 , 0.0330841003982 , 63 , -56 , -7 , 1569438824.2029176
0.905120131699 , 1.41849366706 , 0.0313196150436 , 60 , -53 , 0 , 1569438824.259374
0.900615486288 , 1.42629073268 , 0.0307314532588 , 60 , -57 , 0 , 1569438824.300242
0.895971186099 , 1.43405806137 , 0.0299962510277 , 56 , -57 , 0 , 1569438824.345577
0.891381803344 , 1.44180232863 , 0.0291140083504 , 60 , -57 , 0 , 1569438824.386111
0.886745192873 , 1.44974471413 , 0.0279376847807 , 63 , -57 , 0 , 1569438824.4314778
0.882068777403 , 1.45771912336 , 0.0269084016572 , 63 , -61 , 0 , 1569438824.472628
0.877248691408 , 1.46594578408 , 0.0258791185337 , 64 , -57 , 0 , 1569438824.5254624
0.871677498899 , 1.47547125112 , 0.024702794964 , 60 , -61 , 0 , 1569438824.5664716
0.86678434049 , 1.48348269927 , 0.024702794964 , 59 , -61 , 0 , 1569438824.6161919
0.861127607413 , 1.49301232277 , 0.0239675927329 , 60 , -60 , 0 , 1569438824.6695826
0.854924994973 , 1.50339916568 , 0.0233794309481 , 64 , -61 , 0 , 1569438824.7182047
0.850037218046 , 1.51164052264 , 0.0227912691632 , 64 , -61 , 0 , 1569438824.7591987
0.845098908811 , 1.52019088495 , 0.0216149455935 , 64 , -61 , 0 , 1569438824.812615
0.838464212559 , 1.53156046951 , 0.0204386220238 , 60 , -60 , 0 , 1569438824.8736606
0.831995455937 , 1.54257770354 , 0.0195563793465 , 60 , -60 , 0 , 1569438824.9187174
0.826437860169 , 1.55205346185 , 0.0192622984541 , 60 , -61 , 0 , 1569438824.972232
0.821130873062 , 1.56122825679 , 0.0186741366692 , 59 , -60 , 0 , 1569438825.0089452
0.816749180172 , 1.56779675145 , 0.02058566247 , 58 , -60 , 0 , 1569438825.0498528
0.811636224722 , 1.57635400068 , 0.0207327029162 , 56 , -64 , 0 , 1569438825.0987415
0.806389036624 , 1.58432092319 , 0.022644228717 , 56 , -68 , 0 , 1569438825.1399212
0.800977069878 , 1.59247002773 , 0.024702794964 , 56 , -64 , 0 , 1569438825.1849399
0.795647848866 , 1.60049864794 , 0.0274965634421 , 63 , -67 , -3 , 1569438825.225785
0.790329995997 , 1.60904429396 , 0.0291140083504 , 60 , -64 , 0 , 1569438825.2710211
0.784812984677 , 1.61729643458 , 0.0310255341512 , 56 , -67 , 0 , 1569438825.3202314
0.778577083164 , 1.62635472643 , 0.0338193026293 , 52 , -61 , 0 , 1569438825.3654912
0.772323456472 , 1.63517218762 , 0.0372012328922 , 51 , -69 , 0 , 1569438825.4196982
0.765533625782 , 1.64456465557 , 0.04117132494 , 56 , -63 , 0 , 1569438825.4798985
0.758426870403 , 1.65484129716 , 0.0438180529718 , 56 , -68 , 0 , 1569438825.5206797
0.752694881496 , 1.66295136519 , 0.0463177405575 , 56 , -68 , 0 , 1569438825.5659654
0.74700003031 , 1.67085396615 , 0.0491115090355 , 56 , -72 , 0 , 1569438825.6112504
0.740245181901 , 1.68014412366 , 0.0524934392985 , 56 , -68 , 0 , 1569438825.6647203
0.732466111131 , 1.68986279 , 0.0589632189319 , 56 , -68 , 0 , 1569438825.718585
0.725743581816 , 1.69945706433 , 0.0607277042865 , 47 , -65 , 0 , 1569438825.7706559
0.719215161293 , 1.70796071102 , 0.0646977963343 , 52 , -68 , 0 , 1569438825.8201444
0.712602937552 , 1.71646312305 , 0.0688149288283 , 56 , -68 , 0 , 1569438825.8649879
0.706847516197 , 1.72396355589 , 0.0719027781988 , 56 , -68 , 0 , 1569438825.9100325
0.699848490949 , 1.73289882759 , 0.0760199106927 , 51 , -69 , 0 , 1569438825.9634266
0.692829711629 , 1.74158235175 , 0.080284083633 , 55 , -68 , 0 , 1569438826.0164385
0.686012895767 , 1.75028311914 , 0.0838130543421 , 56 , -68 , 0 , 1569438826.057343
0.679938722175 , 1.7578472251 , 0.0873420250512 , 51 , -65 , 0 , 1569438826.1067939
0.672937985296 , 1.76623651959 , 0.0917532384377 , 44 , -65 , 0 , 1569438826.159453
0.664479879273 , 1.77471665603 , 0.0952822091468 , 47 , -60 , 52 , 1569438826.2274165
0.6511387112 , 1.78054206042 , 0.0835189734497 , 44 , -63 , 75 , 1569438826.274327
0.639873291006 , 1.7834398411 , 0.0701382928442 , 44 , -71 , 79 , 1569438826.319406
0.627639845282 , 1.78633327523 , 0.0567576122387 , 44 , -71 , 78 , 1569438826.3645215
0.615433531058 , 1.78961327885 , 0.0436710125256 , 47 , -71 , 71 , 1569438826.4053211
0.603843987077 , 1.79324555305 , 0.0314666554898 , 44 , -71 , 67 , 1569438826.4503949
0.59257576451 , 1.79747491226 , 0.0216149455935 , 48 , -79 , 60 , 1569438826.4955354
0.581577757475 , 1.80246272163 , 0.0138218019441 , 47 , -78 , 52 , 1569438826.5367014
0.571241393681 , 1.80801967749 , 0.00852834588042 , 48 , -75 , 41 , 1569438826.581893
0.561707364187 , 1.81380549319 , 0.00499937517128 , 43 , -75 , 33 , 1569438826.6352878
0.550344978102 , 1.82162721345 , 0.00455825383264 , 43 , -79 , 26 , 1569438826.6923134
0.539079001025 , 1.83029250812 , 0.00676386052585 , 44 , -79 , 18 , 1569438826.7415295
0.530904401112 , 1.83694241315 , 0.00985170989635 , 40 , -82 , 22 , 1569438826.7869484
0.52124668288 , 1.8446701964 , 0.0148510850676 , 47 , -83 , 26 , 1569438826.844631
0.508137837519 , 1.85403124347 , 0.0219090264859 , 44 , -82 , 26 , 1569438826.9013848
0.498824884223 , 1.86156776945 , 0.0238205522867 , 41 , -87 , 26 , 1569438826.9463089
0.487854096649 , 1.86899143332 , 0.0289669679042 , 39 , -90 , 37 , 1569438827.0038455
0.474497635155 , 1.87718489773 , 0.0322018577209 , 44 , -87 , 37 , 1569438827.052473
0.464283818578 , 1.88314511976 , 0.0339663430755 , 37 , -86 , 37 , 1569438827.098026
0.453866054869 , 1.88908073721 , 0.0357308284301 , 41 , -82 , 41 , 1569438827.1433105
0.442125165607 , 1.89514672943 , 0.0354367475376 , 40 , -86 , 45 , 1569438827.1962364
0.427863468528 , 1.90135038614 , 0.0358778688763 , 40 , -86 , 48 , 1569438827.2531018
0.41533793257 , 1.90766607713 , 0.0335252217368 , 37 , -79 , 45 , 1569438827.3025105
0.405009544607 , 1.91246311003 , 0.0332311408444 , 39 , -79 , 45 , 1569438827.352367
0.39286808297 , 1.91795759468 , 0.0320548172747 , 39 , -90 , 52 , 1569438827.405636
0.377559844321 , 1.9242870225 , 0.0304373723663 , 37 , -90 , 56 , 1569438827.4540794
0.365652755224 , 1.92898355425 , 0.0297021701353 , 35 , -87 , 56 , 1569438827.5033581
0.352334000693 , 1.93406604448 , 0.0294080892428 , 31 , -82 , 52 , 1569438827.557394
0.339067574394 , 1.93907009732 , 0.0299962510277 , 29 , -82 , 52 , 1569438827.6056967
0.326347848035 , 1.94349588317 , 0.0297021701353 , 35 , -94 , 64 , 1569438827.663109
0.309774323029 , 1.94895682144 , 0.028819927458 , 29 , -94 , 67 , 1569438827.7121959
0.296585778282 , 1.95304850985 , 0.0285258465656 , 29 , -94 , 63 , 1569438827.757556
0.281592021084 , 1.95767946321 , 0.0286728870118 , 27 , -90 , 60 , 1569438827.8151052
0.265626987343 , 1.96239217112 , 0.0294080892428 , 27 , -109 , 89 , 1569438827.8721983
0.244055954163 , 1.96664883504 , 0.0277906443345 , 35 , -143 , 115 , 1569438827.930608
0.216432286332 , 1.97124706534 , 0.0251439163026 , 32 , -153 , 132 , 1569438827.9782681
0.193544789818 , 1.97477960095 , 0.0229383096094 , 32 , -156 , 133 , 1569438828.023706
0.170038164838 , 1.97826438935 , 0.0211738242548 , 27 , -154 , 132 , 1569438828.0772753
0.139262000801 , 1.98253077781 , 0.0201445411313 , 27 , -157 , 128 , 1569438828.134895
0.109414522929 , 1.9865959729 , 0.0204386220238 , 19 , -146 , 122 , 1569438828.1918988
0.0813177860575 , 1.99018521898 , 0.0220560669321 , 22 , -135 , 110 , 1569438828.2416356
0.0604488227693 , 1.99274286109 , 0.0242616736253 , 7 , -143 , 122 , 1569438828.2979534
0.0323464472613 , 1.99390534663 , 0.0286728870118 , 3 , -157 , 138 , 1569438828.3555803
0.00140703634229 , 1.99410799895 , 0.0326429790596 , 0 , -160 , 149 , 1569438828.4126813
-0.030679075436 , 1.99370314974 , 0.0360249093225 , 0 , -156 , 150 , 1569438828.470238
-0.0626115166301 , 1.99299958172 , 0.0383775564619 , 0 , -152 , 145 , 1569438828.5192184
-0.0880629147056 , 1.99121154956 , 0.0341133835217 , 0 , -144 , 138 , 1569438828.5684068
-0.112234288917 , 1.99153277409 , 0.0401420418165 , 0 , -130 , 131 , 1569438828.6223571
-0.137959001366 , 1.99055549701 , 0.0404361227089 , 0 , -121 , 124 , 1569438828.6717074
-0.160337115368 , 1.98945439555 , 0.0394068395854 , 0 , -114 , 124 , 1569438828.7279637
-0.187630636526 , 1.98773522106 , 0.0360249093225 , 0 , -100 , 117 , 1569438828.7895288
-0.207476631972 , 1.98620924255 , 0.0317607363823 , 0 , -88 , 106 , 1569438828.8349261
-0.22379741561 , 1.98485215462 , 0.0273495229958 , 0 , -85 , 106 , 1569438828.8836641
-0.241177501669 , 1.983146981 , 0.0208797433624 , 0 , -77 , 106 , 1569438828.9374862
-0.261943116145 , 1.98092493562 , 0.0119102761434 , 0 , -69 , 95 , 1569438828.9938276
-0.275136871141 , 1.9794546226 , 0.00499937517128 , 0 , -69 , 91 , 1569438829.0348485
-0.287905391223 , 1.97816151396 , -0.00147040446214 , 0 , -65 , 95 , 1569438829.080213
-0.302521466031 , 1.97650674262 , -0.00985170989635 , 0 , -60 , 94 , 1569438829.1383533
-0.31842217315 , 1.97364598045 , -0.0177918939919 , -54 , -53 , 86 , 1569438829.19489
-0.333238434887 , 1.96510785386 , -0.0107339525736 , -70 , -45 , 78 , 1569438829.2525883
-0.346858574988 , 1.95405040039 , 0.00176448535457 , -71 , -37 , 75 , 1569438829.3138194
-0.358936999014 , 1.94330100051 , 0.0132336401593 , -70 , -41 , 75 , 1569438829.3756194
-0.37079531372 , 1.93247093251 , 0.0254379971951 , -67 , -41 , 74 , 1569438829.4200597
-0.380032795793 , 1.92455054903 , 0.0335252217368 , -62 , -45 , 79 , 1569438829.469323
-0.391260217481 , 1.91573208168 , 0.0416124462786 , -54 , -45 , 78 , 1569438829.5240583
-0.404055125389 , 1.9066430082 , 0.0482292663583 , -48 , -45 , 75 , 1569438829.5719457
-0.413300657299 , 1.90046286414 , 0.0516111966212 , -35 , -45 , 79 , 1569438829.6207614
-0.424062989805 , 1.89400420224 , 0.0536697628682 , -35 , -45 , 78 , 1569438829.6744907
-0.436636167375 , 1.88720157879 , 0.0541108842068 , -29 , -41 , 75 , 1569438829.7229197
-0.445979635724 , 1.8825546634 , 0.0530816010833 , -26 , -45 , 75 , 1569438829.7682385
-0.455436383027 , 1.87813541945 , 0.051464156175 , -26 , -45 , 79 , 1569438829.8097003
-0.465043804952 , 1.87369610867 , 0.0492585494818 , -23 , -45 , 79 , 1569438829.8648233
-0.477417410137 , 1.86819107708 , 0.046023659665 , -22 , -48 , 82 , 1569438829.9117808
-0.487495454127 , 1.86403523732 , 0.0442591743105 , -27 , -45 , 82 , 1569438829.9609149
-0.498939472991 , 1.85885823676 , 0.0422006080635 , -26 , -45 , 78 , 1569438830.0058255
-0.508387148423 , 1.85434880297 , 0.0404361227089 , -29 , -41 , 79 , 1569438830.0507424
-0.517640331164 , 1.8496405523 , 0.0383775564619 , -29 , -41 , 75 , 1569438830.091924
-0.526890323537 , 1.84461635451 , 0.0372012328922 , -33 , -35 , 75 , 1569438830.1455314
-0.536826879437 , 1.83837555591 , 0.0336722621831 , -37 , -30 , 75 , 1569438830.189973
-0.544522726236 , 1.8325535688 , 0.0304373723663 , -37 , -37 , 79 , 1569438830.2313268
-0.553162292202 , 1.82692400073 , 0.0295551296891 , -39 , -37 , 75 , 1569438830.2847967
-0.563565904129 , 1.82021590601 , 0.0294080892428 , -37 , -34 , 71 , 1569438830.3293378
-0.571927620342 , 1.81482717534 , 0.0283788061193 , -40 , -34 , 75 , 1569438830.3740163
-0.582053652316 , 1.8083071202 , 0.0282317656731 , -39 , -34 , 75 , 1569438830.4393673
-0.594602571791 , 1.8001270777 , 0.0276436038883 , -37 , -33 , 75 , 1569438830.4848378
-0.603154912126 , 1.79430092741 , 0.0269084016572 , -44 , -34 , 75 , 1569438830.530582
-0.611851387791 , 1.78828166761 , 0.0269084016572 , -43 , -34 , 79 , 1569438830.5834842
-0.623244180777 , 1.77992606473 , 0.0273495229958 , -48 , -34 , 75 , 1569438830.6324782
-0.631968800062 , 1.77325931961 , 0.0283788061193 , -48 , -30 , 71 , 1569438830.678092
-0.641861715429 , 1.76534843489 , 0.0297021701353 , -48 , -30 , 71 , 1569438830.7315934
-0.651027757532 , 1.75775320008 , 0.0322018577209 , -48 , -26 , 71 , 1569438830.7803597
-0.660424702727 , 1.75037859578 , 0.032937059952 , -52 , -33 , 71 , 1569438830.833268
-0.668264919668 , 1.74293638731 , 0.037054192446 , -48 , -30 , 71 , 1569438830.8782315
-0.677074386861 , 1.73500554009 , 0.0385245969081 , -46 , -22 , 68 , 1569438830.9358702
-0.686325590225 , 1.72626143597 , 0.0394068395854 , -43 , -22 , 68 , 1569438830.9929903
-0.69522951146 , 1.71749460214 , 0.0392597991392 , -46 , -18 , 68 , 1569438831.0500093
-0.70304784159 , 1.70941483254 , 0.0385245969081 , -33 , -15 , 64 , 1569438831.0957024
-0.710582123153 , 1.70386824898 , 0.0333781812906 , -44 , -18 , 64 , 1569438831.14443
-0.716946855524 , 1.69728238478 , 0.0324959386133 , -48 , -15 , 67 , 1569438831.1896448
-0.724429114484 , 1.68915656744 , 0.0320548172747 , -51 , -18 , 71 , 1569438831.246672
-0.733261122299 , 1.67922990683 , 0.0320548172747 , -52 , -18 , 67 , 1569438831.295907
-0.739746529275 , 1.67161465538 , 0.0323488981671 , -52 , -15 , 67 , 1569438831.3415082
-0.747073143714 , 1.66313163365 , 0.0326429790596 , -51 , -7 , 64 , 1569438831.398871
-0.755736896049 , 1.65267398478 , 0.032937059952 , -56 , -18 , 71 , 1569438831.451741
-0.762160778626 , 1.64485915039 , 0.0330841003982 , -56 , -18 , 67 , 1569438831.4964142
-0.769506414244 , 1.63567108387 , 0.0332311408444 , -52 , -18 , 67 , 1569438831.545879
-0.775787551181 , 1.6279987952 , 0.0332311408444 , -54 , -15 , 67 , 1569438831.5987232
-0.78405722601 , 1.6189745574 , 0.0299962510277 , -45 , -3 , 64 , 1569438831.648428
-0.790247372388 , 1.61230436058 , 0.0276436038883 , -54 , -7 , 64 , 1569438831.701612
-0.798197083917 , 1.6021908255 , 0.0276436038883 , -58 , -11 , 68 , 1569438831.7545676
-0.804658877388 , 1.59253765776 , 0.026761361211 , -59 , -3 , 64 , 1569438831.7996194
-0.809992174829 , 1.58381495598 , 0.0261731994261 , -64 , 0 , 69 , 1569438831.8495748
-0.815919237185 , 1.57354288344 , 0.0249968758564 , -63 , 0 , 65 , 1569438831.9017563
-0.822826059073 , 1.56132529347 , 0.0238205522867 , -64 , 0 , 69 , 1569438831.951296
-0.828074925128 , 1.55206202353 , 0.0229383096094 , -63 , 0 , 69 , 1569438832.0005698
-0.834307503957 , 1.54102046946 , 0.0220560669321 , -68 , 0 , 73 , 1569438832.0455532
-0.839712294587 , 1.53151189589 , 0.0211738242548 , -67 , 0 , 69 , 1569438832.0909467
-0.846196184019 , 1.52000139955 , 0.0204386220238 , -64 , 0 , 65 , 1569438832.147907
-0.851990820932 , 1.50987916811 , 0.0194093389003 , -64 , 0 , 65 , 1569438832.193149
-0.856997806847 , 1.5010358309 , 0.0188211771154 , -60 , 0 , 65 , 1569438832.238513
-0.86247697715 , 1.49129248563 , 0.0183800557768 , -64 , 0 , 61 , 1569438832.2916083
-0.868820012326 , 1.48092102471 , 0.0155862872987 , -63 , 0 , 61 , 1569438832.3483796
-0.874457100021 , 1.46999201783 , 0.0176448535457 , -63 , 0 , 65 , 1569438832.4027162
-0.880834944537 , 1.4584232359 , 0.0177918939919 , -64 , 0 , 61 , 1569438832.4509735
-0.886603496742 , 1.44806583825 , 0.0176448535457 , -68 , 0 , 69 , 1569438832.5001948
-0.891711012369 , 1.43855924193 , 0.0183800557768 , -69 , 0 , 65 , 1569438832.5456517
-0.897809573628 , 1.42805256294 , 0.0174978130995 , -64 , 0 , 59 , 1569438832.6036038
-0.903891983134 , 1.41609873124 , 0.0204386220238 , -65 , 0 , 64 , 1569438832.6476383
-0.909155017805 , 1.40601531004 , 0.0222031073783 , -71 , 0 , 61 , 1569438832.6966894
-0.913550544701 , 1.39689160272 , 0.0254379971951 , -68 , 0 , 57 , 1569438832.7418272
-0.918551132013 , 1.38606077416 , 0.0295551296891 , -72 , 0 , 54 , 1569438832.7946818
-0.923084153628 , 1.37564120118 , 0.0345545048603 , -68 , 0 , 53 , 1569438832.844226
-0.927692634448 , 1.36608922498 , 0.0367601115536 , -68 , 0 , 57 , 1569438832.893556
-0.931695647545 , 1.35643677311 , 0.0419065271711 , -64 , 0 , 57 , 1569438832.9429162
-0.937295790238 , 1.34445781473 , 0.0449943765415 , -57 , 0 , 54 , 1569438832.9998012
-0.941948065257 , 1.33482380902 , 0.0466118214499 , -56 , 0 , 54 , 1569438833.0492487
-0.945837223908 , 1.32681133953 , 0.0477881450196 , -60 , 0 , 57 , 1569438833.0985503
-0.950504226961 , 1.31702253354 , 0.0495526303742 , -64 , 0 , 53 , 1569438833.1431365
-0.953171240113 , 1.30925390632 , 0.0557283291152 , -63 , 0 , 53 , 1569438833.1923678
-0.957473597961 , 1.29950031268 , 0.0586691380395 , -60 , 0 , 54 , 1569438833.2462606
-0.96235146291 , 1.28846724289 , 0.06175698741 , -59 , 0 , 50 , 1569438833.2986631
-0.966422443888 , 1.27903444827 , 0.0646977963343 , -64 , 0 , 50 , 1569438833.3435516
-0.969869106572 , 1.27086020793 , 0.0674915648123 , -64 , 0 , 50 , 1569438833.3849485
-0.973207665018 , 1.2628501416 , 0.0702853332904 , -59 , 0 , 49 , 1569438833.4419882
-0.977513581164 , 1.25235251209 , 0.0736672635533 , -59 , 0 , 50 , 1569438833.4914744
-0.981207054167 , 1.24322761307 , 0.0770491938162 , -63 , 0 , 50 , 1569438833.540813
-0.985510682156 , 1.23359245285 , 0.0785195982784 , -63 , 0 , 49 , 1569438833.5984683
-0.989173042292 , 1.22338378707 , 0.0842541756807 , -60 , 0 , 50 , 1569438833.6428506
-0.993388329362 , 1.21349516099 , 0.0858716205891 , -67 , 0 , 50 , 1569438833.7001264
-0.99636767121 , 1.20409732091 , 0.0917532384377 , -60 , 3 , 46 , 1569438833.7415907
-0.999327974065 , 1.19560461934 , 0.095429249593 , -67 , 33 , 45 , 1569438833.8025687
-0.998786050777 , 1.18232543678 , 0.0943999664695 , -63 , 71 , 45 , 1569438833.8600638
-0.995281538836 , 1.16943975009 , 0.0794018409557 , -59 , 78 , 48 , 1569438833.913297
-0.991382966692 , 1.15643761301 , 0.0607277042865 , -56 , 75 , 45 , 1569438833.9581995
-0.987768557035 , 1.14403421315 , 0.0442591743105 , -59 , 71 , 45 , 1569438834.0159988
-0.984812783166 , 1.12979107259 , 0.0260261589799 , -63 , 60 , 41 , 1569438834.0728285
-0.982141900577 , 1.1164459694 , 0.0149981255138 , -66 , 45 , 45 , 1569438834.1305866
-0.982424622395 , 1.10303013169 , 0.0101457907888 , -63 , 30 , 41 , 1569438834.191588
-0.983331623033 , 1.09226436687 , 0.008234264988 , -75 , 37 , 48 , 1569438834.2457242
-0.98480902937 , 1.07775205127 , 0.00558753695614 , -93 , 37 , 60 , 1569438834.2940068
-0.986187947845 , 1.06472518209 , 0.00455825383264 , -97 , 41 , 59 , 1569438834.3391156
-0.987767462541 , 1.0503019871 , 0.00455825383264 , -102 , 41 , 63 , 1569438834.3885596
-0.990399564364 , 1.03324782446 , 0.00352897070914 , -112 , 44 , 60 , 1569438834.449534
-0.991732358208 , 1.01326755205 , 0.00779314364935 , -112 , 40 , 60 , 1569438834.4945385
-0.993289428353 , 0.995737957032 , 0.0108809930199 , -112 , 44 , 60 , 1569438834.544104
-0.995005363873 , 0.979989437515 , 0.0114691548047 , -115 , 48 , 56 , 1569438834.5976927
-0.994991921264 , 0.96194066025 , 0.0170566917608 , -116 , 55 , 56 , 1569438834.6422749
-0.994673362536 , 0.946103122517 , 0.0192622984541 , -119 , 59 , 56 , 1569438834.6876144
-0.994205892662 , 0.929374349927 , 0.0211738242548 , -122 , 59 , 52 , 1569438834.744524
-0.993120921165 , 0.907852541975 , 0.0238205522867 , -126 , 70 , 56 , 1569438834.789593
-0.991738178769 , 0.890447423483 , 0.0242616736253 , -126 , 70 , 52 , 1569438834.8429744
-0.989251481556 , 0.867759796622 , 0.0254379971951 , -126 , 74 , 48 , 1569438834.9001179
-0.986566578517 , 0.84784620058 , 0.0266143207648 , -122 , 74 , 44 , 1569438834.9452116
-0.983634929317 , 0.830457004021 , 0.0282317656731 , -115 , 74 , 41 , 1569438834.9901845
-0.980110487923 , 0.813647494296 , 0.0297021701353 , -114 , 71 , 33 , 1569438835.0434444
-0.975998585514 , 0.795825754375 , 0.0327900195058 , -115 , 74 , 30 , 1569438835.0844274
-0.97224990073 , 0.780434963508 , 0.0354367475376 , -115 , 74 , 30 , 1569438835.1298184
-0.968263098194 , 0.764949325335 , 0.0379364351233 , -113 , 74 , 33 , 1569438835.1827667
-0.962594111141 , 0.744447759608 , 0.0392597991392 , -115 , 81 , 37 , 1569438835.2322855
-0.957885563931 , 0.728136766009 , 0.0394068395854 , -118 , 89 , 33 , 1569438835.2775185
-0.95195576104 , 0.709162460198 , 0.0389657182468 , -120 , 90 , 30 , 1569438835.334224
-0.945840917663 , 0.690193080687 , 0.0385245969081 , -115 , 89 , 30 , 1569438835.3799288
-0.940312668455 , 0.673659060478 , 0.0382305160157 , -112 , 86 , 26 , 1569438835.4332728
-0.933984186551 , 0.653799235801 , 0.0374953137846 , -114 , 89 , 26 , 1569438835.493987
-0.926536138324 , 0.633390205704 , 0.0394068395854 , -115 , 89 , 22 , 1569438835.5350332
-0.920542804556 , 0.617717612882 , 0.0399950013703 , -115 , 93 , 22 , 1569438835.580558
-0.914041106899 , 0.601677081233 , 0.0407302036013 , -115 , 95 , 22 , 1569438835.6334598
-0.906184077611 , 0.583571060479 , 0.0408772440476 , -115 , 100 , 14 , 1569438835.6782556
-0.898674592693 , 0.568108170778 , 0.0417594867248 , -111 , 100 , 14 , 1569438835.723805
-0.890536311306 , 0.551838754017 , 0.0417594867248 , -110 , 101 , 7 , 1569438835.780641
-0.879979916114 , 0.532175117421 , 0.0423476485097 , -111 , 105 , 11 , 1569438835.826484
-0.869942874387 , 0.514760179643 , 0.0424946889559 , -104 , 104 , 3 , 1569438835.8790185
-0.860608912523 , 0.499134304235 , 0.0429358102946 , -107 , 109 , 0 , 1569438835.9362273
-0.849306240203 , 0.480688632406 , 0.0448473360953 , -105 , 107 , 0 , 1569438835.9815323
-0.839477183898 , 0.465664645748 , 0.0438180529718 , -105 , 108 , 0 , 1569438836.0265198
-0.830013012079 , 0.450866910402 , 0.0436710125256 , -104 , 105 , 0 , 1569438836.0796943
-0.819409402978 , 0.434327952533 , 0.0433769316332 , -107 , 110 , 0 , 1569438836.1375
-0.805617073504 , 0.413394325758 , 0.0413183653862 , -101 , 112 , 0 , 1569438836.18645
-0.796017300369 , 0.399083423547 , 0.0389657182468 , -95 , 109 , 0 , 1569438836.2393556
-0.784406101607 , 0.381977897471 , 0.0352897070914 , -94 , 110 , 0 , 1569438836.29459
-0.772411784218 , 0.364538046644 , 0.0304373723663 , -94 , 113 , 0 , 1569438836.3417077
-0.763192369288 , 0.351122938917 , 0.0263202398723 , -94 , 115 , 0 , 1569438836.3909776
-0.75222214459 , 0.33525816784 , 0.0207327029162 , -96 , 117 , 0 , 1569438836.446461
-0.739600553767 , 0.31710499313 , 0.0133806806055 , -93 , 117 , 0 , 1569438836.4935455
-0.729780888397 , 0.30295895974 , 0.00749906275692 , -93 , 121 , 0 , 1569438836.538521
-0.718578703786 , 0.286866592867 , -0.000441121338643 , -90 , 122 , 0 , 1569438836.589213
-0.708133131393 , 0.271999135353 , -0.00808722454178 , -88 , 124 , 0 , 1569438836.641008
-0.697083178622 , 0.256124461852 , -0.0174978130995 , -86 , 121 , 0 , 1569438836.681801
-0.687690268402 , 0.242520005863 , -0.0260261589799 , -86 , 120 , 0 , 1569438836.7271194
-0.675482930235 , 0.22613261308 , -0.0408772440476 , -82 , 120 , 0 , 1569438836.784131
-0.6664266062 , 0.211921493258 , -0.0470529427885 , -75 , 116 , -37 , 1569438836.829655
-0.652059793259 , 0.199134571956 , -0.0463177405575 , -74 , 116 , -96 , 1569438836.8869658
-0.629584993345 , 0.188639769307 , -0.0320548172747 , -66 , 116 , -110 , 1569438836.9399652
-0.611641645685 , 0.180517349598 , -0.0135277210517 , -70 , 116 , -115 , 1569438836.9813948
-0.592998635722 , 0.17420210442 , 0.00352897070914 , -62 , 115 , -118 , 1569438837.0267591
-0.57299211238 , 0.168098440366 , 0.0204386220238 , -62 , 115 , -115 , 1569438837.075069
-0.554049774349 , 0.162477792534 , 0.0347015453066 , -62 , 122 , -114 , 1569438837.1200974
-0.533985522061 , 0.156353431178 , 0.0482292663583 , -63 , 123 , -103 , 1569438837.1746035
-0.509338225633 , 0.148564637748 , 0.0614629065175 , -63 , 130 , -100 , 1569438837.2230177
-0.490381860973 , 0.14225774676 , 0.0698442119518 , -62 , 134 , -96 , 1569438837.267368
-0.471736078444 , 0.135748503849 , 0.0760199106927 , -66 , 138 , -88 , 1569438837.3131828
-0.450204186749 , 0.127666060517 , 0.0805781645254 , -63 , 138 , -77 , 1569438837.3618338
-0.43229033252 , 0.120451812075 , 0.0819015285413 , -59 , 138 , -74 , 1569438837.4068754
-0.414633454796 , 0.112959083669 , 0.0808722454178 , -63 , 138 , -67 , 1569438837.4529052
-0.394639269592 , 0.104068607077 , 0.0777843960473 , -58 , 135 , -59 , 1569438837.509605
-0.375028184566 , 0.094696407772 , 0.0726379804298 , -59 , 135 , -56 , 1569438837.554386
-0.358881219103 , 0.0868236270599 , 0.0674915648123 , -59 , 141 , -59 , 1569438837.5996377
-0.340027298989 , 0.0776815092848 , 0.0608747447327 , -55 , 138 , -54 , 1569438837.6612456
-0.319044502499 , 0.0674847046563 , 0.0530816010833 , -52 , 138 , -62 , 1569438837.7059054
-0.302413654004 , 0.0600031767505 , 0.0474940641272 , -50 , 142 , -74 , 1569438837.758768
-0.279145208521 , 0.0505087856723 , 0.0420535676173 , -47 , 138 , -78 , 1569438837.8163428
-0.25798967006 , 0.042674705407 , 0.0380834755695 , -44 , 148 , -107 , 1569438837.861975
-0.233002942684 , 0.0363297204244 , 0.0394068395854 , -44 , 167 , -139 , 1569438837.9108627
-0.208125533397 , 0.03177460885 , 0.0424946889559 , -42 , 175 , -151 , 1569438837.9643462
-0.173185055945 , 0.0267449255732 , 0.0479351854658 , -36 , 178 , -157 , 1569438838.013765
-0.145713220752 , 0.0236435722037 , 0.0524934392985 , -35 , 179 , -158 , 1569438838.0671608
-0.109869098788 , 0.0202114016274 , 0.0567576122387 , -26 , 174 , -155 , 1569438838.124116
-0.0747155561936 , 0.0173957459119 , 0.0588161784857 , -25 , 174 , -148 , 1569438838.1735966
