0.0 , 0.0 , 0.0 , 0 , 0 , 0 , 1569444875.8428502
0.000145168468458 , 2.79376847807e-05 , 0.000147040446214 , 0 , 42 , -42 , 1569444875.887932
0.00841975875721 , 0.000112967439486 , 0.000588161784857 , 0 , 77 , -84 , 1569444875.936481
0.0213394708733 , 0.000595507044721 , 0.0030878493705 , 0 , 92 , -102 , 1569444875.9778898
0.0369679074553 , 0.00106283272573 , 0.00529345606371 , 0 , 107 , -124 , 1569444876.0225787
0.0552059049311 , 0.00202545602805 , 0.00985170989635 , 0 , 119 , -117 , 1569444876.0635474
0.0745104476854 , 0.00241121822018 , 0.0108809930199 , 0 , 118 , -135 , 1569444876.1085718
0.0952120195877 , 0.00336290357633 , 0.0147040446214 , 0 , 122 , -135 , 1569444876.1495752
0.116108268292 , 0.00406135496907 , 0.0167626108684 , 0 , 134 , -135 , 1569444876.1945946
0.137680392592 , 0.00481417651055 , 0.0188211771154 , 0 , 126 , -139 , 1569444876.2355037
0.158957481202 , 0.0057735363321 , 0.0217619860397 , 0 , 122 , -157 , 1569444876.2807703
0.180508550213 , 0.00741626510843 , 0.0279376847807 , 0 , 118 , -143 , 1569444876.3254073
0.201381239785 , 0.00883800922878 , 0.0323488981671 , 0 , 118 , -139 , 1569444876.3665588
0.221714545182 , 0.0103625203634 , 0.0369071519998 , 0 , 126 , -135 , 1569444876.4116592
0.242816456575 , 0.0119524305928 , 0.0407302036013 , 0 , 125 , -154 , 1569444876.4525342
0.265306303671 , 0.0138755450007 , 0.046023659665 , 0 , 133 , -146 , 1569444876.4977078
0.287709544753 , 0.0154666987518 , 0.0489644685893 , 0 , 129 , -153 , 1569444876.542464
0.310041901899 , 0.0174841153717 , 0.0538168033144 , 0 , 130 , -150 , 1569444876.5835938
0.331977651534 , 0.019589048602 , 0.0586691380395 , 3 , 129 , -146 , 1569444876.629756
0.354279550157 , 0.0219904326653 , 0.0639625941032 , 7 , 132 , -149 , 1569444876.6748102
0.376207251596 , 0.0256065008 , 0.0654329985653 , 33 , 138 , -147 , 1569444876.7187645
0.398370796467 , 0.0307544843157 , 0.0592572998243 , 44 , 131 , -145 , 1569444876.7679796
0.423714748176 , 0.0382472355172 , 0.050140792159 , 62 , 130 , -141 , 1569444876.812998
0.445378041192 , 0.0458520332637 , 0.0398479609241 , 66 , 123 , -147 , 1569444876.8580885
0.466941130984 , 0.0540372220673 , 0.0298492105815 , 62 , 119 , -144 , 1569444876.898965
0.488444048364 , 0.0618624426384 , 0.0208797433624 , 59 , 115 , -148 , 1569444876.944037
0.509477703356 , 0.0697906157026 , 0.0139688423904 , 66 , 116 , -154 , 1569444876.9891133
0.530951944103 , 0.0776345163946 , 0.00646977963343 , 62 , 115 , -147 , 1569444877.0341866
0.552099463571 , 0.0849794116252 , -0.000588161784857 , 59 , 111 , -151 , 1569444877.0791652
0.572911147011 , 0.0921192195278 , -0.00485233472507 , 51 , 107 , -151 , 1569444877.1201513
0.593413415149 , 0.0989763002864 , -0.00661682007964 , 51 , 108 , -151 , 1569444877.165189
0.614120195159 , 0.105628291269 , -0.00794018409557 , 43 , 93 , -142 , 1569444877.218429
0.636823881301 , 0.112767920192 , -0.00735202231071 , 40 , 97 , -149 , 1569444877.259365
0.656900543409 , 0.118599139591 , -0.00544049650993 , 40 , 100 , -151 , 1569444877.3044326
0.676722710504 , 0.124218606237 , -0.0030878493705 , 33 , 97 , -142 , 1569444877.3495517
0.696142417648 , 0.129215385969 , -0.000294080892428 , 29 , 97 , -145 , 1569444877.394515
0.71525780155 , 0.13443411178 , 0.00382305160157 , 37 , 93 , -141 , 1569444877.4393055
0.733914432989 , 0.140148890959 , 0.00794018409557 , 29 , 93 , -142 , 1569444877.480528
0.752504979262 , 0.145185755382 , 0.0124984379282 , 33 , 89 , -142 , 1569444877.5255713
0.770678304127 , 0.15086117945 , 0.016468529976 , 33 , 89 , -139 , 1569444877.570617
0.788682424877 , 0.156690119459 , 0.0204386220238 , 37 , 86 , -138 , 1569444877.6116092
0.806600608788 , 0.163287798657 , 0.0249968758564 , 37 , 82 , -142 , 1569444877.656613
0.824290845576 , 0.170129820561 , 0.0304373723663 , 44 , 79 , -142 , 1569444877.7016716
0.84157867044 , 0.177923343135 , 0.0347015453066 , 44 , 75 , -138 , 1569444877.7467551
0.858300172088 , 0.185799966386 , 0.0386716373543 , 55 , 71 , -138 , 1569444877.787755
0.874757973314 , 0.194740434646 , 0.0404361227089 , 51 , 74 , -134 , 1569444877.8327637
0.891319261148 , 0.203155543868 , 0.0410242844938 , 66 , 75 , -135 , 1569444877.8777683
0.907492468961 , 0.212655153206 , 0.0394068395854 , 55 , 78 , -127 , 1569444877.9230058
0.923812945383 , 0.22123909177 , 0.0383775564619 , 66 , 71 , -134 , 1569444877.9637876
0.939862962074 , 0.230774043299 , 0.0376423542308 , 59 , 75 , -134 , 1569444878.008837
0.956188045396 , 0.239608350214 , 0.0376423542308 , 69 , 67 , -134 , 1569444878.0538697
0.971746796271 , 0.249504139033 , 0.0367601115536 , 62 , 67 , -123 , 1569444878.0988915
0.987155754261 , 0.258429844234 , 0.0361719497687 , 62 , 63 , -134 , 1569444878.143851
1.00287108161 , 0.268391752818 , 0.0374953137846 , 62 , 67 , -130 , 1569444878.1849296
1.01883279324 , 0.27790891272 , 0.0380834755695 , 65 , 67 , -138 , 1569444878.2299886
1.03453968652 , 0.287621669064 , 0.0379364351233 , 66 , 71 , -124 , 1569444878.275475
1.04977293787 , 0.297090422241 , 0.0361719497687 , 66 , 63 , -127 , 1569444878.3200328
1.06458462144 , 0.306600290428 , 0.0366130711073 , 62 , 63 , -123 , 1569444878.3609943
1.07960189929 , 0.315677073225 , 0.0369071519998 , 66 , 67 , -131 , 1569444878.4061375
1.09475023726 , 0.325070733716 , 0.0366130711073 , 66 , 60 , -123 , 1569444878.4511974
1.1093271883 , 0.334271169692 , 0.0367601115536 , 62 , 63 , -131 , 1569444878.4963596
1.12664998204 , 0.345140349712 , 0.0372012328922 , 70 , 59 , -131 , 1569444878.5453444
1.14148671742 , 0.355030196624 , 0.0377893946771 , 66 , 63 , -134 , 1569444878.5904183
1.15676232737 , 0.364693962143 , 0.0383775564619 , 73 , 56 , -127 , 1569444878.63803
1.17306828347 , 0.376391527711 , 0.0383775564619 , 73 , 60 , -131 , 1569444878.6845746
1.1878719366 , 0.386857162848 , 0.0366130711073 , 70 , 63 , -124 , 1569444878.7296805
1.20252923925 , 0.39650784479 , 0.0351426666452 , 76 , 60 , -126 , 1569444878.7746034
1.21915329195 , 0.408442006738 , 0.0335252217368 , 73 , 48 , -119 , 1569444878.8237693
1.23246370558 , 0.418672095862 , 0.0324959386133 , 77 , 49 , -123 , 1569444878.8689492
1.2457773802 , 0.429111862865 , 0.0317607363823 , 70 , 48 , -127 , 1569444878.9097998
1.2592411603 , 0.439630219473 , 0.0319077768285 , 73 , 52 , -123 , 1569444878.9548988
1.27284581437 , 0.450238957297 , 0.0298492105815 , 73 , 48 , -127 , 1569444878.9999244
1.28646060528 , 0.461210619937 , 0.0302903319201 , 70 , 44 , -116 , 1569444879.0449123
1.29906922579 , 0.471682788807 , 0.0304373723663 , 73 , 37 , -123 , 1569444879.0897908
1.31179335036 , 0.483082745975 , 0.0323488981671 , 77 , 37 , -120 , 1569444879.1309671
1.32377652296 , 0.49428806721 , 0.0332311408444 , 74 , 33 , -123 , 1569444879.1760566
1.33602513003 , 0.505960358766 , 0.0360249093225 , 77 , 30 , -120 , 1569444879.2210557
1.34790357925 , 0.51762670499 , 0.039112758693 , 81 , 30 , -119 , 1569444879.2620583
1.35958887369 , 0.529631077405 , 0.04117132494 , 77 , 33 , -120 , 1569444879.307023
1.37134842836 , 0.541607634693 , 0.0433769316332 , 77 , 30 , -117 , 1569444879.3521
1.3827890521 , 0.553653332616 , 0.0449943765415 , 88 , 26 , -124 , 1569444879.3971353
1.39412288206 , 0.566580534535 , 0.0467588618961 , 81 , 26 , -116 , 1569444879.4381313
1.40513078651 , 0.578758388982 , 0.0476411045734 , 92 , 30 , -116 , 1569444879.4831643
1.41654033598 , 0.591441092205 , 0.0470529427885 , 91 , 33 , -120 , 1569444879.5281992
1.42811154922 , 0.603928563311 , 0.0463177405575 , 92 , 33 , -119 , 1569444879.5735688
1.44027505468 , 0.617413420519 , 0.0441121338643 , 95 , 22 , -120 , 1569444879.6183279
1.45121629794 , 0.630704294353 , 0.0439650934181 , 92 , 30 , -115 , 1569444879.6632733
1.46231803033 , 0.643692921955 , 0.0426417294021 , 92 , 33 , -120 , 1569444879.7051742
1.47363508749 , 0.656563448544 , 0.0402890822627 , 88 , 33 , -116 , 1569444879.749362
1.48489694546 , 0.669124266281 , 0.039112758693 , 96 , 33 , -116 , 1569444879.7943811
1.49643091287 , 0.682520670261 , 0.0366130711073 , 96 , 30 , -119 , 1569444879.8394265
1.50753112292 , 0.695423784799 , 0.0335252217368 , 92 , 30 , -116 , 1569444879.8803642
1.51865988557 , 0.708627625935 , 0.0322018577209 , 95 , 22 , -112 , 1569444879.925718
1.52965112436 , 0.722119209432 , 0.0320548172747 , 93 , 30 , -123 , 1569444879.9784658
1.54299811076 , 0.737697199124 , 0.0323488981671 , 95 , 22 , -123 , 1569444880.0198073
1.55441451082 , 0.75145579191 , 0.0335252217368 , 96 , 33 , -119 , 1569444880.0647085
1.56630583294 , 0.765020648311 , 0.0326429790596 , 92 , 26 , -127 , 1569444880.1099575
1.57805946777 , 0.778709884519 , 0.032937059952 , 96 , 22 , -115 , 1569444880.1547585
1.58908086762 , 0.79246244146 , 0.0327900195058 , 99 , 22 , -116 , 1569444880.1956897
1.59971921354 , 0.806144841064 , 0.0323488981671 , 89 , 18 , -119 , 1569444880.241014
1.61031974783 , 0.819681366119 , 0.0324959386133 , 99 , 18 , -116 , 1569444880.2858799
1.6207139434 , 0.833548236217 , 0.0322018577209 , 100 , 11 , -112 , 1569444880.3308184
1.63048797671 , 0.847252179468 , 0.0320548172747 , 96 , 18 , -113 , 1569444880.3718264
1.64025865265 , 0.86112222539 , 0.0327900195058 , 96 , 7 , -118 , 1569444880.4169805
1.65000447405 , 0.875446213658 , 0.0354367475376 , 93 , 3 , -117 , 1569444880.4630291
1.65959385554 , 0.890406760641 , 0.0395538800316 , 96 , 3 , -120 , 1569444880.5069683
1.66860626466 , 0.904966875548 , 0.0441121338643 , 96 , 3 , -114 , 1569444880.5520663
1.67717779226 , 0.919271743852 , 0.048082225912 , 96 , 0 , -119 , 1569444880.5936153
1.68590324449 , 0.934263982094 , 0.0527875201909 , 101 , 0 , -114 , 1569444880.6380575
1.69419211789 , 0.948886101872 , 0.0567576122387 , 100 , 0 , -118 , 1569444880.682975
1.70263749077 , 0.964028914761 , 0.0601395425016 , 100 , 0 , -115 , 1569444880.7241054
1.71084175377 , 0.979132794833 , 0.0627862705335 , 97 , 0 , -107 , 1569444880.769087
1.71879083577 , 0.993824915889 , 0.0654329985653 , 104 , 0 , -115 , 1569444880.8100402
1.7267036213 , 1.009238136 , 0.0664622816888 , 111 , 0 , -106 , 1569444880.8551304
1.73389670805 , 1.02430465077 , 0.0654329985653 , 108 , 0 , -111 , 1569444880.9001763
1.74150151054 , 1.03997766581 , 0.0648448367805 , 112 , 0 , -110 , 1569444880.9419844
1.74869723298 , 1.05536707407 , 0.0629333109797 , 100 , 0 , -103 , 1569444880.9872832
1.75627974293 , 1.07045729637 , 0.0629333109797 , 111 , 0 , -99 , 1569444881.0311866
1.76351189765 , 1.08572139221 , 0.0608747447327 , 104 , 0 , -100 , 1569444881.0722117
1.77060945415 , 1.10051261735 , 0.0595513807168 , 112 , 0 , -107 , 1569444881.1172268
1.77808972986 , 1.11570791081 , 0.0585220975933 , 107 , 0 , -103 , 1569444881.1622398
1.78544889211 , 1.1307475569 , 0.0571987335773 , 100 , 0 , -103 , 1569444881.2034414
1.79261035601 , 1.1453452395 , 0.0558753695614 , 103 , 0 , -103 , 1569444881.2482853
1.80006229291 , 1.16028437535 , 0.0545520055455 , 108 , 7 , -103 , 1569444881.2933104
1.80762453501 , 1.17533049787 , 0.0529345606371 , 104 , 0 , -99 , 1569444881.3342385
1.81502372934 , 1.19024253387 , 0.0516111966212 , 115 , 0 , -100 , 1569444881.3875062
1.8233234405 , 1.20779193295 , 0.0476411045734 , 111 , 0 , -95 , 1569444881.428359
1.83032344307 , 1.22252992439 , 0.0439650934181 , 114 , 0 , -99 , 1569444881.473592
1.83737020792 , 1.23740954835 , 0.0402890822627 , 105 , 0 , -92 , 1569444881.518364
1.84443339999 , 1.25200998369 , 0.0374953137846 , 119 , 0 , -103 , 1569444881.5595167
1.85180654181 , 1.26715987385 , 0.0341133835217 , 107 , 0 , -95 , 1569444881.6045222
1.8589654837 , 1.28154888231 , 0.0313196150436 , 104 , 0 , -103 , 1569444881.645482
1.86663600677 , 1.29632392291 , 0.0297021701353 , 103 , 0 , -99 , 1569444881.6906888
1.87414856065 , 1.31068983423 , 0.0282317656731 , 108 , 0 , -111 , 1569444881.7356126
1.88195983334 , 1.32549970399 , 0.0273495229958 , 104 , 0 , -103 , 1569444881.7765176
1.88969659395 , 1.33996490319 , 0.0264672803186 , 108 , 0 , -95 , 1569444881.8216228
1.89711120231 , 1.35427466743 , 0.0248498354102 , 112 , 0 , -99 , 1569444881.8665729
1.90462764676 , 1.36930098048 , 0.0217619860397 , 108 , 0 , -95 , 1569444881.9085157
1.91191112886 , 1.38379493521 , 0.0186741366692 , 116 , 0 , -92 , 1569444881.9526644
1.91889909891 , 1.39834380398 , 0.0138218019441 , 116 , 0 , -95 , 1569444881.9936767
1.92614185458 , 1.41353170925 , 0.00808722454178 , 119 , 0 , -87 , 1569444882.0386634
1.93284638502 , 1.42819781844 , 0.000735202231071 , 116 , 0 , -88 , 1569444882.0836806
1.93980378891 , 1.44273053355 , -0.00573457740235 , 116 , 0 , -88 , 1569444882.125398
1.94680812318 , 1.45746964448 , -0.0130865997131 , 114 , 0 , -84 , 1569444882.169671
1.95342873282 , 1.47154861742 , -0.0201445411313 , 121 , 0 , -80 , 1569444882.2145765
1.96092995299 , 1.48833116107 , -0.0285258465656 , 114 , -40 , -82 , 1569444882.2639384
1.96502224479 , 1.50450869261 , -0.0257320780875 , 107 , -40 , -93 , 1569444882.3089464
1.96955018384 , 1.52057342993 , -0.0199975006851 , 99 , -45 , -82 , 1569444882.35377
1.97310168028 , 1.53601091529 , -0.0124984379282 , 103 , -55 , -93 , 1569444882.3949041
1.97572697509 , 1.55246262303 , -0.002058566247 , 99 , -63 , -85 , 1569444882.4399838
1.97774423914 , 1.56863442412 , 0.00852834588042 , 110 , -63 , -82 , 1569444882.4850705
1.97876306556 , 1.58535045631 , 0.0174978130995 , 106 , -70 , -78 , 1569444882.5300677
1.97924192951 , 1.60223578142 , 0.0273495229958 , 114 , -70 , -75 , 1569444882.5748982
1.97916745245 , 1.61911441855 , 0.0345545048603 , 107 , -63 , -71 , 1569444882.6160607
1.97895678882 , 1.63501317399 , 0.0397009204778 , 114 , -63 , -59 , 1569444882.6611323
1.97829812571 , 1.65159508226 , 0.0427887698483 , 111 , -67 , -63 , 1569444882.7061603
1.97733100168 , 1.66852738564 , 0.0469059023423 , 118 , -67 , -63 , 1569444882.7513165
1.97652668511 , 1.68566225704 , 0.0511700752825 , 114 , -59 , -67 , 1569444882.7921746
1.97587119363 , 1.70224542063 , 0.054257924653 , 119 , -59 , -67 , 1569444882.8454878
1.97506888309 , 1.72147927964 , 0.0567576122387 , 117 , -59 , -63 , 1569444882.8904562
1.97439834851 , 1.73839872417 , 0.057639854916 , 122 , -59 , -60 , 1569444882.9313893
1.97375314911 , 1.7554598146 , 0.0570516931311 , 128 , -51 , -63 , 1569444882.976593
1.97352995902 , 1.77209707951 , 0.0545520055455 , 121 , -55 , -59 , 1569444883.0215635
1.97310829332 , 1.78869376206 , 0.0532286415295 , 121 , -44 , -67 , 1569444883.0667474
1.97365195809 , 1.80486563543 , 0.0502878326053 , 118 , -44 , -67 , 1569444883.1077328
1.97448341609 , 1.82107590431 , 0.0479351854658 , 121 , -44 , -67 , 1569444883.1525471
1.97548596233 , 1.83754227856 , 0.0455825383264 , 114 , -41 , -60 , 1569444883.197797
1.97626776269 , 1.85332321092 , 0.043229891187 , 114 , -41 , -71 , 1569444883.2426686
1.97789767428 , 1.86938901531 , 0.0417594867248 , 118 , -41 , -74 , 1569444883.2836983
1.9799735035 , 1.88577763351 , 0.0414654058324 , 121 , -37 , -75 , 1569444883.328695
1.9824432516 , 1.90212586053 , 0.0395538800316 , 118 , -29 , -79 , 1569444883.3737416
1.98540481939 , 1.91784449396 , 0.0373482733384 , 122 , -37 , -78 , 1569444883.4188726
1.98788410981 , 1.93443187114 , 0.034995626199 , 118 , -33 , -71 , 1569444883.4636528
1.99032720279 , 1.95039573064 , 0.0320548172747 , 118 , -33 , -67 , 1569444883.504819
1.99260495631 , 1.96542311221 , 0.0277906443345 , 109 , -26 , -64 , 1569444883.5580359
1.99557427595 , 1.98224679029 , 0.0227912691632 , 107 , -33 , -56 , 1569444883.5989375
1.99733805357 , 1.99617563233 , 0.0191152580078 , 99 , -34 , -56 , 1569444883.6440752
1.99877772461 , 2.00947598046 , 0.0179389344381 , 103 , -26 , -52 , 1569444883.6890926
2.00043458531 , 2.02233116688 , 0.0139688423904 , 85 , -30 , -49 , 1569444883.729951
2.00167657265 , 2.03388790676 , 0.0120573165896 , 85 , -33 , -49 , 1569444883.775155
2.00269770831 , 2.04552314123 , 0.0110280334661 , 81 , -37 , -48 , 1569444883.8201709
2.00325188338 , 2.05670500643 , 0.010292831235 , 78 , -37 , -41 , 1569444883.8610716
2.00353028383 , 2.06726887633 , 0.0107339525736 , 74 , -37 , -45 , 1569444883.906168
2.00384971213 , 2.07808481209 , 0.0124984379282 , 63 , -33 , -37 , 1569444883.9511492
2.00373029656 , 2.08763875402 , 0.0147040446214 , 67 , -34 , -37 , 1569444883.9921572
2.00339627203 , 2.09718956335 , 0.0169096513146 , 67 , -37 , -30 , 1569444884.037231
2.00304779651 , 2.10634854105 , 0.0179389344381 , 66 , -37 , -34 , 1569444884.082239
2.00234370489 , 2.115920077 , 0.0207327029162 , 63 , -45 , -37 , 1569444884.1231363
2.00165835858 , 2.1256302701 , 0.0233794309481 , 70 , -41 , -34 , 1569444884.16826
2.00104145456 , 2.1354525979 , 0.0248498354102 , 63 , -41 , -33 , 1569444884.2132404
2.00012541452 , 2.14504336143 , 0.0273495229958 , 70 , -41 , -37 , 1569444884.2542431
1.99952171124 , 2.15472484975 , 0.0298492105815 , 63 , -37 , -30 , 1569444884.2992656
1.99877622058 , 2.16347893331 , 0.0310255341512 , 74 , -41 , -30 , 1569444884.3443062
1.99785020156 , 2.17303743362 , 0.0307314532588 , 67 , -37 , -30 , 1569444884.3854678
1.99673867758 , 2.18242271151 , 0.0304373723663 , 70 , -45 , -30 , 1569444884.4303002
1.9953702237 , 2.19238737239 , 0.0314666554898 , 73 , -45 , -33 , 1569444884.4753098
1.99417618663 , 2.20263594764 , 0.0322018577209 , 78 , -45 , -37 , 1569444884.5163126
1.99301848206 , 2.21302481622 , 0.0323488981671 , 70 , -48 , -26 , 1569444884.5614004
1.99100134515 , 2.22299442017 , 0.0335252217368 , 74 , -45 , -33 , 1569444884.6064718
1.98978995902 , 2.23312882775 , 0.0354367475376 , 63 , -33 , -30 , 1569444884.647361
1.98889488901 , 2.241986861 , 0.0354367475376 , 63 , -38 , -18 , 1569444884.7005541
1.98727528042 , 2.2521610595 , 0.0336722621831 , 63 , -37 , -18 , 1569444884.741644
1.98563333528 , 2.2606595309 , 0.0314666554898 , 70 , -41 , -22 , 1569444884.7866256
1.9836953343 , 2.26993433662 , 0.0298492105815 , 63 , -41 , -18 , 1569444884.8277373
1.98163640527 , 2.27890075466 , 0.0297021701353 , 66 , -49 , -26 , 1569444884.8726914
1.97951632185 , 2.28834076944 , 0.0302903319201 , 66 , -41 , -30 , 1569444884.917658
1.97816117877 , 2.29791468326 , 0.0305844128126 , 70 , -45 , -30 , 1569444884.958733
1.97640603348 , 2.30781145571 , 0.0313196150436 , 70 , -49 , -33 , 1569444885.00368
1.97497254944 , 2.31802470597 , 0.0319077768285 , 66 , -45 , -30 , 1569444885.0487354
1.97321322144 , 2.32763991242 , 0.0338193026293 , 74 , -49 , -30 , 1569444885.0896757
1.97114156741 , 2.33735360802 , 0.0345545048603 , 63 , -41 , -18 , 1569444885.1347117
1.96914298399 , 2.34614605641 , 0.0330841003982 , 74 , -41 , -15 , 1569444885.1798265
1.96728301359 , 2.35553260623 , 0.0298492105815 , 70 , -41 , -15 , 1569444885.2207124
1.96512234592 , 2.36466368736 , 0.0274965634421 , 74 , -45 , -26 , 1569444885.2657716
1.96316589792 , 2.37419612775 , 0.026761361211 , 66 , -45 , -26 , 1569444885.3108637
1.96102446518 , 2.38366896933 , 0.0270554421034 , 70 , -45 , -26 , 1569444885.3517988
1.95930425616 , 2.393571874 , 0.0273495229958 , 70 , -49 , -26 , 1569444885.39684
1.9571895799 , 2.40363124966 , 0.0285258465656 , 74 , -52 , -26 , 1569444885.4417644
1.95496633241 , 2.4136853705 , 0.0301432914739 , 66 , -49 , -30 , 1569444885.4828544
1.95288455847 , 2.4233213825 , 0.0330841003982 , 70 , -56 , -30 , 1569444885.5279076
1.95055882487 , 2.43361496573 , 0.0364660306611 , 63 , -52 , -30 , 1569444885.5688548
1.94860755913 , 2.44330051764 , 0.0405831631551 , 74 , -52 , -30 , 1569444885.6139069
1.9464094329 , 2.45330507701 , 0.0416124462786 , 70 , -49 , -26 , 1569444885.6631591
1.94390929685 , 2.46449758396 , 0.0419065271711 , 66 , -45 , -18 , 1569444885.7084925
1.94138174197 , 2.47395468497 , 0.0414654058324 , 70 , -49 , -18 , 1569444885.753192
1.93881116929 , 2.48338298043 , 0.0404361227089 , 74 , -45 , -18 , 1569444885.7940238
1.9362839703 , 2.49317876591 , 0.0386716373543 , 74 , -52 , -15 , 1569444885.8391685
1.93333347932 , 2.50310174183 , 0.0372012328922 , 74 , -49 , -18 , 1569444885.8848267
1.93041005124 , 2.51269402517 , 0.0357308284301 , 74 , -53 , -11 , 1569444885.9252033
1.9272539477 , 2.52242155288 , 0.0345545048603 , 74 , -53 , -18 , 1569444885.9702184
1.92407154545 , 2.53184398363 , 0.0339663430755 , 70 , -45 , -15 , 1569444886.015233
1.92132899112 , 2.54131099578 , 0.0326429790596 , 70 , -49 , -19 , 1569444886.0569592
1.91849859283 , 2.55089016164 , 0.0314666554898 , 70 , -49 , -22 , 1569444886.1012845
1.91601890241 , 2.56045538332 , 0.0314666554898 , 70 , -49 , -26 , 1569444886.146244
1.9137889503 , 2.56977690232 , 0.0323488981671 , 70 , -45 , -30 , 1569444886.1872091
1.91217499149 , 2.57925641164 , 0.0335252217368 , 66 , -45 , -22 , 1569444886.232352
1.91047375995 , 2.58811648823 , 0.0336722621831 , 63 , -41 , -18 , 1569444886.2732365
1.90844115615 , 2.59671361442 , 0.0333781812906 , 63 , -37 , -22 , 1569444886.3182948
1.90646783424 , 2.60506165373 , 0.0326429790596 , 59 , -49 , -15 , 1569444886.3633668
1.90343664873 , 2.61337639705 , 0.0327900195058 , 66 , -49 , -15 , 1569444886.404331
1.90011039613 , 2.62179286679 , 0.0317607363823 , 63 , -45 , -11 , 1569444886.4495292
1.89656074169 , 2.62989791304 , 0.0299962510277 , 71 , -53 , -3 , 1569444886.4943902
1.8923298121 , 2.63860324457 , 0.0266143207648 , 63 , -45 , 0 , 1569444886.5353189
1.88823996127 , 2.64676685457 , 0.0224971882708 , 67 , -53 , -3 , 1569444886.5806239
1.88408071652 , 2.65522436288 , 0.0189682175616 , 64 , -49 , 0 , 1569444886.6217742
1.87995664288 , 2.66341716975 , 0.0152922064063 , 71 , -52 , -3 , 1569444886.6663651
1.87570517323 , 2.67243295964 , 0.0114691548047 , 71 , -57 , 0 , 1569444886.7072902
1.87120237036 , 2.68107050549 , 0.00867538632664 , 68 , -53 , 0 , 1569444886.7565491
1.86627635132 , 2.69108571431 , 0.00470529427885 , 67 , -53 , -3 , 1569444886.8018014
1.86212267079 , 2.69969901004 , 0.002058566247 , 67 , -61 , 0 , 1569444886.8464732
1.85794393005 , 2.70807173101 , -0.000147040446214 , 63 , -56 , -3 , 1569444886.8875737
1.8538804618 , 2.71656538477 , -0.00220560669321 , 67 , -49 , 0 , 1569444886.9325154
1.85007612566 , 2.72492716372 , -0.00588161784857 , 67 , -52 , -3 , 1569444886.9737394
1.8460607742 , 2.73333223116 , -0.00852834588042 , 56 , -53 , 0 , 1569444887.0191376
1.84201667413 , 2.74144100601 , -0.0101457907888 , 55 , -56 , -26 , 1569444887.0679777
1.83902648153 , 2.75197645508 , -0.00602865829478 , 59 , -60 , -33 , 1569444887.112849
1.83719709576 , 2.76157028397 , 0.00338193026293 , 55 , -60 , -49 , 1569444887.1537414
1.83619510861 , 2.77168039504 , 0.016468529976 , 55 , -60 , -52 , 1569444887.1988285
1.83553921248 , 2.78211970359 , 0.0304373723663 , 55 , -56 , -56 , 1569444887.2443695
1.83545881508 , 2.79271054489 , 0.046023659665 , 59 , -59 , -49 , 1569444887.301218
1.83320092177 , 2.80597492406 , 0.0580809762546 , 59 , -56 , -45 , 1569444887.3421311
1.83193754288 , 2.8160319874 , 0.0671974839199 , 68 , -54 , -37 , 1569444887.3831987
1.82946507621 , 2.82538589253 , 0.0726379804298 , 70 , -56 , -33 , 1569444887.4282622
1.82804489849 , 2.83623506818 , 0.0794018409557 , 67 , -53 , -33 , 1569444887.485842
1.82411360113 , 2.84903841944 , 0.0824896903262 , 70 , -49 , -33 , 1569444887.5305266
1.82151668677 , 2.85871936493 , 0.0836660138959 , 70 , -45 , -15 , 1569444887.5714931
1.81796346811 , 2.86750496956 , 0.0814604072027 , 74 , -49 , -3 , 1569444887.616609
1.81364433144 , 2.87640246055 , 0.0774903151549 , 70 , -49 , -7 , 1569444887.6615245
1.80941961053 , 2.88518150548 , 0.072785020876 , 70 , -53 , 0 , 1569444887.7026112
1.80472771729 , 2.89363512271 , 0.0691090097207 , 64 , -53 , 0 , 1569444887.7475634
1.79990084429 , 2.90170237034 , 0.0664622816888 , 63 , -57 , 0 , 1569444887.7885082
1.79492076371 , 2.90949075025 , 0.0654329985653 , 64 , -53 , 0 , 1569444887.8335445
1.79008442632 , 2.91743313347 , 0.0633744323183 , 64 , -53 , 0 , 1569444887.8751726
1.7849428467 , 2.92586893696 , 0.0613158660713 , 60 , -57 , 0 , 1569444887.919849
1.7796994272 , 2.93388813354 , 0.0610217851789 , 60 , -57 , 0 , 1569444887.9605742
1.77466860143 , 2.94164181883 , 0.0605806638403 , 60 , -57 , 0 , 1569444888.005555
1.76973779789 , 2.94940358192 , 0.059698421163 , 63 , -53 , 0 , 1569444888.0465574
1.76500705719 , 2.9571812404 , 0.0579339358084 , 59 , -61 , 0 , 1569444888.0959187
1.75921248522 , 2.96599613748 , 0.0579339358084 , 52 , -57 , 0 , 1569444888.1407592
1.75412195006 , 2.97353659005 , 0.0585220975933 , 59 , -61 , 0 , 1569444888.1816463
1.74876093695 , 2.98147824394 , 0.0591102593781 , 60 , -57 , 0 , 1569444888.2266922
1.74379489714 , 2.98921650137 , 0.0585220975933 , 60 , -61 , 0 , 1569444888.2676406
1.73869339171 , 2.99686551801 , 0.0588161784857 , 56 , -57 , 0 , 1569444888.3127067
1.73373948123 , 3.00443789926 , 0.0586691380395 , 63 , -60 , 0 , 1569444888.35363
1.72851402843 , 3.01252672488 , 0.0582280167008 , 59 , -57 , 0 , 1569444888.398713
1.72364818086 , 3.02033077329 , 0.0570516931311 , 67 , -61 , 0 , 1569444888.4396188
1.71842944601 , 3.02853960912 , 0.0563164909 , 60 , -57 , 0 , 1569444888.4847038
1.71367200548 , 3.03641417862 , 0.0545520055455 , 63 , -60 , 0 , 1569444888.5260868
1.70862942206 , 3.04444867643 , 0.0536697628682 , 60 , -57 , 0 , 1569444888.5709774
1.70344747085 , 3.05250772994 , 0.0533756819758 , 67 , -61 , 0 , 1569444888.6116185
1.69844626732 , 3.06085761237 , 0.051464156175 , 64 , -64 , 0 , 1569444888.656735
1.69317108141 , 3.06920210411 , 0.0508759943901 , 63 , -61 , 0 , 1569444888.697621
1.68800314106 , 3.07744301254 , 0.050140792159 , 63 , -64 , 0 , 1569444888.7432933
1.68190693408 , 3.0869275817 , 0.0499937517128 , 64 , -64 , 0 , 1569444888.7923985
1.67674626622 , 3.0951730463 , 0.0492585494818 , 71 , -57 , 0 , 1569444888.8334367
1.67157240324 , 3.10381295597 , 0.0474940641272 , 60 , -60 , 0 , 1569444888.8778412
1.66639331227 , 3.11187365422 , 0.0470529427885 , 56 , -61 , 0 , 1569444888.922908
1.66122303381 , 3.11982500925 , 0.0469059023423 , 60 , -60 , 0 , 1569444888.9639654
1.65605654449 , 3.12772131052 , 0.0469059023423 , 60 , -57 , 0 , 1569444889.0094104
1.65102589425 , 3.13581976724 , 0.0461707001113 , 60 , -57 , 0 , 1569444889.04984
1.64601925159 , 3.14353120955 , 0.0455825383264 , 55 , -61 , 0 , 1569444889.0948997
1.64092301297 , 3.15118536801 , 0.0464647810037 , 52 , -61 , 0 , 1569444889.1358488
1.63572594429 , 3.15877471711 , 0.0474940641272 , 55 , -60 , 3 , 1569444889.181149
1.63022044623 , 3.16656817829 , 0.0483763068045 , 52 , -61 , 0 , 1569444889.2219622
1.62501428379 , 3.1740359592 , 0.050140792159 , 56 , -61 , 0 , 1569444889.2669027
1.61969549487 , 3.18154549689 , 0.0513171157288 , 56 , -65 , 0 , 1569444889.307847
1.61425689389 , 3.18932281761 , 0.0530816010833 , 56 , -68 , 0 , 1569444889.3529031
1.60859647027 , 3.19735924369 , 0.0549931268841 , 56 , -64 , 0 , 1569444889.3941262
1.60307332221 , 3.20525333704 , 0.0557283291152 , 63 , -64 , 0 , 1569444889.4390943
1.59752569851 , 3.2134780994 , 0.0560224100076 , 60 , -65 , 0 , 1569444889.4798298
1.59193516432 , 3.2215590512 , 0.0573457740235 , 60 , -61 , 0 , 1569444889.5249715
1.58658349686 , 3.22950700587 , 0.0574928144698 , 64 , -64 , 11 , 1569444889.5698915
1.57962024315 , 3.23680180552 , 0.0524934392985 , 55 , -64 , 37 , 1569444889.6116672
1.57157777386 , 3.24323341459 , 0.0439650934181 , 66 , -52 , 30 , 1569444889.6560726
1.56454993465 , 3.24994337729 , 0.0336722621831 , 59 , -64 , 37 , 1569444889.6969366
1.55609700989 , 3.25653520906 , 0.0261731994261 , 59 , -64 , 37 , 1569444889.7421207
1.54783375571 , 3.2633895398 , 0.0192622984541 , 59 , -75 , 34 , 1569444889.7878213
1.53770486066 , 3.27163315616 , 0.0133806806055 , 66 , -75 , 33 , 1569444889.837806
1.52869209031 , 3.27972696664 , 0.00808722454178 , 66 , -82 , 33 , 1569444889.8813155
1.51923705558 , 3.28803207951 , 0.00455825383264 , 66 , -83 , 26 , 1569444889.9263182
1.51058484786 , 3.29654166063 , 0.00235264713943 , 59 , -79 , 26 , 1569444889.967284
1.50248509316 , 3.30448486693 , 0.000147040446214 , 57 , -75 , 21 , 1569444890.0094845
1.4950319452 , 3.31241807358 , 0.00176448535457 , 51 , -82 , 18 , 1569444890.0534241
1.4873239791 , 3.32036672553 , 0.00485233472507 , 52 , -79 , 3 , 1569444890.0981393
1.48089841307 , 3.32821406615 , 0.00838130543421 , 52 , -71 , 0 , 1569444890.1433253
1.47341523554 , 3.33767843101 , 0.0135277210517 , 52 , -79 , 3 , 1569444890.1925724
1.46735389771 , 3.34572704013 , 0.0179389344381 , 56 , -72 , 0 , 1569444890.233738
1.46159428333 , 3.35383870881 , 0.0219090264859 , 52 , -72 , 0 , 1569444890.278908
1.45580251035 , 3.36192744742 , 0.0258791185337 , 52 , -71 , 0 , 1569444890.3235395
1.44983427313 , 3.36996144373 , 0.0301432914739 , 48 , -76 , 0 , 1569444890.3644686
1.44368420338 , 3.37804931727 , 0.0352897070914 , 60 , -76 , 0 , 1569444890.4096358
1.4375340511 , 3.38630258235 , 0.0388186778006 , 52 , -68 , 0 , 1569444890.4505744
1.43151179731 , 3.3942326432 , 0.0433769316332 , 52 , -68 , 0 , 1569444890.495529
1.4256021253 , 3.40205773157 , 0.0474940641272 , 52 , -68 , 0 , 1569444890.5365303
1.41966559205 , 3.40974679806 , 0.0510230348363 , 63 , -68 , 0 , 1569444890.5815828
1.41386962015 , 3.41792696237 , 0.0532286415295 , 56 , -68 , 0 , 1569444890.6224554
1.40812326406 , 3.42573422214 , 0.0561694504538 , 56 , -68 , 0 , 1569444890.6675594
1.40216699418 , 3.43340210842 , 0.0594043402705 , 52 , -67 , 0 , 1569444890.708464
1.39609597704 , 3.4409333874 , 0.063815553657 , 52 , -72 , 0 , 1569444890.7535713
1.38997041721 , 3.44877238244 , 0.0677856457048 , 56 , -68 , 0 , 1569444890.794492
1.38407599157 , 3.45629677598 , 0.0701382928442 , 44 , -67 , 26 , 1569444890.839573
1.37666297409 , 3.4623855297 , 0.0695501310593 , 55 , -56 , 33 , 1569444890.8846965
1.36862793806 , 3.4684070561 , 0.06175698741 , 62 , -60 , 52 , 1569444890.925612
1.35945850488 , 3.47399808857 , 0.0499937517128 , 59 , -60 , 56 , 1569444890.9706492
1.34964868742 , 3.47929758535 , 0.0380834755695 , 59 , -67 , 56 , 1569444891.01567
1.33950946525 , 3.48486630653 , 0.0274965634421 , 55 , -75 , 56 , 1569444891.0566607
1.32937909028 , 3.49062450768 , 0.0182330153306 , 52 , -71 , 45 , 1569444891.1017826
1.31968954214 , 3.49648336154 , 0.0116161952509 , 59 , -79 , 41 , 1569444891.1467075
1.30998312258 , 3.50304816198 , 0.006175698741 , 48 , -75 , 37 , 1569444891.1880252
1.3007503023 , 3.50930517931 , 0.00235264713943 , 55 , -79 , 37 , 1569444891.2327876
1.29154055016 , 3.51598857488 , -0.000735202231071 , 55 , -82 , 30 , 1569444891.2782884
1.28273875933 , 3.52292359367 , -0.00176448535457 , 48 , -79 , 30 , 1569444891.3193464
1.27413717597 , 3.52958795038 , -0.00161744490836 , 48 , -82 , 30 , 1569444891.3637726
1.26538912817 , 3.53605571351 , -0.000735202231071 , 37 , -83 , 33 , 1569444891.4088185
1.25678011474 , 3.54192895826 , 0.00191152580078 , 37 , -79 , 22 , 1569444891.4499645
1.24917074935 , 3.54831215425 , 0.00602865829478 , 48 , -79 , 22 , 1569444891.4948814
1.24119459511 , 3.55496923436 , 0.00955762900392 , 40 , -79 , 18 , 1569444891.535769
1.2336762006 , 3.56188211436 , 0.0141158828366 , 44 , -79 , 3 , 1569444891.5808706
1.22670068004 , 3.56921580678 , 0.0192622984541 , 48 , -79 , 11 , 1569444891.6260314
1.21997348797 , 3.57674255555 , 0.0255850376413 , 45 , -83 , 3 , 1569444891.666834
1.21319455277 , 3.58439419112 , 0.0336722621831 , 48 , -79 , 0 , 1569444891.7119236
1.20677887195 , 3.59231255631 , 0.0402890822627 , 52 , -79 , 3 , 1569444891.7528732
1.2001490077 , 3.60060117514 , 0.0451414169878 , 56 , -76 , 0 , 1569444891.7979288
1.1936799276 , 3.60869880536 , 0.0508759943901 , 52 , -76 , 0 , 1569444891.8395333
1.18736350812 , 3.61665744226 , 0.0560224100076 , 52 , -72 , 0 , 1569444891.8838704
1.18097197931 , 3.62432971281 , 0.0611688256251 , 55 , -75 , 26 , 1569444891.9288466
1.17279668423 , 3.63116240352 , 0.0613158660713 , 51 , -71 , 37 , 1569444891.9698937
1.163938705 , 3.63725228469 , 0.0569046526849 , 55 , -71 , 49 , 1569444892.0150895
1.15427938675 , 3.64260643904 , 0.0495526303742 , 55 , -75 , 52 , 1569444892.0601842
1.14228726349 , 3.64897674388 , 0.0398479609241 , 59 , -79 , 63 , 1569444892.1091478
1.13126568588 , 3.65454869809 , 0.0304373723663 , 44 , -71 , 60 , 1569444892.1541786
1.12109811109 , 3.65935409369 , 0.0242616736253 , 48 , -75 , 49 , 1569444892.1951482
1.11133927569 , 3.66456673385 , 0.0198504602389 , 40 , -79 , 45 , 1569444892.2402518
1.10141000941 , 3.6698185295 , 0.0167626108684 , 40 , -76 , 45 , 1569444892.2853558
1.09032364715 , 3.67580777159 , 0.0139688423904 , 51 , -79 , 41 , 1569444892.3351088
1.08056708359 , 3.68137131861 , 0.0113221143585 , 40 , -75 , 41 , 1569444892.3793688
1.07107258854 , 3.68648849819 , 0.0101457907888 , 33 , -76 , 33 , 1569444892.4203637
1.06211665995 , 3.69159430692 , 0.0119102761434 , 31 , -79 , 33 , 1569444892.4697783
1.05168817591 , 3.69767270088 , 0.0158803681911 , 36 , -79 , 34 , 1569444892.5145874
1.04279810729 , 3.70284034094 , 0.0182330153306 , 37 , -82 , 37 , 1569444892.560545
1.03331838446 , 3.70780886644 , 0.02058566247 , 29 , -83 , 33 , 1569444892.6005828
1.02402166578 , 3.71270319647 , 0.0235264713943 , 35 , -83 , 39 , 1569444892.6579788
1.01181499972 , 3.71926259117 , 0.0260261589799 , 33 , -79 , 34 , 1569444892.7031384
1.00283112991 , 3.72408715678 , 0.0283788061193 , 37 , -82 , 37 , 1569444892.7487068
0.991970921401 , 3.72978789603 , 0.0313196150436 , 37 , -76 , 33 , 1569444892.7972534
0.982845660644 , 3.7351761356 , 0.0320548172747 , 40 , -86 , 33 , 1569444892.8422453
0.973510447006 , 3.74094238807 , 0.0330841003982 , 44 , -79 , 41 , 1569444892.8831654
0.96359818834 , 3.74640059737 , 0.0322018577209 , 44 , -83 , 41 , 1569444892.9282415
0.953681754099 , 3.75214678157 , 0.0314666554898 , 40 , -82 , 41 , 1569444892.9733396
0.943481111855 , 3.75783527267 , 0.0304373723663 , 44 , -83 , 37 , 1569444893.014227
0.933875237182 , 3.76327268411 , 0.0310255341512 , 37 , -83 , 37 , 1569444893.059435
0.923977702167 , 3.76863958992 , 0.0326429790596 , 44 , -82 , 37 , 1569444893.1044362
0.913622548922 , 3.77439510834 , 0.0298492105815 , 44 , -82 , 41 , 1569444893.15353
0.902523811087 , 3.78130280639 , 0.030878493705 , 40 , -83 , 45 , 1569444893.198542
0.892574386226 , 3.78680929535 , 0.0305844128126 , 44 , -79 , 41 , 1569444893.2396002
0.882675802333 , 3.79229226512 , 0.0301432914739 , 44 , -83 , 48 , 1569444893.2852461
0.872248437483 , 3.79773563347 , 0.0286728870118 , 37 , -82 , 41 , 1569444893.329599
0.862227257872 , 3.80281445977 , 0.0295551296891 , 40 , -83 , 37 , 1569444893.370503
0.852673726828 , 3.80828969924 , 0.0307314532588 , 40 , -86 , 45 , 1569444893.4156675
0.842633529053 , 3.81362713046 , 0.0304373723663 , 40 , -79 , 45 , 1569444893.4611728
0.832401433042 , 3.81896162359 , 0.0301432914739 , 44 , -90 , 49 , 1569444893.5015955
0.821478605031 , 3.82478135787 , 0.0289669679042 , 44 , -87 , 44 , 1569444893.5466213
0.810470747028 , 3.83044357811 , 0.0282317656731 , 44 , -83 , 41 , 1569444893.5918615
0.800156855777 , 3.83568618814 , 0.0282317656731 , 33 , -90 , 45 , 1569444893.6333601
0.789460734625 , 3.84075031134 , 0.0299962510277 , 37 , -87 , 41 , 1569444893.677706
0.779190166149 , 3.84583654021 , 0.0319077768285 , 40 , -83 , 41 , 1569444893.7227447
0.768865985517 , 3.85076196629 , 0.0335252217368 , 33 , -86 , 48 , 1569444893.7637098
0.758161936465 , 3.85521095964 , 0.034995626199 , 37 , -79 , 45 , 1569444893.808855
0.748312059699 , 3.85995389004 , 0.0348485857528 , 40 , -86 , 49 , 1569444893.8545017
0.735885193748 , 3.86502772346 , 0.0342604239679 , 26 , -79 , 45 , 1569444893.9029799
0.725487182632 , 3.86892036529 , 0.0358778688763 , 23 , -83 , 52 , 1569444893.9520423
0.712943096082 , 3.87305484776 , 0.037054192446 , 33 , -86 , 45 , 1569444893.9971156
0.702190581646 , 3.87704546897 , 0.0380834755695 , 29 , -79 , 48 , 1569444894.0421917
0.691635892695 , 3.88080905085 , 0.0379364351233 , 33 , -83 , 60 , 1569444894.0837274
0.680353258352 , 3.88463040814 , 0.0369071519998 , 22 , -75 , 56 , 1569444894.1287413
0.669447077588 , 3.88755455925 , 0.0363189902149 , 29 , -86 , 60 , 1569444894.1732457
0.657655951045 , 3.89090020536 , 0.0372012328922 , 29 , -86 , 56 , 1569444894.2143052
0.645950276826 , 3.89446239383 , 0.0374953137846 , 25 , -89 , 63 , 1569444894.2594001
0.633819876393 , 3.89769771562 , 0.0379364351233 , 33 , -90 , 60 , 1569444894.3042417
0.621337911637 , 3.90122193255 , 0.0377893946771 , 22 , -90 , 64 , 1569444894.3493903
0.608727232845 , 3.90432373418 , 0.0385245969081 , 29 , -97 , 67 , 1569444894.3903902
0.595267517555 , 3.90802667023 , 0.0377893946771 , 40 , -105 , 74 , 1569444894.4352973
0.581017850283 , 3.91221276941 , 0.0361719497687 , 33 , -101 , 71 , 1569444894.4803612
0.567268654197 , 3.91616021666 , 0.0352897070914 , 29 , -94 , 71 , 1569444894.5216799
0.554209834208 , 3.91986449176 , 0.0342604239679 , 29 , -98 , 71 , 1569444894.5674922
0.540331738332 , 3.92358194955 , 0.0333781812906 , 36 , -101 , 71 , 1569444894.6114082
0.526392715309 , 3.927784711 , 0.0319077768285 , 36 , -104 , 77 , 1569444894.6564553
0.511981586193 , 3.93182498572 , 0.0295551296891 , 26 , -104 , 71 , 1569444894.6974406
0.498081848656 , 3.93529909238 , 0.0305844128126 , 29 , -105 , 74 , 1569444894.742534
0.484120778215 , 3.93906458151 , 0.0301432914739 , 29 , -101 , 71 , 1569444894.7878194
0.47021563172 , 3.94264221225 , 0.0291140083504 , 33 , -98 , 74 , 1569444894.8324199
0.455932102702 , 3.94605532945 , 0.0285258465656 , 29 , -104 , 74 , 1569444894.8735414
0.441117718948 , 3.9494895916 , 0.0285258465656 , 23 , -112 , 89 , 1569444894.9267952
0.422097552849 , 3.95272000052 , 0.0285258465656 , 29 , -113 , 89 , 1569444894.967789
0.405892397379 , 3.95569534313 , 0.0294080892428 , 22 , -112 , 85 , 1569444895.0127952
0.38954198197 , 3.95856834238 , 0.0307314532588 , 22 , -116 , 89 , 1569444895.0578156
0.373036669917 , 3.96161071249 , 0.0317607363823 , 25 , -113 , 81 , 1569444895.1028502
0.357546563454 , 3.96458459074 , 0.0332311408444 , 7 , -110 , 82 , 1569444895.143816
0.342102225369 , 3.966027887 , 0.0386716373543 , 3 , -126 , 108 , 1569444895.189956
0.320383775512 , 3.96664142664 , 0.0441121338643 , 0 , -141 , 109 , 1569444895.2380161
0.300169547999 , 3.96700757508 , 0.0507289539439 , 0 , -141 , 124 , 1569444895.2831576
0.278816152799 , 3.96673464598 , 0.0549931268841 , 0 , -160 , 139 , 1569444895.3281646
0.25537883502 , 3.96639577314 , 0.0599925020554 , 0 , -163 , 141 , 1569444895.3691955
0.231074060426 , 3.9658875103 , 0.064550755888 , 0 , -169 , 151 , 1569444895.414303
0.205881032577 , 3.96554683442 , 0.0677856457048 , 43 , -167 , 154 , 1569444895.459868
0.179808970558 , 3.96808911796 , 0.06175698741 , 32 , -163 , 162 , 1569444895.5042658
0.153561225855 , 3.96996495312 , 0.0545520055455 , 43 , -163 , 154 , 1569444895.5493453
0.127887256707 , 3.97331947775 , 0.0451414169878 , 43 , -152 , 147 , 1569444895.5942767
0.102964791302 , 3.97708775798 , 0.0355837879838 , 54 , -152 , 147 , 1569444895.6354337
0.0785471653463 , 3.98155799732 , 0.0248498354102 , 51 , -149 , 136 , 1569444895.6805263
0.0553005673872 , 3.98595464796 , 0.0135277210517 , 41 , -158 , 154 , 1569444895.7257233
0.0284812710607 , 3.99020196168 , 0.00911650766528 , 32 , -167 , 155 , 1569444895.7704346
0.00231892280907 , 3.99359549577 , 0.00441121338643 , 32 , -174 , 155 , 1569444895.815561
-0.0247956881168 , 3.99727544876 , 0.0010292831235 , 18 , -167 , 159 , 1569444895.860551
-0.0516543998202 , 3.99973425879 , -0.000882242677285 , 21 , -171 , 158 , 1569444895.9056306
-0.0787018709646 , 4.00230045154 , -0.002058566247 , 14 , -174 , 162 , 1569444895.9508843
-0.106085202967 , 4.00481534349 , -0.00235264713943 , 14 , -171 , 159 , 1569444895.9963949
-0.137050183974 , 4.00667621007 , -0.00176448535457 , 0 , -174 , 153 , 1569444896.0448344
-0.163179087342 , 4.00750457058 , 0.00191152580078 , 0 , -167 , 153 , 1569444896.0898802
-0.189068431588 , 4.00798589935 , 0.00470529427885 , 0 , -163 , 145 , 1569444896.1349387
-0.21408801835 , 4.00839899585 , 0.00749906275692 , 0 , -152 , 146 , 1569444896.1760874
-0.237994268069 , 4.00855497967 , 0.0092635481115 , 0 , -152 , 146 , 1569444896.221493
-0.261512621305 , 4.00856062111 , 0.0104398716812 , 0 , -148 , 150 , 1569444896.2693608
-0.2882708424 , 4.00830919777 , 0.0105869121274 , 0 , -137 , 138 , 1569444896.3151557
-0.310141074383 , 4.00802177239 , 0.0107339525736 , 0 , -133 , 135 , 1569444896.360207
-0.331284563711 , 4.00765511399 , 0.00999875034257 , 0 , -122 , 128 , 1569444896.4011629
-0.350973352726 , 4.00698327976 , 0.00749906275692 , -3 , -118 , 135 , 1569444896.446204
-0.370951574323 , 4.00602324338 , 0.00367601115536 , -29 , -108 , 129 , 1569444896.4921217
-0.390101564206 , 4.00265617841 , 0.00397009204778 , -33 , -107 , 130 , 1569444896.536316
-0.409150235579 , 3.99838986729 , 0.00749906275692 , -47 , -97 , 116 , 1569444896.5813005
-0.426045855824 , 3.99289897729 , 0.0145570041752 , -62 , -89 , 116 , 1569444896.6230295
-0.442302168457 , 3.98595656253 , 0.0224971882708 , -58 , -81 , 111 , 1569444896.6673877
-0.458201269307 , 3.97838907 , 0.0304373723663 , -59 , -78 , 113 , 1569444896.7124522
-0.473303223331 , 3.9703546432 , 0.0364660306611 , -59 , -67 , 104 , 1569444896.757653
-0.487358278048 , 3.96274099115 , 0.0405831631551 , -62 , -59 , 105 , 1569444896.7984152
-0.50024828917 , 3.95458431329 , 0.0441121338643 , -51 , -63 , 112 , 1569444896.8435297
-0.513999310778 , 3.94679035627 , 0.0455825383264 , -51 , -56 , 108 , 1569444896.8886943
-0.528301105566 , 3.93855900738 , 0.0427887698483 , -44 , -56 , 109 , 1569444896.9380093
-0.541645248402 , 3.93122056555 , 0.0447002956491 , -37 , -49 , 101 , 1569444896.9827025
-0.553502980029 , 3.92450976624 , 0.0422006080635 , -44 , -48 , 101 , 1569444897.0277991
-0.565518952804 , 3.91773876568 , 0.0401420418165 , -40 , -60 , 108 , 1569444897.0727215
-0.578670990912 , 3.9111990873 , 0.0380834755695 , -37 , -52 , 97 , 1569444897.1143823
-0.590635049381 , 3.90492797897 , 0.0361719497687 , -44 , -52 , 97 , 1569444897.1598268
-0.604889815226 , 3.89742313836 , 0.0351426666452 , -33 , -52 , 97 , 1569444897.2079024
-0.616503056018 , 3.89170341042 , 0.0341133835217 , -40 , -52 , 94 , 1569444897.2529876
-0.628161963437 , 3.88574269553 , 0.0348485857528 , -44 , -63 , 101 , 1569444897.2980537
-0.640592193914 , 3.87980227661 , 0.0354367475376 , -29 , -56 , 90 , 1569444897.338977
-0.6522374058 , 3.87502841861 , 0.0354367475376 , -29 , -56 , 86 , 1569444897.3840277
-0.663833268763 , 3.87022835488 , 0.0352897070914 , -33 , -60 , 86 , 1569444897.429085
-0.675814740879 , 3.8653604973 , 0.0348485857528 , -29 , -60 , 90 , 1569444897.474138
-0.687756812777 , 3.8606950565 , 0.034995626199 , -29 , -60 , 86 , 1569444897.5151505
-0.699520399049 , 3.85648136135 , 0.0348485857528 , -22 , -60 , 83 , 1569444897.5610697
-0.711252792326 , 3.85274573421 , 0.0341133835217 , -22 , -67 , 79 , 1569444897.605981
-0.724965979339 , 3.84881145983 , 0.0357308284301 , -22 , -60 , 83 , 1569444897.654345
-0.736458269425 , 3.84521372573 , 0.0366130711073 , -22 , -67 , 86 , 1569444897.6994438
-0.748295084285 , 3.84184472566 , 0.037054192446 , -18 , -63 , 83 , 1569444897.7443936
-0.75962229719 , 3.83913234897 , 0.0360249093225 , -18 , -60 , 79 , 1569444897.7854714
-0.77065208499 , 3.83616289414 , 0.0357308284301 , -22 , -60 , 83 , 1569444897.830656
-0.781374629517 , 3.83270449752 , 0.0358778688763 , -22 , -60 , 86 , 1569444897.8755322
-0.792501570526 , 3.82973319307 , 0.0360249093225 , -14 , -52 , 71 , 1569444897.9164343
-0.801985911817 , 3.82687534855 , 0.0360249093225 , -14 , -45 , 68 , 1569444897.961491
-0.811519617437 , 3.82404368075 , 0.0352897070914 , -7 , -53 , 75 , 1569444898.0064638
-0.82154491019 , 3.82136947169 , 0.0327900195058 , -11 , -52 , 83 , 1569444898.0478091
-0.832005716213 , 3.81851059471 , 0.0301432914739 , -22 , -52 , 75 , 1569444898.0925636
-0.841976905083 , 3.81524719871 , 0.0299962510277 , -26 , -56 , 79 , 1569444898.1375115
-0.852564785571 , 3.81154752544 , 0.0316136959361 , -26 , -52 , 83 , 1569444898.178528
-0.863130773 , 3.80732810466 , 0.0314666554898 , -39 , -45 , 83 , 1569444898.2318227
-0.875060428037 , 3.80180951437 , 0.0317607363823 , -33 , -49 , 86 , 1569444898.2727315
-0.885360015849 , 3.79684228607 , 0.0307314532588 , -33 , -52 , 86 , 1569444898.3177414
-0.896343560727 , 3.79192069475 , 0.0304373723663 , -37 , -52 , 82 , 1569444898.3628438
-0.906878795075 , 3.78654086663 , 0.0311725745974 , -40 , -45 , 82 , 1569444898.403831
-0.917153438686 , 3.78068612544 , 0.0316136959361 , -37 , -49 , 83 , 1569444898.4489484
-0.927976061457 , 3.77539642601 , 0.0311725745974 , -29 , -48 , 83 , 1569444898.4944072
-0.94003589261 , 3.76934626157 , 0.0295551296891 , -44 , -41 , 86 , 1569444898.5430071
-0.950028131194 , 3.76346087543 , 0.0297021701353 , -33 , -45 , 79 , 1569444898.588057
-0.959896801415 , 3.75833231604 , 0.0285258465656 , -33 , -45 , 86 , 1569444898.6289995
-0.969673164371 , 3.75316227665 , 0.0270554421034 , -40 , -41 , 71 , 1569444898.6740985
-0.978681658773 , 3.74797170775 , 0.0283788061193 , -44 , -45 , 79 , 1569444898.7191274
-0.988408033627 , 3.74272069968 , 0.0295551296891 , -37 , -45 , 82 , 1569444898.7600548
-0.998036441645 , 3.73762866668 , 0.0298492105815 , -37 , -45 , 78 , 1569444898.8051617
-1.00741567555 , 3.73234554655 , 0.0304373723663 , -40 , -45 , 79 , 1569444898.8501918
-1.01683591648 , 3.7269158145 , 0.0320548172747 , -33 , -41 , 75 , 1569444898.8911102
-1.02591328731 , 3.72162132544 , 0.0317607363823 , -40 , -37 , 75 , 1569444898.9361553
-1.03474417912 , 3.71614172407 , 0.0317607363823 , -39 , -37 , 72 , 1569444898.985318
-1.0476022512 , 3.7094161022 , 0.0289669679042 , -33 , -37 , 71 , 1569444899.0426104
-1.05624037568 , 3.70346413229 , 0.0294080892428 , -37 , -30 , 79 , 1569444899.0877264
-1.06493985038 , 3.69803751615 , 0.0273495229958 , -40 , -34 , 79 , 1569444899.132852
-1.07363519795 , 3.69207027521 , 0.0276436038883 , -37 , -41 , 75 , 1569444899.1737034
-1.0826344603 , 3.68665099268 , 0.0291140083504 , -44 , -37 , 82 , 1569444899.218772
-1.0918456312 , 3.68045744256 , 0.0301432914739 , -37 , -41 , 75 , 1569444899.2638786
-1.10096210736 , 3.67453658155 , 0.0299962510277 , -48 , -33 , 75 , 1569444899.3053074
-1.10953484058 , 3.66821414849 , 0.0311725745974 , -40 , -33 , 75 , 1569444899.349799
-1.11830752654 , 3.66232238856 , 0.0311725745974 , -40 , -37 , 79 , 1569444899.3948483
-1.1272279227 , 3.65650987643 , 0.0311725745974 , -44 , -33 , 75 , 1569444899.4358213
-1.13550301688 , 3.65018641251 , 0.0332311408444 , -47 , -37 , 75 , 1569444899.4890964
-1.14514996033 , 3.64326877972 , 0.0355837879838 , -44 , -30 , 71 , 1569444899.5300043
-1.15349578549 , 3.63696127121 , 0.0352897070914 , -41 , -30 , 71 , 1569444899.575808
-1.16116249132 , 3.6305684383 , 0.0352897070914 , -44 , -26 , 71 , 1569444899.6201365
-1.16863378829 , 3.624126594 , 0.0358778688763 , -44 , -30 , 74 , 1569444899.661038
-1.17678632904 , 3.61787941378 , 0.0363189902149 , -40 , -34 , 75 , 1569444899.7061062
-1.18528983296 , 3.61203512733 , 0.0358778688763 , -43 , -26 , 71 , 1569444899.7553613
-1.19428276011 , 3.60491911263 , 0.0358778688763 , -40 , -30 , 71 , 1569444899.8002613
-1.20214515076 , 3.59868234684 , 0.0345545048603 , -44 , -30 , 75 , 1569444899.845424
-1.21015411359 , 3.59225552904 , 0.0339663430755 , -44 , -27 , 75 , 1569444899.894531
-1.21944510366 , 3.58497932834 , 0.0322018577209 , -51 , -26 , 79 , 1569444899.9395263
-1.22754970233 , 3.57806563703 , 0.0311725745974 , -40 , -26 , 79 , 1569444899.980565
-1.23648450527 , 3.57116257635 , 0.0258791185337 , -44 , -26 , 79 , 1569444900.033809
-1.24510482123 , 3.5638408915 , 0.0260261589799 , -41 , -26 , 71 , 1569444900.0751665
-1.25292134756 , 3.55729340849 , 0.0248498354102 , -43 , -26 , 71 , 1569444900.1320336
-1.26254076444 , 3.5489778339 , 0.0251439163026 , -48 , -22 , 72 , 1569444900.1772172
-1.26998028497 , 3.54261455521 , 0.0248498354102 , -41 , -30 , 67 , 1569444900.2222557
-1.27752953241 , 3.53669792487 , 0.0260261589799 , -44 , -26 , 68 , 1569444900.2630916
-1.2846357298 , 3.5307558233 , 0.0279376847807 , -40 , -30 , 67 , 1569444900.3082597
-1.2920699304 , 3.5248186137 , 0.0295551296891 , -41 , -26 , 71 , 1569444900.35356
-1.3006206843 , 3.51766219835 , 0.0302903319201 , -37 , -26 , 68 , 1569444900.4023573
-1.30779990582 , 3.51174276756 , 0.0307314532588 , -52 , -26 , 71 , 1569444900.4433088
-1.31524267926 , 3.50502936356 , 0.0314666554898 , -44 , -30 , 68 , 1569444900.4883459
-1.32255036069 , 3.49878976216 , 0.0320548172747 , -41 , -26 , 75 , 1569444900.5334659
-1.33042758347 , 3.49230386688 , 0.0323488981671 , -52 , -30 , 68 , 1569444900.5744455
-1.33848731927 , 3.48553016436 , 0.0342604239679 , -52 , -30 , 75 , 1569444900.6193898
-1.34681660304 , 3.47850775238 , 0.0354367475376 , -56 , -30 , 75 , 1569444900.6644752
-1.35503100407 , 3.4711997747 , 0.0373482733384 , -52 , -30 , 79 , 1569444900.7053988
-1.36308739666 , 3.46390944708 , 0.0376423542308 , -55 , -26 , 75 , 1569444900.7504447
-1.3707873876 , 3.45621072958 , 0.0397009204778 , -52 , -26 , 75 , 1569444900.796174
-1.37963927007 , 3.44741528258 , 0.0398479609241 , -55 , -18 , 79 , 1569444900.8446615
-1.38741673818 , 3.43963991423 , 0.0385245969081 , -52 , -22 , 75 , 1569444900.8897228
-1.39451462666 , 3.43156593378 , 0.0372012328922 , -59 , -7 , 76 , 1569444900.9306724
-1.40072161327 , 3.42269619804 , 0.0345545048603 , -56 , 0 , 77 , 1569444900.9757423
-1.40653707725 , 3.41444430839 , 0.028819927458 , -45 , 0 , 80 , 1569444901.020752
-1.41269803332 , 3.40649679796 , 0.0201445411313 , -45 , 0 , 73 , 1569444901.0616882
-1.41825376554 , 3.39878427277 , 0.0141158828366 , -45 , 0 , 69 , 1569444901.1067352
-1.42342476854 , 3.39141881239 , 0.0092635481115 , -55 , 0 , 73 , 1569444901.1559126
-1.43001889849 , 3.3823614051 , 0.00382305160157 , -41 , 0 , 77 , 1569444901.1968048
-1.43565233716 , 3.37499220328 , -0.00264672803186 , -49 , 0 , 73 , 1569444901.2424734
-1.44118927589 , 3.36724015451 , -0.00691090097207 , -48 , -3 , 68 , 1569444901.2869437
-1.44685252162 , 3.36001532176 , -0.0120573165896 , -49 , 0 , 65 , 1569444901.3279037
-1.45240940049 , 3.3526783014 , -0.0170566917608 , -45 , 0 , 65 , 1569444901.3729832
-1.45837756085 , 3.34610203027 , -0.0182330153306 , -59 , -45 , 63 , 1569444901.4138541
-1.46661260943 , 3.34038430754 , -0.00896946721907 , -56 , -41 , 52 , 1569444901.4589968
-1.47430595312 , 3.33508906332 , 0.002058566247 , -48 , -52 , 63 , 1569444901.5162437
-1.48614760767 , 3.32838756565 , 0.0163214895298 , -55 , -56 , 64 , 1569444901.5613644
-1.49535143088 , 3.32298434781 , 0.0274965634421 , -55 , -56 , 63 , 1569444901.6030164
-1.50435302618 , 3.31762224283 , 0.0389657182468 , -48 , -49 , 67 , 1569444901.6473503
-1.51327511859 , 3.31171058845 , 0.0476411045734 , -52 , -45 , 60 , 1569444901.6923933
-1.52161257909 , 3.30571919793 , 0.0552872077765 , -56 , -37 , 71 , 1569444901.7334769
-1.53015991504 , 3.29903450041 , 0.0601395425016 , -48 , -34 , 71 , 1569444901.7789433
-1.53750539099 , 3.29221088496 , 0.0654329985653 , -58 , -28 , 70 , 1569444901.8152435
-1.54387815283 , 3.28585780894 , 0.0664622816888 , -55 , -22 , 71 , 1569444901.8644545
-1.55174125847 , 3.27721458252 , 0.0674915648123 , -48 , -18 , 78 , 1569444901.9095204
-1.55902247212 , 3.26941403985 , 0.0652859581191 , -52 , -7 , 75 , 1569444901.950748
-1.56546537392 , 3.26115355794 , 0.0642566749956 , -56 , -11 , 75 , 1569444901.9963188
-1.57141235106 , 3.25259622373 , 0.0619040278562 , -49 , 0 , 76 , 1569444902.0403235
-1.57674640062 , 3.24400816849 , 0.0573457740235 , -56 , 0 , 73 , 1569444902.0815132
-1.5826998066 , 3.23373218295 , 0.0536697628682 , -64 , 0 , 69 , 1569444902.1306126
-1.58700352595 , 3.22544332608 , 0.0532286415295 , -59 , 0 , 73 , 1569444902.1718955
-1.59160974529 , 3.21730831024 , 0.0510230348363 , -54 , 0 , 75 , 1569444902.208373
-1.59627094209 , 3.20990890818 , 0.0469059023423 , -54 , 0 , 72 , 1569444902.245201
-1.60094946399 , 3.20224968998 , 0.0435239720794 , -68 , 0 , 69 , 1569444902.290366
-1.60602452952 , 3.19310809399 , 0.0420535676173 , -49 , 0 , 65 , 1569444902.331362
-1.61100440181 , 3.18484537586 , 0.0389657182468 , -56 , 0 , 69 , 1569444902.37632
-1.61628899753 , 3.17630759908 , 0.0352897070914 , -52 , 0 , 69 , 1569444902.4173114
-1.62137793125 , 3.16821664701 , 0.0316136959361 , -60 , 0 , 73 , 1569444902.462465
-1.62638394714 , 3.15964488853 , 0.0297021701353 , -56 , 0 , 69 , 1569444902.503272
-1.63126870176 , 3.15133835427 , 0.0277906443345 , -49 , 0 , 69 , 1569444902.5483167
-1.63627538289 , 3.14337360608 , 0.0245557545178 , -64 , 0 , 69 , 1569444902.597515
-1.64217685075 , 3.13336368515 , 0.0224971882708 , -60 , 0 , 69 , 1569444902.6385486
-1.6472595451 , 3.12478205839 , 0.0207327029162 , -56 , 0 , 69 , 1569444902.683572
-1.6521230076 , 3.11657754103 , 0.0191152580078 , -53 , 0 , 65 , 1569444902.724404
-1.65700293811 , 3.10854849627 , 0.0170566917608 , -56 , 0 , 65 , 1569444902.7695034
-1.66343237697 , 3.09960922792 , 0.010292831235 , -64 , 0 , 65 , 1569444902.826811
-1.66836109829 , 3.08950039632 , 0.0138218019441 , -53 , 0 , 65 , 1569444902.8679185
-1.67308914989 , 3.08144410083 , 0.0127925188206 , -64 , 0 , 61 , 1569444902.9129026
-1.67786923073 , 3.07302889692 , 0.0124984379282 , -64 , 0 , 61 , 1569444902.9537294
-1.68269912432 , 3.06453068781 , 0.0122043570358 , -60 , 0 , 57 , 1569444902.9988534
-1.68743406318 , 3.05597920934 , 0.0124984379282 , -64 , 0 , 61 , 1569444903.0404377
-1.6921170538 , 3.04734313705 , 0.0132336401593 , -68 , 0 , 57 , 1569444903.0848248
-1.69655287675 , 3.03879063162 , 0.0148510850676 , -64 , 0 , 65 , 1569444903.1264699
-1.70160178024 , 3.03008194773 , 0.0148510850676 , -57 , 0 , 61 , 1569444903.1708155
-1.70617679956 , 3.02205088044 , 0.014409963729 , -64 , 0 , 65 , 1569444903.2159233
-1.71118236738 , 3.01342892619 , 0.0148510850676 , -56 , 0 , 61 , 1569444903.2568882
-1.71585166566 , 3.00522881406 , 0.014409963729 , -60 , 0 , 61 , 1569444903.3025904
-1.72081327726 , 2.9969148397 , 0.0133806806055 , -56 , 0 , 69 , 1569444903.3428519
-1.72617202018 , 2.98871253768 , 0.010292831235 , -53 , 0 , 65 , 1569444903.3879094
-1.73136194217 , 2.98047294153 , 0.008234264988 , -52 , 0 , 69 , 1569444903.4288404
-1.73666697087 , 2.97241087016 , 0.00529345606371 , -56 , 0 , 65 , 1569444903.4739602
-1.74165592872 , 2.96417066669 , 0.00397009204778 , -60 , 0 , 69 , 1569444903.5151923
-1.74699351251 , 2.95568429067 , 0.00176448535457 , -53 , 0 , 61 , 1569444903.5599074
-1.75355879683 , 2.94678850872 , -0.00485233472507 , -61 , 0 , 58 , 1569444903.6173773
-1.75908354545 , 2.93510928913 , 0.00191152580078 , -60 , -3 , 57 , 1569444903.666324
-1.76477982346 , 2.92794634016 , 0.00838130543421 , -67 , -37 , 53 , 1569444903.7114162
-1.77198320049 , 2.92134831719 , 0.0202915815776 , -64 , -37 , 45 , 1569444903.7566717
-1.77886615341 , 2.9146978111 , 0.0341133835217 , -71 , -48 , 56 , 1569444903.798225
-1.78765721429 , 2.90699000552 , 0.0524934392985 , -68 , -45 , 52 , 1569444903.8511596
-1.79604445787 , 2.89877193597 , 0.0676386052585 , -67 , -37 , 60 , 1569444903.89977
-1.80335203281 , 2.89066044043 , 0.0792548005095 , -67 , -30 , 60 , 1569444903.9450593
-1.81020553391 , 2.88282945639 , 0.0869009037126 , -63 , -26 , 60 , 1569444903.989995
-1.81570193398 , 2.87455451327 , 0.0936647642385 , -60 , 0 , 57 , 1569444904.0359051
-1.82068071905 , 2.86443393262 , 0.093370683346 , -60 , 3 , 61 , 1569444904.0841389
-1.82472757759 , 2.85574923932 , 0.0917532384377 , -57 , 0 , 57 , 1569444904.1250274
-1.82879359741 , 2.84712674328 , 0.091312117099 , -64 , 0 , 57 , 1569444904.1700907
-1.83250317757 , 2.83828653691 , 0.092635481115 , -68 , 0 , 61 , 1569444904.2111516
-1.83641870686 , 2.82916868718 , 0.0939588451309 , -68 , 0 , 57 , 1569444904.2569141
-1.84102845065 , 2.81877246333 , 0.094694047362 , -61 , 0 , 65 , 1569444904.305989
-1.84513374224 , 2.80979514627 , 0.094694047362 , -61 , 0 , 65 , 1569444904.3502638
-1.84926544963 , 2.8010959544 , 0.0939588451309 , -61 , 0 , 65 , 1569444904.3912592
-1.85311973754 , 2.79248267104 , 0.0943999664695 , -57 , 0 , 61 , 1569444904.4363453
-1.85726608226 , 2.78288554677 , 0.0955762900392 , -57 , 0 , 58 , 1569444904.4855316
-1.86093508798 , 2.77450699342 , 0.0958703709317 , -60 , 0 , 57 , 1569444904.5264404
-1.86468726696 , 2.76600685983 , 0.0964585327165 , -60 , 0 , 61 , 1569444904.5714312
-1.86849068234 , 2.75758328393 , 0.0966055731627 , -64 , 0 , 54 , 1569444904.620605
-1.87254343299 , 2.74773143846 , 0.0982230180711 , -59 , 22 , 60 , 1569444904.6655357
-1.87457411922 , 2.73823917248 , 0.0923414002225 , -52 , 37 , 64 , 1569444904.707169
-1.87586390523 , 2.72855221984 , 0.0796959218481 , -56 , 48 , 67 , 1569444904.751614
-1.87621794814 , 2.71778974012 , 0.0652859581191 , -67 , 52 , 63 , 1569444904.7965536
-1.87609019944 , 2.70693512834 , 0.0523463988523 , -55 , 52 , 53 , 1569444904.8376567
-1.87559912974 , 2.69663771166 , 0.0408772440476 , -59 , 52 , 53 , 1569444904.8827114
-1.87536096433 , 2.68607817866 , 0.0294080892428 , -63 , 52 , 49 , 1569444904.9276736
-1.87485204347 , 2.67536043773 , 0.0210267838086 , -63 , 41 , 56 , 1569444904.9687212
-1.87575035603 , 2.66514203672 , 0.0132336401593 , -70 , 38 , 45 , 1569444905.0178301
-1.87661301814 , 2.6535354654 , 0.00867538632664 , -64 , 26 , 48 , 1569444905.0589075
-1.87760774511 , 2.64548047954 , 0.00691090097207 , -63 , 26 , 49 , 1569444905.099832
-1.87938278769 , 2.63624855605 , 0.0051464156175 , -63 , 18 , 49 , 1569444905.1448066
-1.88175708374 , 2.62746378764 , 0.00352897070914 , -63 , 19 , 53 , 1569444905.1857524
-1.88521034488 , 2.6187349892 , 0.0030878493705 , -60 , 0 , 45 , 1569444905.2308571
-1.88866883641 , 2.61045471575 , 0.00499937517128 , -63 , 3 , 53 , 1569444905.2760406
-1.89259566187 , 2.60222130194 , 0.0072049818645 , -60 , 0 , 53 , 1569444905.3168743
-1.89665089184 , 2.59417375992 , 0.00911650766528 , -56 , 0 , 57 , 1569444905.3618472
-1.90136764664 , 2.58605643197 , 0.00808722454178 , -54 , 0 , 58 , 1569444905.406916
-1.90532035495 , 2.57817371868 , 0.0104398716812 , -54 , 0 , 49 , 1569444905.4436796
-1.90873537645 , 2.57154441207 , 0.0119102761434 , -67 , 0 , 57 , 1569444905.4889846
-1.91303835363 , 2.5630833204 , 0.0135277210517 , -68 , 0 , 50 , 1569444905.529772
-1.91680031714 , 2.55498563701 , 0.0170566917608 , -63 , 0 , 50 , 1569444905.5788848
-1.9211421631 , 2.54566285331 , 0.0208797433624 , -63 , 0 , 50 , 1569444905.628044
-1.92549146527 , 2.53607114402 , 0.024702794964 , -63 , 0 , 57 , 1569444905.674359
-1.92944467108 , 2.52758960558 , 0.0273495229958 , -75 , 0 , 50 , 1569444905.7146006
-1.93326644817 , 2.51865344454 , 0.0320548172747 , -68 , 0 , 50 , 1569444905.759119
-1.93695656965 , 2.50992588827 , 0.0366130711073 , -71 , 0 , 46 , 1569444905.80005
-1.94065215961 , 2.50109607403 , 0.04117132494 , -75 , 0 , 46 , 1569444905.8453178
-1.9441566678 , 2.49211591119 , 0.0463177405575 , -67 , 0 , 57 , 1569444905.8900595
-1.94801196326 , 2.48332316955 , 0.0491115090355 , -68 , 0 , 46 , 1569444905.9311125
-1.95122946055 , 2.47485751727 , 0.0544049650993 , -72 , 0 , 46 , 1569444905.9760916
-1.95424043554 , 2.46607598614 , 0.0602865829478 , -68 , 3 , 46 , 1569444906.0171123
-1.95731651128 , 2.45760570984 , 0.0648448367805 , -71 , 0 , 46 , 1569444906.062227
-1.96003163256 , 2.44863849227 , 0.0680797265972 , -60 , 34 , 48 , 1569444906.1031191
-1.9604323539 , 2.43886628042 , 0.0636685132108 , -59 , 41 , 56 , 1569444906.1481655
-1.96080477893 , 2.42873655608 , 0.055581288669 , -67 , 45 , 49 , 1569444906.1932545
-1.96038323843 , 2.41854698367 , 0.047347023681 , -59 , 52 , 56 , 1569444906.2348843
-1.96004825946 , 2.40841009842 , 0.0380834755695 , -59 , 49 , 45 , 1569444906.2799945
-1.95936668888 , 2.39814753947 , 0.0294080892428 , -67 , 45 , 52 , 1569444906.3242843
-1.95905452818 , 2.38753580961 , 0.0220560669321 , -63 , 45 , 48 , 1569444906.3653085
-1.95931402842 , 2.37735829383 , 0.0148510850676 , -70 , 45 , 45 , 1569444906.4185007
-1.95927953365 , 2.36526045449 , 0.00985170989635 , -63 , 33 , 45 , 1569444906.4594893
-1.96000330766 , 2.35522320827 , 0.00735202231071 , -78 , 37 , 45 , 1569444906.5045025
-1.96113557767 , 2.34468209183 , 0.00529345606371 , -75 , 30 , 45 , 1569444906.5495725
-1.96214541363 , 2.33433965806 , 0.00470529427885 , -78 , 26 , 49 , 1569444906.5907245
-1.96378867992 , 2.32363167423 , 0.00573457740235 , -78 , 22 , 49 , 1569444906.635564
-1.96600383106 , 2.31330979594 , 0.00838130543421 , -82 , 18 , 49 , 1569444906.6806242
-1.96833564789 , 2.3028411907 , 0.0124984379282 , -75 , 18 , 49 , 1569444906.721597
-1.97111308989 , 2.29274812309 , 0.0173507726533 , -83 , 22 , 49 , 1569444906.7666323
-1.97393634999 , 2.28252828424 , 0.0207327029162 , -78 , 22 , 52 , 1569444906.8121192
-1.9765877303 , 2.2703457445 , 0.0235264713943 , -74 , 15 , 52 , 1569444906.8610606
-1.97901510456 , 2.26036800293 , 0.0242616736253 , -71 , 18 , 49 , 1569444906.9058394
-1.98115166851 , 2.25067481744 , 0.0260261589799 , -71 , 18 , 49 , 1569444906.9467661
-1.98322057146 , 2.24089535169 , 0.0269084016572 , -71 , 22 , 37 , 1569444906.9918776
-1.98461566483 , 2.23157913259 , 0.028819927458 , -67 , 18 , 37 , 1569444907.0372477
-1.98639687504 , 2.221158597 , 0.0307314532588 , -63 , 15 , 37 , 1569444907.0860143
-1.98795152534 , 2.21188701408 , 0.0298492105815 , -67 , 26 , 41 , 1569444907.1352086
-1.98920080098 , 2.20184356468 , 0.0323488981671 , -63 , 22 , 37 , 1569444907.1802647
-1.99018719077 , 2.19342595226 , 0.0332311408444 , -63 , 19 , 34 , 1569444907.2214625
-1.99092712462 , 2.18509927837 , 0.0345545048603 , -67 , 22 , 37 , 1569444907.2664313
-1.99135815354 , 2.17655829497 , 0.0351426666452 , -63 , 30 , 37 , 1569444907.3113208
-1.99172696487 , 2.1677674758 , 0.0344074644141 , -67 , 30 , 37 , 1569444907.3522177
-1.99194274045 , 2.15856310681 , 0.0336722621831 , -67 , 34 , 37 , 1569444907.3972986
-1.99200608866 , 2.14894495846 , 0.0320548172747 , -63 , 34 , 41 , 1569444907.4422803
-1.99237339062 , 2.13926177338 , 0.0305844128126 , -71 , 30 , 45 , 1569444907.483739
-1.9933250808 , 2.12922628661 , 0.0282317656731 , -74 , 26 , 41 , 1569444907.5284467
-1.99420836962 , 2.1193633578 , 0.0285258465656 , -78 , 30 , 45 , 1569444907.573218
-1.99478578968 , 2.10906162954 , 0.0295551296891 , -75 , 33 , 37 , 1569444907.6143801
-1.9950623959 , 2.09876789211 , 0.0310255341512 , -82 , 37 , 49 , 1569444907.659853
-1.99543343213 , 2.08732436205 , 0.030878493705 , -82 , 37 , 49 , 1569444907.7003267
-1.99608427404 , 2.07548098179 , 0.0299962510277 , -89 , 41 , 56 , 1569444907.7454154
-1.99676963304 , 2.06282690066 , 0.0274965634421 , -100 , 52 , 56 , 1569444907.7904546
-1.99672802513 , 2.04899366157 , 0.0257320780875 , -93 , 52 , 56 , 1569444907.8355062
-1.99690719496 , 2.03526710424 , 0.0236735118405 , -104 , 52 , 56 , 1569444907.8764849
-1.99699802992 , 2.02070534002 , 0.0216149455935 , -107 , 56 , 60 , 1569444907.921705
-1.99701483876 , 2.00581071144 , 0.0199975006851 , -104 , 48 , 63 , 1569444907.9665794
-1.99749059848 , 1.990879489 , 0.0186741366692 , -108 , 55 , 60 , 1569444908.007536
-1.99744714379 , 1.97559572203 , 0.0172037322071 , -107 , 59 , 56 , 1569444908.0525568
-1.99704487113 , 1.9606537698 , 0.0148510850676 , -110 , 63 , 56 , 1569444908.105806
-1.99649235593 , 1.94300341177 , 0.0136747614979 , -104 , 52 , 60 , 1569444908.1467528
-1.99671655843 , 1.92754936134 , 0.0126454783744 , -119 , 55 , 56 , 1569444908.1926582
-1.99660419029 , 1.91101035052 , 0.0129395592669 , -115 , 56 , 56 , 1569444908.2368615
-1.99629992345 , 1.89497671417 , 0.0145570041752 , -122 , 55 , 52 , 1569444908.2818763
-1.99615675414 , 1.87849381781 , 0.0169096513146 , -122 , 59 , 56 , 1569444908.3268645
-1.99558585668 , 1.86190611481 , 0.0191152580078 , -123 , 59 , 59 , 1569444908.367992
-1.99522401595 , 1.84551061479 , 0.02058566247 , -127 , 59 , 52 , 1569444908.4136283
-1.99439862896 , 1.82892910672 , 0.0232323905018 , -119 , 63 , 48 , 1569444908.4580832
-1.99310110929 , 1.81266718983 , 0.0252909567488 , -118 , 63 , 56 , 1569444908.5030355
-1.99191029274 , 1.79620880611 , 0.0254379971951 , -118 , 66 , 52 , 1569444908.544027
-1.99033148668 , 1.77981630135 , 0.0254379971951 , -122 , 67 , 56 , 1569444908.5890346
-1.98893338513 , 1.76291615777 , 0.0263202398723 , -119 , 63 , 52 , 1569444908.6341758
-1.98748008902 , 1.74632573579 , 0.0279376847807 , -122 , 67 , 56 , 1569444908.6803188
-1.98578930922 , 1.72912870378 , 0.0289669679042 , -126 , 70 , 52 , 1569444908.7242146
-1.98378899626 , 1.71188597825 , 0.0301432914739 , -122 , 70 , 52 , 1569444908.7651188
-1.98181255914 , 1.69450453429 , 0.0314666554898 , -122 , 70 , 56 , 1569444908.8102531
-1.97996085526 , 1.67720492546 , 0.0310255341512 , -122 , 74 , 45 , 1569444908.8554838
-1.97754852136 , 1.66031345366 , 0.0326429790596 , -123 , 66 , 45 , 1569444908.900517
-1.9751198113 , 1.64376097939 , 0.0351426666452 , -122 , 71 , 44 , 1569444908.9453065
-1.97220958833 , 1.62709032734 , 0.0360249093225 , -122 , 78 , 48 , 1569444908.986258
-1.96894313357 , 1.61035069058 , 0.0351426666452 , -115 , 74 , 41 , 1569444909.031382
-1.96532616688 , 1.59423602958 , 0.0348485857528 , -116 , 78 , 37 , 1569444909.0765655
-1.96152049891 , 1.57812704945 , 0.0354367475376 , -119 , 78 , 37 , 1569444909.1215782
-1.95773886882 , 1.56159979387 , 0.0369071519998 , -119 , 81 , 30 , 1569444909.1624343
-1.9533815269 , 1.5458812653 , 0.0398479609241 , -126 , 85 , 30 , 1569444909.2074826
-1.94855110334 , 1.52918608224 , 0.043229891187 , -119 , 81 , 26 , 1569444909.2524836
-1.94320253536 , 1.51303065148 , 0.045288457434 , -118 , 82 , 29 , 1569444909.2977111
-1.93814771742 , 1.49661974883 , 0.0464647810037 , -128 , 93 , 26 , 1569444909.3425808
-1.93273653527 , 1.48025844435 , 0.047347023681 , -122 , 89 , 33 , 1569444909.3835683
-1.92702090901 , 1.46391566166 , 0.0464647810037 , -114 , 89 , 29 , 1569444909.4287171
-1.92152862415 , 1.44789374276 , 0.0447002956491 , -106 , 89 , 33 , 1569444909.473699
-1.91626797013 , 1.43207678676 , 0.0410242844938 , -110 , 93 , 37 , 1569444909.5187128
-1.91110353139 , 1.41598738724 , 0.0386716373543 , -111 , 85 , 26 , 1569444909.5596294
-1.9057621962 , 1.40059315627 , 0.0382305160157 , -115 , 86 , 15 , 1569444909.6046972
-1.89974642317 , 1.38511079459 , 0.0402890822627 , -114 , 86 , 15 , 1569444909.649856
-1.89341769234 , 1.36987586393 , 0.0422006080635 , -114 , 89 , 22 , 1569444909.6955445
-1.88615901577 , 1.35167113834 , 0.0427887698483 , -114 , 96 , 18 , 1569444909.7440727
-1.87929203944 , 1.33608200447 , 0.0435239720794 , -118 , 96 , 30 , 1569444909.7890396
-1.87337075247 , 1.32023252486 , 0.0417594867248 , -114 , 93 , 29 , 1569444909.8340378
-1.86728171902 , 1.30432487577 , 0.0405831631551 , -107 , 93 , 22 , 1569444909.875005
-1.86122953814 , 1.28885670992 , 0.0399950013703 , -107 , 89 , 33 , 1569444909.9283655
-1.85503421779 , 1.27079079498 , 0.0367601115536 , -110 , 89 , 33 , 1569444909.9732559
-1.84985609484 , 1.25507393991 , 0.0347015453066 , -114 , 86 , 18 , 1569444910.0142188
-1.84385923631 , 1.2399350953 , 0.0351426666452 , -106 , 93 , 18 , 1569444910.059303
-1.83780243268 , 1.22466099551 , 0.0339663430755 , -111 , 96 , 15 , 1569444910.116701
-1.82861338129 , 1.20501421476 , 0.0352897070914 , -114 , 93 , 15 , 1569444910.1616607
-1.82139173573 , 1.18972614027 , 0.0364660306611 , -114 , 100 , 7 , 1569444910.2066991
-1.81347714607 , 1.17452710811 , 0.0397009204778 , -115 , 98 , 0 , 1569444910.2476985
-1.8055223016 , 1.15957708362 , 0.0441121338643 , -124 , 97 , 0 , 1569444910.3009467
-1.7959579779 , 1.1415144689 , 0.050140792159 , -114 , 89 , 3 , 1569444910.3423007
-1.78786149573 , 1.12692733089 , 0.0551401673303 , -116 , 97 , 3 , 1569444910.3868892
-1.7792871844 , 1.11206744449 , 0.0592572998243 , -115 , 94 , 3 , 1569444910.4319735
-1.77101140676 , 1.09758547766 , 0.0639625941032 , -108 , 97 , 3 , 1569444910.4728713
-1.76247084541 , 1.0830992219 , 0.0670504434737 , -112 , 100 , 0 , 1569444910.518011
-1.75377780098 , 1.06847864189 , 0.0701382928442 , -115 , 100 , 3 , 1569444910.5630684
-1.74494311089 , 1.0538917567 , 0.0723438995374 , -108 , 102 , 0 , 1569444910.603923
-1.73606233555 , 1.03980158881 , 0.0739613444457 , -110 , 104 , 3 , 1569444910.6489515
-1.72775180553 , 1.02456129161 , 0.0714616568601 , -110 , 103 , 26 , 1569444910.6941426
-1.72034259222 , 1.00848223011 , 0.0654329985653 , -106 , 112 , 29 , 1569444910.7392693
-1.71229702536 , 0.992266864114 , 0.055581288669 , -110 , 115 , 40 , 1569444910.784202
-1.7051535914 , 0.975372122214 , 0.0445532552029 , -107 , 115 , 37 , 1569444910.8290792
-1.69831847283 , 0.958953520054 , 0.0333781812906 , -107 , 110 , 41 , 1569444910.8701937
-1.69278239166 , 0.94250618646 , 0.0248498354102 , -109 , 105 , 26 , 1569444910.911182
-1.68568139201 , 0.927507833525 , 0.0195563793465 , -103 , 97 , 26 , 1569444910.9563012
-1.67928281809 , 0.912152544883 , 0.0161744490836 , -107 , 100 , 22 , 1569444911.0021117
-1.67225161723 , 0.896339717026 , 0.0135277210517 , -100 , 104 , 18 , 1569444911.0463116
-1.66479431529 , 0.881688156093 , 0.0108809930199 , -103 , 101 , 7 , 1569444911.091332
-1.6570361998 , 0.866936786567 , 0.00911650766528 , -107 , 104 , 7 , 1569444911.1324108
-1.6490158376 , 0.852397889942 , 0.00852834588042 , -107 , 105 , 0 , 1569444911.1774766
-1.64061930877 , 0.838136946668 , 0.00852834588042 , -104 , 105 , 0 , 1569444911.222944
-1.63183281898 , 0.823544064788 , 0.00764610320314 , -97 , 110 , 0 , 1569444911.2640593
-1.62296413983 , 0.809167671691 , 0.00573457740235 , -104 , 109 , 0 , 1569444911.3083892
-1.61416958409 , 0.794466765189 , 0.00485233472507 , -108 , 113 , 0 , 1569444911.3534856
-1.60524080134 , 0.779339749542 , 0.00441121338643 , -108 , 113 , 0 , 1569444911.3944519
-1.59622240723 , 0.764320973253 , 0.00323488981671 , -104 , 113 , 0 , 1569444911.4394476
-1.58732009152 , 0.749794161435 , 0.00117632356971 , -104 , 116 , 0 , 1569444911.4803426
-1.57806038623 , 0.735081883784 , -0.00220560669321 , -93 , 113 , 0 , 1569444911.5254412
-1.56894615929 , 0.720841465209 , -0.00646977963343 , -99 , 110 , 0 , 1569444911.5745926
-1.55830766761 , 0.704736068859 , -0.0119102761434 , -99 , 110 , 0 , 1569444911.6196744
-1.54932607696 , 0.690910714352 , -0.0166155704222 , -89 , 114 , 0 , 1569444911.6647573
-1.54040499606 , 0.677322590303 , -0.0229383096094 , -89 , 114 , 0 , 1569444911.7056048
-1.53142679916 , 0.663591211934 , -0.028819927458 , -85 , 113 , -3 , 1569444911.750708
-1.52255937304 , 0.650450959357 , -0.0357308284301 , -78 , 114 , 0 , 1569444911.7956047
-1.51373161626 , 0.637331770084 , -0.0435239720794 , -85 , 119 , -33 , 1569444911.836815
-1.50199783957 , 0.625383402338 , -0.0436710125256 , -84 , 115 , -48 , 1569444911.8819053
-1.48927699859 , 0.613893457323 , -0.0380834755695 , -88 , 101 , -67 , 1569444911.926829
-1.47659147985 , 0.603680746033 , -0.0244087140716 , -91 , 104 , -73 , 1569444911.971883
-1.46256016382 , 0.593529142363 , -0.00941058855771 , -84 , 97 , -78 , 1569444912.012887
-1.44832058751 , 0.584566436295 , 0.00632273918721 , -88 , 104 , -85 , 1569444912.057969
-1.43311933796 , 0.575862004496 , 0.022644228717 , -81 , 104 , -81 , 1569444912.1036725
-1.41801803783 , 0.567317558271 , 0.0367601115536 , -77 , 108 , -82 , 1569444912.1481378
-1.40242310054 , 0.55933637736 , 0.0491115090355 , -84 , 108 , -73 , 1569444912.1889317
-1.38704029287 , 0.550945806935 , 0.0601395425016 , -81 , 108 , -77 , 1569444912.2339675
-1.37205226936 , 0.542752076081 , 0.0696971715055 , -77 , 116 , -63 , 1569444912.2791283
-1.3567044013 , 0.534133549684 , 0.076166951139 , -74 , 119 , -59 , 1569444912.3247824
-1.34174171524 , 0.525664931295 , 0.0795488814019 , -70 , 120 , -55 , 1569444912.3703232
-1.32437013717 , 0.516007375604 , 0.0811663263102 , -70 , 124 , -51 , 1569444912.4192526
-1.30908111246 , 0.507104214776 , 0.0808722454178 , -70 , 127 , -52 , 1569444912.4633608
-1.29416166598 , 0.498531197267 , 0.0798429622943 , -66 , 123 , -48 , 1569444912.5084047
-1.27947663032 , 0.48972858991 , 0.07690215337 , -67 , 131 , -48 , 1569444912.5496104
-1.26462455901 , 0.480897705153 , 0.0735202231071 , -74 , 131 , -44 , 1569444912.5944495
-1.24959404553 , 0.471163576892 , 0.0708734950753 , -74 , 127 , -37 , 1569444912.6394453
-1.23539605571 , 0.461136375005 , 0.0680797265972 , -82 , 131 , -37 , 1569444912.684496
-1.22142761097 , 0.450467755117 , 0.066609322135 , -85 , 124 , -41 , 1569444912.7255518
-1.20741728866 , 0.43964244966 , 0.0648448367805 , -85 , 127 , -37 , 1569444912.7705035
-1.19340798578 , 0.428513650376 , 0.062492189641 , -81 , 131 , -33 , 1569444912.815569
-1.17946098557 , 0.417153718924 , 0.0591102593781 , -81 , 127 , -26 , 1569444912.860589
-1.16645872501 , 0.405497148156 , 0.054257924653 , -86 , 131 , -22 , 1569444912.9015791
-1.15371689285 , 0.393067088124 , 0.0483763068045 , -88 , 131 , -22 , 1569444912.9467707
-1.14036902723 , 0.380539250821 , 0.0435239720794 , -85 , 131 , -29 , 1569444912.99278
-1.12449530275 , 0.366381602079 , 0.0382305160157 , -78 , 128 , -37 , 1569444913.0460093
-1.1088404352 , 0.353364786125 , 0.0345545048603 , -84 , 123 , -40 , 1569444913.0941017
-1.09533416163 , 0.342230610149 , 0.0330841003982 , -77 , 123 , -33 , 1569444913.1391237
-1.0819921358 , 0.331155551829 , 0.0302903319201 , -81 , 123 , -33 , 1569444913.18416
-1.06911556267 , 0.320002147791 , 0.0273495229958 , -77 , 123 , -37 , 1569444913.2256036
-1.05574357982 , 0.30896511659 , 0.024702794964 , -81 , 127 , -40 , 1569444913.2702465
-1.04201799839 , 0.298069868925 , 0.0233794309481 , -81 , 122 , -52 , 1569444913.3154457
-1.02767991523 , 0.287254962818 , 0.0242616736253 , -89 , 134 , -48 , 1569444913.3602815
-1.01307347632 , 0.275760343494 , 0.0258791185337 , -77 , 127 , -52 , 1569444913.4013205
-0.998130816347 , 0.265108050837 , 0.0269084016572 , -77 , 131 , -48 , 1569444913.4462628
-0.983318557643 , 0.254327600412 , 0.0280847252269 , -74 , 122 , -55 , 1569444913.491323
-0.968670904394 , 0.24470549834 , 0.0295551296891 , -81 , 131 , -62 , 1569444913.5364075
-0.953174472813 , 0.23471037152 , 0.0323488981671 , -74 , 124 , -63 , 1569444913.577346
-0.937921817197 , 0.22567221298 , 0.0347015453066 , -74 , 134 , -59 , 1569444913.6223419
-0.922203973424 , 0.216433785427 , 0.0357308284301 , -59 , 123 , -67 , 1569444913.6675463
-0.906423824879 , 0.208443471654 , 0.0361719497687 , -70 , 131 , -63 , 1569444913.7125268
-0.890161488018 , 0.199275334643 , 0.0369071519998 , -66 , 134 , -70 , 1569444913.7577462
-0.873633201888 , 0.190967429075 , 0.0376423542308 , -66 , 131 , -66 , 1569444913.798445
-0.857088298315 , 0.182392498444 , 0.0373482733384 , -63 , 130 , -74 , 1569444913.843769
-0.840721236684 , 0.17461690997 , 0.0369071519998 , -59 , 134 , -67 , 1569444913.8885705
-0.824248523154 , 0.166502649506 , 0.0351426666452 , -63 , 134 , -71 , 1569444913.933613
-0.807174238634 , 0.158744403894 , 0.0352897070914 , -51 , 131 , -70 , 1569444913.9745307
-0.790266562893 , 0.151625713764 , 0.0326429790596 , -59 , 131 , -81 , 1569444914.0196412
-0.773191627202 , 0.144691998198 , 0.0320548172747 , -48 , 131 , -81 , 1569444914.064664
-0.755700712459 , 0.138236895322 , 0.0313196150436 , -48 , 127 , -86 , 1569444914.109727
-0.738479998111 , 0.132515305928 , 0.0305844128126 , -48 , 138 , -85 , 1569444914.150684
-0.720521759887 , 0.126272685608 , 0.0297021701353 , -40 , 127 , -85 , 1569444914.1957622
-0.702733223416 , 0.12065219634 , 0.0295551296891 , -52 , 131 , -92 , 1569444914.2410326
-0.685030692147 , 0.114635274826 , 0.0304373723663 , -52 , 137 , -96 , 1569444914.2858396
-0.66620786597 , 0.108584069641 , 0.0317607363823 , -37 , 138 , -96 , 1569444914.3267627
-0.647305158984 , 0.103342713113 , 0.0314666554898 , -51 , 137 , -92 , 1569444914.371892
-0.629158505629 , 0.0974571146173 , 0.0332311408444 , -40 , 134 , -93 , 1569444914.4169252
-0.611162363711 , 0.0920733999704 , 0.0326429790596 , -44 , 134 , -92 , 1569444914.461944
-0.592820815545 , 0.0863830058729 , 0.0330841003982 , -44 , 131 , -96 , 1569444914.5071187
-0.571308212038 , 0.0800508394675 , 0.0335252217368 , -44 , 127 , -96 , 1569444914.5561328
-0.553024059626 , 0.0747938371061 , 0.0348485857528 , -37 , 134 , -97 , 1569444914.6011968
-0.534031899445 , 0.0702843434501 , 0.034995626199 , -44 , 137 , -99 , 1569444914.6421373
-0.51409775659 , 0.0651676375643 , 0.037054192446 , -44 , 138 , -104 , 1569444914.687217
-0.494365177483 , 0.0605873408883 , 0.0382305160157 , -36 , 138 , -107 , 1569444914.7322516
-0.474504585774 , 0.0566220704741 , 0.0389657182468 , -25 , 135 , -104 , 1569444914.777333
-0.455279465049 , 0.0528981452819 , 0.037054192446 , -36 , 141 , -118 , 1569444914.8222044
-0.434409104748 , 0.0489750787286 , 0.0379364351233 , -36 , 145 , -118 , 1569444914.8634214
-0.412862564455 , 0.0452077907389 , 0.0389657182468 , -29 , 142 , -122 , 1569444914.908354
-0.391203014799 , 0.0423895811737 , 0.0404361227089 , -25 , 142 , -122 , 1569444914.9534373
-0.369921626593 , 0.03947591435 , 0.0408772440476 , -33 , 148 , -118 , 1569444914.9984431
-0.348802667309 , 0.0358379525543 , 0.0419065271711 , -29 , 160 , -132 , 1569444915.0393877
-0.324712891497 , 0.0330731611519 , 0.0436710125256 , -22 , 171 , -151 , 1569444915.084474
-0.298706494835 , 0.0309377808105 , 0.0449943765415 , -29 , 171 , -165 , 1569444915.1304991
-0.271646369863 , 0.0291637958032 , 0.0499937517128 , -25 , 185 , -161 , 1569444915.174558
-0.243784904002 , 0.0271731678493 , 0.0529345606371 , -33 , 181 , -165 , 1569444915.2196157
-0.21543448747 , 0.0252900864355 , 0.0580809762546 , -33 , 178 , -173 , 1569444915.2646844
-0.186814099181 , 0.0240718162742 , 0.0627862705335 , -22 , 189 , -165 , 1569444915.3097498
-0.158016154259 , 0.0233349628836 , 0.0648448367805 , -22 , 178 , -162 , 1569444915.3507695
-0.129635050494 , 0.0223782622839 , 0.0664622816888 , -22 , 177 , -169 , 1569444915.3956695
-0.101241303831 , 0.0213002117643 , 0.0689619692745 , -25 , 186 , -162 , 1569444915.440736
-0.0732659455496 , 0.0200680315729 , 0.0704323737366 , -7 , 175 , -159 , 1569444915.4858186
