0.0 , 0.0 , 0.0 , 0 , 0 , 0 , 1569444557.1254063
0.000145168468458 , 2.79376847807e-05 , 0.000147040446214 , 0 , 31 , 0 , 1569444557.166248
0.0024680364734 , -0.00114510353314 , -0.00602865829478 , 0 , 43 , -23 , 1569444557.2122316
0.00923806282354 , -0.00191231120766 , -0.00985170989635 , 0 , 65 , -68 , 1569444557.2605875
0.0218695837568 , -0.00178530594817 , -0.00852834588042 , 0 , 73 , -91 , 1569444557.3096726
0.0352307919104 , -0.0011728514945 , -0.00470529427885 , 0 , 88 , -98 , 1569444557.3506517
0.0501364300506 , -0.000851855509247 , -0.00264672803186 , 0 , 88 , -121 , 1569444557.3958397
0.0663507712484 , 0.000585931918837 , 0.0051464156175 , 0 , 88 , -114 , 1569444557.4366355
0.0825071831304 , 0.00173072634415 , 0.0107339525736 , 0 , 92 , -125 , 1569444557.4817483
0.0996204820317 , 0.00336727004262 , 0.0183800557768 , 0 , 88 , -121 , 1569444557.5227206
0.11628790312 , 0.00498694568506 , 0.0252909567488 , 0 , 96 , -114 , 1569444557.5677621
0.133149945836 , 0.00622394586718 , 0.0295551296891 , 0 , 99 , -126 , 1569444557.6089056
0.150439398948 , 0.00762948324775 , 0.0338193026293 , 0 , 110 , -128 , 1569444557.6537242
0.169175445326 , 0.00910197503097 , 0.0382305160157 , 0 , 99 , -129 , 1569444557.6947584
0.187649161747 , 0.0110107779159 , 0.0445532552029 , 0 , 107 , -135 , 1569444557.742128
0.209097656905 , 0.0133932482081 , 0.0520523179598 , 0 , 102 , -135 , 1569444557.7888746
0.227575561208 , 0.0158666166331 , 0.0595513807168 , 18 , 108 , -130 , 1569444557.8339787
0.246201093235 , 0.0197478482026 , 0.0613158660713 , 33 , 108 , -133 , 1569444557.8788958
0.265089723721 , 0.0255818521451 , 0.0585220975933 , 48 , 104 , -134 , 1569444557.920025
0.283679514331 , 0.0326039553217 , 0.0530816010833 , 62 , 104 , -140 , 1569444557.96505
0.302941634232 , 0.0412651265776 , 0.0455825383264 , 66 , 108 , -140 , 1569444558.0100691
0.322109141575 , 0.0500819882758 , 0.037054192446 , 69 , 100 , -141 , 1569444558.0554092
0.340791280966 , 0.0594691450376 , 0.0294080892428 , 73 , 104 , -141 , 1569444558.0960352
0.360075881479 , 0.0687567600421 , 0.0210267838086 , 73 , 97 , -141 , 1569444558.1411586
0.379098407141 , 0.0779032303099 , 0.0136747614979 , 77 , 93 , -142 , 1569444558.186239
0.397839417661 , 0.0876033455699 , 0.00691090097207 , 66 , 89 , -142 , 1569444558.2312639
0.416310173114 , 0.0966992081411 , 0.00294080892428 , 66 , 89 , -145 , 1569444558.276335
0.435059087199 , 0.105638567451 , 0.00117632356971 , 66 , 85 , -149 , 1569444558.3172157
0.453533014356 , 0.114879741133 , -0.000147040446214 , 59 , 86 , -145 , 1569444558.362361
0.472164195889 , 0.123230369436 , -0.000294080892428 , 59 , 78 , -142 , 1569444558.4073687
0.490070787439 , 0.131662284618 , 0.000882242677285 , 59 , 78 , -145 , 1569444558.452389
0.508257587582 , 0.140339015446 , 0.00323488981671 , 55 , 74 , -138 , 1569444558.4936109
0.525457946904 , 0.148496627885 , 0.006175698741 , 59 , 63 , -142 , 1569444558.5384717
0.541808013064 , 0.15728638791 , 0.00999875034257 , 55 , 67 , -138 , 1569444558.5834775
0.558081276453 , 0.165607317392 , 0.0141158828366 , 59 , 63 , -138 , 1569444558.6285355
0.574066784097 , 0.174801872295 , 0.0180859748843 , 63 , 59 , -134 , 1569444558.6695175
0.589674465337 , 0.184193358223 , 0.0210267838086 , 59 , 60 , -134 , 1569444558.7152958
0.605006105237 , 0.19393286228 , 0.0242616736253 , 66 , 60 , -135 , 1569444558.759696
0.620308869744 , 0.203610193606 , 0.0260261589799 , 63 , 56 , -135 , 1569444558.806043
0.635720024463 , 0.214072351139 , 0.0295551296891 , 70 , 48 , -134 , 1569444558.8497212
0.649638158456 , 0.224713483347 , 0.0330841003982 , 71 , 52 , -131 , 1569444558.8947718
0.663812528172 , 0.235301580078 , 0.0360249093225 , 74 , 49 , -123 , 1569444558.9397533
0.677280698237 , 0.245851076061 , 0.0360249093225 , 74 , 48 , -131 , 1569444558.980751
0.690969527836 , 0.256995597014 , 0.0382305160157 , 77 , 41 , -128 , 1569444559.0258963
0.704040680407 , 0.268483096204 , 0.0413183653862 , 74 , 33 , -127 , 1569444559.0708854
0.716279647793 , 0.280537198231 , 0.0438180529718 , 85 , 30 , -127 , 1569444559.1157382
0.727846524316 , 0.292901320205 , 0.0461707001113 , 78 , 26 , -120 , 1569444559.1569536
0.739052362207 , 0.305137447473 , 0.0495526303742 , 85 , 22 , -127 , 1569444559.201951
0.749882491593 , 0.318289929523 , 0.0532286415295 , 82 , 22 , -120 , 1569444559.2470272
0.760441917445 , 0.331106586328 , 0.0563164909 , 92 , 18 , -123 , 1569444559.287927
0.770901961322 , 0.345015736855 , 0.059698421163 , 92 , 11 , -113 , 1569444559.3330557
0.780328873026 , 0.358425460067 , 0.0614629065175 , 96 , 18 , -116 , 1569444559.3780816
0.791084953527 , 0.373502520798 , 0.0688149288283 , 97 , 11 , -112 , 1569444559.4281766
0.799513340924 , 0.389149570073 , 0.0680797265972 , 100 , 3 , -118 , 1569444559.4722812
0.807813334802 , 0.403996808298 , 0.070726454629 , 97 , 0 , -107 , 1569444559.51718
0.814927404478 , 0.418616685742 , 0.070726454629 , 104 , 0 , -103 , 1569444559.55836
0.82216456254 , 0.433553368104 , 0.0705794141828 , 108 , 0 , -103 , 1569444559.6041493
0.830647087626 , 0.451489645525 , 0.0694030906131 , 116 , 0 , -103 , 1569444559.6525068
0.837865257903 , 0.466974145951 , 0.0677856457048 , 112 , 0 , -103 , 1569444559.6976674
0.846422411647 , 0.483096194455 , 0.0708734950753 , 108 , 0 , -107 , 1569444559.7467425
0.853565176069 , 0.500015963374 , 0.0657270794578 , 104 , 0 , -99 , 1569444559.791786
0.860633657493 , 0.514928264265 , 0.0644037154418 , 108 , 0 , -103 , 1569444559.8366022
0.867950726636 , 0.530041927821 , 0.0636685132108 , 115 , 0 , -107 , 1569444559.877735
0.8753111989 , 0.545404216282 , 0.062492189641 , 101 , 0 , -103 , 1569444559.922872
0.882638510549 , 0.560026829915 , 0.0627862705335 , 108 , 0 , -107 , 1569444559.9637783
0.890109121498 , 0.575388691075 , 0.0620510683024 , 104 , 0 , -100 , 1569444560.0088427
0.896946059557 , 0.59020113546 , 0.0595513807168 , 104 , 0 , -103 , 1569444560.0537152
0.903903308168 , 0.605225308578 , 0.0569046526849 , 116 , 0 , -103 , 1569444560.0948226
0.910924774534 , 0.620652154209 , 0.0533756819758 , 111 , 0 , -96 , 1569444560.1398487
0.918012561831 , 0.635830942103 , 0.0504348730515 , 112 , 0 , -99 , 1569444560.1808345
0.924904724971 , 0.650948720987 , 0.0464647810037 , 111 , 0 , -95 , 1569444560.2259636
0.931765368692 , 0.665922892956 , 0.0419065271711 , 111 , 3 , -91 , 1569444560.270818
0.938510172384 , 0.680634222692 , 0.0361719497687 , 115 , 0 , -92 , 1569444560.3119004
0.945147817306 , 0.695243793486 , 0.0310255341512 , 112 , 0 , -96 , 1569444560.35696
0.952098058716 , 0.709966137422 , 0.0266143207648 , 108 , 0 , -92 , 1569444560.397876
0.959074468252 , 0.724293330238 , 0.0229383096094 , 108 , 0 , -96 , 1569444560.443058
0.966241579076 , 0.738905344264 , 0.0191152580078 , 115 , 0 , -88 , 1569444560.483853
0.973080658698 , 0.753314856486 , 0.0139688423904 , 112 , 0 , -88 , 1569444560.529805
0.979803387645 , 0.767462797929 , 0.00896946721907 , 115 , 0 , -88 , 1569444560.5748284
0.986640389622 , 0.782108181943 , 0.00235264713943 , 119 , 0 , -80 , 1569444560.614969
0.993090779357 , 0.796483367181 , -0.00588161784857 , 112 , 0 , -84 , 1569444560.6600392
0.999608464742 , 0.810386178045 , -0.0132336401593 , 118 , 0 , -80 , 1569444560.7011402
1.00599106676 , 0.824607055287 , -0.0222031073783 , 118 , -26 , -78 , 1569444560.7460651
1.01069486976 , 0.840263337984 , -0.0252909567488 , 111 , -33 , -83 , 1569444560.7911189
1.01481601284 , 0.855837143096 , -0.0235264713943 , 106 , -48 , -78 , 1569444560.836069
1.01741461121 , 0.871648993528 , -0.018527096223 , 110 , -55 , -78 , 1569444560.8770833
1.01936183503 , 0.887931321502 , -0.0111750739123 , 103 , -67 , -71 , 1569444560.9221852
1.01997994978 , 0.904268979895 , -0.00147040446214 , 110 , -67 , -75 , 1569444560.9672413
1.02024642153 , 0.920947403919 , 0.008234264988 , 106 , -74 , -74 , 1569444561.0122385
1.01967129436 , 0.937901417649 , 0.0176448535457 , 103 , -74 , -67 , 1569444561.0533345
1.01885270006 , 0.954121294169 , 0.0263202398723 , 106 , -70 , -64 , 1569444561.098294
1.01795429646 , 0.969859956121 , 0.0333781812906 , 103 , -67 , -56 , 1569444561.1433322
1.01696161566 , 0.985089287017 , 0.039112758693 , 103 , -70 , -45 , 1569444561.1924696
1.01383471213 , 1.00188215896 , 0.0398479609241 , 103 , -59 , -45 , 1569444561.2375603
1.01186157976 , 1.01614691048 , 0.0398479609241 , 96 , -63 , -41 , 1569444561.2826264
1.0094855637 , 1.02958476287 , 0.0404361227089 , 92 , -49 , -37 , 1569444561.327624
1.00821051834 , 1.04194765686 , 0.039112758693 , 92 , -41 , -30 , 1569444561.368597
1.00670104769 , 1.05329588694 , 0.0347015453066 , 78 , -41 , -26 , 1569444561.4137034
1.00470591392 , 1.06334615914 , 0.0314666554898 , 81 , -45 , -26 , 1569444561.4586363
1.0025902948 , 1.07364958027 , 0.0286728870118 , 70 , -45 , -22 , 1569444561.4997525
1.00013893892 , 1.08316583989 , 0.0274965634421 , 70 , -45 , -22 , 1569444561.5447307
0.997643494893 , 1.09293499025 , 0.026761361211 , 67 , -41 , -18 , 1569444561.5856254
0.995506547524 , 1.10224026574 , 0.0257320780875 , 70 , -45 , -15 , 1569444561.6308994
0.993280994477 , 1.11160110264 , 0.0245557545178 , 70 , -45 , -22 , 1569444561.675794
0.991262697793 , 1.12085758648 , 0.0241146331791 , 66 , -45 , -26 , 1569444561.7167017
0.989290797182 , 1.13036749257 , 0.0245557545178 , 74 , -45 , -26 , 1569444561.7618108
0.987350043365 , 1.14040837198 , 0.0255850376413 , 78 , -41 , -26 , 1569444561.8068607
0.986038533784 , 1.15004441323 , 0.0257320780875 , 67 , -37 , -26 , 1569444561.8478105
0.985075003851 , 1.15927005017 , 0.0254379971951 , 67 , -41 , -26 , 1569444561.8930652
0.983774859602 , 1.16851528311 , 0.0244087140716 , 67 , -41 , -26 , 1569444561.9380074
0.982395664115 , 1.177424335 , 0.0238205522867 , 67 , -41 , -30 , 1569444561.978896
0.980772510312 , 1.18663566112 , 0.0239675927329 , 67 , -41 , -30 , 1569444562.0240088
0.97913996767 , 1.19618190439 , 0.0241146331791 , 63 , -45 , -26 , 1569444562.0688856
0.977121712564 , 1.20560685502 , 0.026761361211 , 70 , -52 , -30 , 1569444562.109934
0.975152836765 , 1.21586685093 , 0.0289669679042 , 63 , -49 , -30 , 1569444562.1550481
0.973274257773 , 1.22556676303 , 0.0326429790596 , 74 , -56 , -33 , 1569444562.199944
0.97132903312 , 1.23620907918 , 0.0355837879838 , 66 , -52 , -30 , 1569444562.24097
0.969198841231 , 1.24572194275 , 0.0374953137846 , 66 , -49 , -15 , 1569444562.28614
0.966731879265 , 1.25468757642 , 0.0379364351233 , 63 , -45 , -18 , 1569444562.327625
0.964166372463 , 1.26359261526 , 0.0376423542308 , 59 , -45 , -15 , 1569444562.3721414
0.9610915537 , 1.27194793649 , 0.0372012328922 , 63 , -52 , -11 , 1569444562.4171476
0.957337202355 , 1.28044692713 , 0.0367601115536 , 66 , -49 , -7 , 1569444562.4583974
0.953434342737 , 1.28913766954 , 0.0333781812906 , 70 , -49 , 0 , 1569444562.5030892
0.949225156119 , 1.29774649108 , 0.0295551296891 , 67 , -52 , 0 , 1569444562.5480874
0.94494887311 , 1.30648018364 , 0.0254379971951 , 74 , -60 , 0 , 1569444562.5891323
0.940364992959 , 1.31541829309 , 0.0214679051473 , 71 , -53 , 0 , 1569444562.634145
0.93620605954 , 1.32427111542 , 0.0169096513146 , 74 , -53 , 0 , 1569444562.6751575
0.931843247771 , 1.33327838058 , 0.0122043570358 , 71 , -53 , 0 , 1569444562.7201412
0.927624411089 , 1.34191615691 , 0.00808722454178 , 67 , -53 , 0 , 1569444562.7612028
0.923490238647 , 1.35048781051 , 0.00485233472507 , 66 , -53 , 0 , 1569444562.8061798
0.919190531589 , 1.35901597892 , 0.00176448535457 , 64 , -49 , 0 , 1569444562.855355
0.914770285097 , 1.36853494479 , -0.00235264713943 , 67 , -45 , 0 , 1569444562.8962855
0.911208928112 , 1.376812901 , -0.00691090097207 , 67 , -53 , 0 , 1569444562.941346
0.90729900664 , 1.3852214281 , -0.00999875034257 , 70 , -53 , -3 , 1569444562.9863877
0.903319969914 , 1.39381057372 , -0.0126454783744 , 60 , -49 , -3 , 1569444563.0273905
0.899598896091 , 1.40187638764 , -0.0154392468525 , 63 , -53 , 0 , 1569444563.0725422
0.895760826766 , 1.41031795371 , -0.0180859748843 , 59 , -53 , -18 , 1569444563.1135263
0.893067489426 , 1.41928024989 , -0.0157333277449 , 48 , -60 , -33 , 1569444563.1584482
0.891467213555 , 1.42830247766 , -0.00455825383264 , 55 , -64 , -49 , 1569444563.2035706
0.890593540242 , 1.43833619315 , 0.00985170989635 , 55 , -60 , -60 , 1569444563.2444463
0.890200281556 , 1.44878151993 , 0.0264672803186 , 55 , -64 , -64 , 1569444563.2895613
0.889769036176 , 1.45958577544 , 0.0441121338643 , 48 , -56 , -56 , 1569444563.3345697
0.888747874304 , 1.46955213067 , 0.0588161784857 , 63 , -60 , -45 , 1569444563.375523
0.887024284789 , 1.47988944559 , 0.0695501310593 , 63 , -60 , -37 , 1569444563.4206126
0.884622215455 , 1.49000009017 , 0.0780784769397 , 66 , -56 , -33 , 1569444563.4657555
0.881894976227 , 1.50004315738 , 0.0842541756807 , 63 , -63 , -26 , 1569444563.5066166
0.878046128899 , 1.50939091986 , 0.0895476317445 , 66 , -56 , -18 , 1569444563.5517263
0.873726585351 , 1.51854010267 , 0.0914591575452 , 67 , -60 , 0 , 1569444563.5966783
0.86879629735 , 1.52726188645 , 0.090576914868 , 67 , -49 , 0 , 1569444563.6376195
0.863964856984 , 1.53551939981 , 0.0863127419277 , 64 , -49 , 0 , 1569444563.6835845
0.858394955514 , 1.54431937578 , 0.0842541756807 , 60 , -53 , 0 , 1569444563.7358904
0.852729091727 , 1.55275668097 , 0.0833719330035 , 56 , -57 , 0 , 1569444563.7816937
0.847820857885 , 1.55977581283 , 0.0835189734497 , 52 , -57 , 0 , 1569444563.8219016
0.842884346716 , 1.56653962344 , 0.0845482565732 , 56 , -57 , 0 , 1569444563.8753953
0.836561905641 , 1.575817038 , 0.0839600947883 , 56 , -57 , 0 , 1569444563.92432
0.831594296542 , 1.58291274161 , 0.0841071352345 , 56 , -53 , 0 , 1569444563.9653099
0.826777340419 , 1.58993639324 , 0.0838130543421 , 60 , -57 , 0 , 1569444564.01035
0.821842622743 , 1.59723175546 , 0.0832248925572 , 52 , -57 , 0 , 1569444564.0512724
0.81678843261 , 1.60426738225 , 0.0839600947883 , 60 , -57 , 0 , 1569444564.0964804
0.8118385849 , 1.61172905442 , 0.0829308116648 , 52 , -53 , 0 , 1569444564.1373641
0.806731298124 , 1.61884568387 , 0.0832248925572 , 56 , -57 , 0 , 1569444564.1824038
0.801203628684 , 1.62631840438 , 0.0846952970194 , 52 , -57 , 0 , 1569444564.2233703
0.795895655253 , 1.63335396209 , 0.0855775396967 , 52 , -60 , 0 , 1569444564.2684262
0.790448779205 , 1.6402332489 , 0.0879301868361 , 52 , -64 , 0 , 1569444564.3094037
0.784814138665 , 1.64739308113 , 0.090576914868 , 52 , -65 , 18 , 1569444564.3552604
0.777993695334 , 1.65401120303 , 0.0896946721907 , 63 , -60 , 34 , 1569444564.3994207
0.770051796784 , 1.65966439135 , 0.0807252049716 , 66 , -60 , 45 , 1569444564.4404495
0.761219735751 , 1.66562076147 , 0.0676386052585 , 59 , -63 , 52 , 1569444564.4862053
0.749992012123 , 1.67242063644 , 0.052199358406 , 63 , -71 , 56 , 1569444564.538704
0.739640648792 , 1.67856602442 , 0.0401420418165 , 63 , -68 , 52 , 1569444564.5798578
0.729325873043 , 1.6845825938 , 0.0285258465656 , 62 , -71 , 56 , 1569444564.6247861
0.719230774875 , 1.69058308192 , 0.0179389344381 , 58 , -75 , 41 , 1569444564.6697943
0.709675566609 , 1.6971457188 , 0.0101457907888 , 55 , -71 , 41 , 1569444564.7107344
0.700461546658 , 1.70384143891 , 0.00441121338643 , 55 , -79 , 41 , 1569444564.7558672
0.690752933249 , 1.71078310101 , 0.000147040446214 , 51 , -86 , 41 , 1569444564.8008513
0.681122426709 , 1.71757054242 , -0.002058566247 , 52 , -83 , 33 , 1569444564.8417633
0.672184825517 , 1.72460131482 , -0.0030878493705 , 52 , -75 , 30 , 1569444564.887624
0.663834964285 , 1.73158361469 , -0.00397009204778 , 44 , -79 , 26 , 1569444564.9319673
0.655780048225 , 1.73818100128 , -0.002058566247 , 52 , -75 , 22 , 1569444564.972918
0.648440159475 , 1.74562755085 , 0.00132336401593 , 49 , -76 , 11 , 1569444565.017934
0.641800416169 , 1.75346926035 , 0.00646977963343 , 44 , -80 , 7 , 1569444565.0588076
0.635313958179 , 1.76127794754 , 0.0138218019441 , 48 , -76 , 0 , 1569444565.1041942
0.629153483938 , 1.76932343616 , 0.0199975006851 , 52 , -76 , 0 , 1569444565.1448383
0.622890033342 , 1.77758114766 , 0.0257320780875 , 59 , -80 , 0 , 1569444565.1899378
0.616521613438 , 1.78616462998 , 0.0307314532588 , 52 , -76 , 0 , 1569444565.230906
0.610227696864 , 1.7940489529 , 0.037054192446 , 48 , -76 , 0 , 1569444565.2762246
0.603733812233 , 1.80202753836 , 0.0427887698483 , 48 , -68 , 0 , 1569444565.3210084
0.59769446356 , 1.80959868251 , 0.0477881450196 , 45 , -73 , 0 , 1569444565.3619118
0.591487017192 , 1.81682564082 , 0.0546990459917 , 45 , -80 , 0 , 1569444565.4071088
0.585042615806 , 1.82388736208 , 0.0623451491948 , 37 , -76 , 18 , 1569444565.4479218
0.577447980662 , 1.8298234427 , 0.0669034030275 , 51 , -68 , 37 , 1569444565.4935791
0.568743913981 , 1.8352323106 , 0.0626392300873 , 44 , -64 , 53 , 1569444565.5381057
0.558913338084 , 1.83968238191 , 0.0548460864379 , 51 , -75 , 60 , 1569444565.5790374
0.548376142935 , 1.84447599117 , 0.0455825383264 , 55 , -71 , 56 , 1569444565.6241333
0.537923233113 , 1.84956457079 , 0.0364660306611 , 55 , -71 , 56 , 1569444565.669147
0.52757263427 , 1.85455456207 , 0.0276436038883 , 44 , -71 , 53 , 1569444565.710306
0.517409257912 , 1.85972346886 , 0.0219090264859 , 40 , -79 , 56 , 1569444565.7551732
0.507286706693 , 1.86444781538 , 0.0179389344381 , 44 , -75 , 45 , 1569444565.8003757
0.497701659103 , 1.86997605624 , 0.0135277210517 , 44 , -79 , 48 , 1569444565.841165
0.487512463058 , 1.87551008021 , 0.00941058855771 , 44 , -79 , 48 , 1569444565.8862176
0.477398468555 , 1.88066741607 , 0.00661682007964 , 37 , -71 , 41 , 1569444565.9313238
0.468027890933 , 1.88538286042 , 0.00705794141828 , 33 , -79 , 41 , 1569444565.9722314
0.458508294659 , 1.89034457907 , 0.00882242677285 , 36 , -83 , 41 , 1569444566.017324
0.448446462285 , 1.89542447982 , 0.00999875034257 , 29 , -86 , 41 , 1569444566.0624151
0.437945132991 , 1.90029263264 , 0.012351397482 , 37 , -90 , 45 , 1569444566.1032908
0.427185274822 , 1.90555211108 , 0.0147040446214 , 36 , -90 , 48 , 1569444566.1484008
0.416220357276 , 1.91072754552 , 0.0163214895298 , 29 , -83 , 45 , 1569444566.1934726
0.406125273325 , 1.91545251019 , 0.0191152580078 , 29 , -83 , 37 , 1569444566.2343295
0.396113789629 , 1.92015110298 , 0.0214679051473 , 40 , -86 , 41 , 1569444566.279459
0.385400788983 , 1.92542607436 , 0.0222031073783 , 37 , -90 , 49 , 1569444566.3245084
0.374255337778 , 1.93037626053 , 0.0235264713943 , 33 , -90 , 52 , 1569444566.365491
0.362817032132 , 1.93513728318 , 0.0252909567488 , 36 , -90 , 52 , 1569444566.4105444
0.35131985004 , 1.93996067828 , 0.0261731994261 , 33 , -94 , 56 , 1569444566.4562073
0.337635055576 , 1.94496829489 , 0.0292610487966 , 36 , -94 , 56 , 1569444566.5047426
0.325790859194 , 1.94937306272 , 0.0304373723663 , 29 , -94 , 64 , 1569444566.5498004
0.313035268401 , 1.95331704392 , 0.0307314532588 , 33 , -98 , 67 , 1569444566.5906725
0.299648893543 , 1.95726586927 , 0.0302903319201 , 37 , -101 , 67 , 1569444566.6357665
0.286354227584 , 1.96144692923 , 0.0292610487966 , 29 , -94 , 67 , 1569444566.6808712
0.27346716975 , 1.96509448224 , 0.0292610487966 , 22 , -105 , 82 , 1569444566.7219317
0.25808128299 , 1.96810990304 , 0.0294080892428 , 25 , -124 , 100 , 1569444566.766851
0.239935480291 , 1.97112573654 , 0.0282317656731 , 25 , -131 , 96 , 1569444566.8119247
0.221155750174 , 1.97445234815 , 0.0299962510277 , 22 , -134 , 112 , 1569444566.8569636
0.201119321984 , 1.97748468367 , 0.0301432914739 , 29 , -142 , 118 , 1569444566.9019275
0.180306884005 , 1.98054658862 , 0.0297021701353 , 18 , -138 , 111 , 1569444566.942983
0.159707524439 , 1.98300906437 , 0.0304373723663 , 25 , -146 , 122 , 1569444566.9880412
0.138081299016 , 1.98573264189 , 0.0305844128126 , 25 , -142 , 118 , 1569444567.0332143
0.116856986066 , 1.98796223418 , 0.0320548172747 , 14 , -138 , 118 , 1569444567.0782022
0.0957736161685 , 1.99019319163 , 0.0336722621831 , 18 , -138 , 111 , 1569444567.1233523
0.0723728109198 , 1.99208847456 , 0.0385245969081 , 3 , -132 , 101 , 1569444567.1724002
0.0532032032563 , 1.9931669055 , 0.0454354978802 , 0 , -141 , 120 , 1569444567.217493
0.0324580427637 , 1.99345421771 , 0.0519052775136 , 0 , -137 , 120 , 1569444567.2583835
0.0118312976468 , 1.99316592838 , 0.0560224100076 , 0 , -144 , 139 , 1569444567.303456
-0.0102215924951 , 1.99232092037 , 0.0580809762546 , 0 , -137 , 131 , 1569444567.3485093
-0.0317863739961 , 1.99140282499 , 0.0598454616092 , 0 , -137 , 135 , 1569444567.3895197
-0.0537225572946 , 1.99020042565 , 0.060433623394 , 0 , -129 , 127 , 1569444567.434566
-0.0732098569847 , 1.98938515583 , 0.0623451491948 , 0 , -120 , 132 , 1569444567.471434
-0.0916739522931 , 1.98770066596 , 0.0595513807168 , 0 , -122 , 127 , 1569444567.5122726
-0.111705027822 , 1.98625448995 , 0.0582280167008 , 0 , -115 , 124 , 1569444567.55741
-0.130915146626 , 1.98485480582 , 0.0567576122387 , 0 , -119 , 120 , 1569444567.602381
-0.149983952882 , 1.98351949752 , 0.0554342482228 , 0 , -114 , 124 , 1569444567.643361
-0.168555878833 , 1.98195728827 , 0.0526404797447 , 0 , -111 , 120 , 1569444567.6925588
-0.189392962592 , 1.98013201253 , 0.0488174281431 , 0 , -99 , 113 , 1569444567.7375622
-0.206323356331 , 1.97860558188 , 0.0451414169878 , 0 , -99 , 114 , 1569444567.7827876
-0.222537926071 , 1.97725787982 , 0.0419065271711 , 0 , -92 , 114 , 1569444567.8236153
-0.23821441971 , 1.97573371831 , 0.0373482733384 , 0 , -84 , 102 , 1569444567.8686395
-0.252975809292 , 1.97423160526 , 0.0323488981671 , 0 , -76 , 95 , 1569444567.9097373
-0.266965275655 , 1.97266081116 , 0.0264672803186 , 0 , -69 , 95 , 1569444567.954688
-0.279947176082 , 1.97117128891 , 0.0204386220238 , 0 , -65 , 98 , 1569444567.9995613
-0.292983344906 , 1.96961940851 , 0.0136747614979 , 0 , -61 , 91 , 1569444568.040625
-0.305060484733 , 1.96805723135 , 0.00632273918721 , 0 , -57 , 88 , 1569444568.085763
-0.316858098804 , 1.96652984847 , -0.00132336401593 , -3 , -57 , 91 , 1569444568.1266658
-0.328667046429 , 1.96509271513 , -0.00852834588042 , 0 , -57 , 87 , 1569444568.1717293
-0.340195715596 , 1.96373822555 , -0.0161744490836 , 0 , -53 , 91 , 1569444568.2126777
-0.351495651429 , 1.96227247269 , -0.0248498354102 , -3 , -53 , 94 , 1569444568.2617755
-0.364822472278 , 1.95969729363 , -0.0326429790596 , -33 , -49 , 83 , 1569444568.306942
-0.375517121229 , 1.95540639526 , -0.0310255341512 , -41 , -52 , 75 , 1569444568.351922
-0.385575188635 , 1.95110661484 , -0.0261731994261 , -44 , -52 , 75 , 1569444568.3928263
-0.395777133136 , 1.94600782007 , -0.0208797433624 , -52 , -48 , 75 , 1569444568.437916
-0.405674503298 , 1.94023453664 , -0.0135277210517 , -63 , -48 , 71 , 1569444568.4829924
-0.415685275963 , 1.93358048921 , -0.00426417294021 , -55 , -52 , 67 , 1569444568.523908
-0.425339833413 , 1.92772675308 , 0.00441121338643 , -59 , -45 , 75 , 1569444568.5690286
-0.435472689484 , 1.92114457276 , 0.0114691548047 , -48 , -52 , 67 , 1569444568.6146555
-0.444791705128 , 1.91511450809 , 0.0191152580078 , -55 , -41 , 67 , 1569444568.6590238
-0.453620906421 , 1.90860270182 , 0.0263202398723 , -52 , -45 , 75 , 1569444568.7000744
-0.463031071747 , 1.90198296768 , 0.0316136959361 , -52 , -41 , 75 , 1569444568.7451432
-0.472170419036 , 1.89551662788 , 0.0352897070914 , -52 , -37 , 74 , 1569444568.7902844
-0.480794455013 , 1.88881044614 , 0.039112758693 , -45 , -37 , 75 , 1569444568.83117
-0.489453159286 , 1.88237653069 , 0.0414654058324 , -48 , -37 , 79 , 1569444568.8762286
-0.498233639755 , 1.87572084875 , 0.0427887698483 , -44 , -37 , 79 , 1569444568.9214242
-0.507111555481 , 1.86927270999 , 0.0430828507408 , -44 , -30 , 75 , 1569444568.96214
-0.515114965443 , 1.86280365118 , 0.0417594867248 , -41 , -30 , 83 , 1569444569.0072858
-0.523652918031 , 1.85618340135 , 0.0401420418165 , -41 , -22 , 79 , 1569444569.0522244
-0.531814763274 , 1.84959250529 , 0.0376423542308 , -41 , -26 , 78 , 1569444569.0936596
-0.539709235267 , 1.84320046561 , 0.0355837879838 , -41 , -26 , 79 , 1569444569.1383197
-0.547664213899 , 1.83679504925 , 0.0333781812906 , -41 , -30 , 79 , 1569444569.184485
-0.557287764005 , 1.82920586707 , 0.0304373723663 , -37 , -30 , 75 , 1569444569.2325525
-0.565377437544 , 1.8230060782 , 0.0291140083504 , -48 , -30 , 71 , 1569444569.2735434
-0.57342124675 , 1.81662292803 , 0.0302903319201 , -45 , -37 , 71 , 1569444569.3185172
-0.5818037278 , 1.81047138542 , 0.0323488981671 , -43 , -35 , 79 , 1569444569.375877
-0.592811440967 , 1.8020369565 , 0.0326429790596 , -48 , -26 , 75 , 1569444569.420897
-0.60067755317 , 1.79532304685 , 0.0335252217368 , -44 , -30 , 75 , 1569444569.4619186
-0.608837277223 , 1.78887168806 , 0.034995626199 , -41 , -30 , 79 , 1569444569.506933
-0.617092046052 , 1.78262831664 , 0.0345545048603 , -44 , -30 , 75 , 1569444569.5526743
-0.626319777339 , 1.77504119325 , 0.0360249093225 , -48 , -26 , 71 , 1569444569.6011336
-0.634019070582 , 1.76833386751 , 0.0374953137846 , -52 , -34 , 75 , 1569444569.6461716
-0.64253786716 , 1.76177981706 , 0.0395538800316 , -41 , -33 , 79 , 1569444569.6871698
-0.650856375719 , 1.75538339298 , 0.0398479609241 , -48 , -26 , 75 , 1569444569.7322547
-0.658615542808 , 1.74836367104 , 0.0402890822627 , -44 , -26 , 75 , 1569444569.777552
-0.666425589212 , 1.74147815307 , 0.0392597991392 , -48 , -22 , 79 , 1569444569.8181522
-0.674422968879 , 1.73425808651 , 0.0377893946771 , -44 , -22 , 79 , 1569444569.8638828
-0.682202903063 , 1.72742185862 , 0.0364660306611 , -48 , -18 , 75 , 1569444569.9083369
-0.689798447971 , 1.72060298912 , 0.0347015453066 , -41 , -26 , 72 , 1569444569.9492342
-0.696892465354 , 1.71434649629 , 0.0326429790596 , -41 , -22 , 75 , 1569444569.9944816
-0.704222017702 , 1.70751034489 , 0.0297021701353 , -41 , -22 , 71 , 1569444570.0394042
-0.711583257773 , 1.7010867329 , 0.0279376847807 , -52 , -22 , 64 , 1569444570.0803554
-0.718508779099 , 1.6942693834 , 0.0279376847807 , -48 , -22 , 68 , 1569444570.1254828
-0.725584875134 , 1.68764346623 , 0.0280847252269 , -44 , -22 , 68 , 1569444570.1704576
-0.732858185557 , 1.68117863336 , 0.0269084016572 , -44 , -18 , 67 , 1569444570.2154002
-0.739598735643 , 1.67442947864 , 0.0258791185337 , -52 , -3 , 68 , 1569444570.256478
-0.74559388154 , 1.66667269928 , 0.0242616736253 , -48 , -3 , 68 , 1569444570.301572
-0.750974720768 , 1.6590246759 , 0.0204386220238 , -53 , 0 , 73 , 1569444570.3424602
-0.756562289816 , 1.65061123202 , 0.0160274086373 , -52 , 0 , 65 , 1569444570.3876045
-0.761706667128 , 1.64245374589 , 0.0132336401593 , -52 , 0 , 69 , 1569444570.436705
-0.767680466373 , 1.63309856257 , 0.00985170989635 , -49 , 0 , 73 , 1569444570.4816148
-0.7729735491 , 1.62513966648 , 0.006175698741 , -52 , 0 , 65 , 1569444570.5228546
-0.778198730789 , 1.61714500492 , 0.0030878493705 , -64 , -3 , 61 , 1569444570.5678086
-0.78344633089 , 1.60844013968 , 0.00279376847807 , -52 , 0 , 65 , 1569444570.6086903
-0.788794205916 , 1.60007179857 , 0.000294080892428 , -68 , 0 , 72 , 1569444570.653793
-0.794259580675 , 1.59110219411 , -0.000588161784857 , -56 , 0 , 65 , 1569444570.6947136
-0.799539078704 , 1.58252842859 , -0.002058566247 , -60 , 0 , 65 , 1569444570.7438939
-0.805705867626 , 1.57217622034 , -0.00235264713943 , -59 , 0 , 68 , 1569444570.788906
-0.812016070631 , 1.56386561294 , -0.00117632356971 , -63 , -30 , 64 , 1569444570.834046
-0.819234611287 , 1.55663823892 , 0.00794018409557 , -74 , -30 , 56 , 1569444570.8749309
-0.826576967087 , 1.54889683253 , 0.0182330153306 , -63 , -45 , 56 , 1569444570.920038
-0.834833370021 , 1.5425151373 , 0.0295551296891 , -63 , -41 , 60 , 1569444570.9650273
-0.842867758047 , 1.53590503559 , 0.0401420418165 , -59 , -41 , 60 , 1569444571.0059664
-0.849833173517 , 1.52966975478 , 0.0502878326053 , -63 , -32 , 58 , 1569444571.0468676
-0.856645915731 , 1.52255739018 , 0.0552872077765 , -56 , -26 , 68 , 1569444571.092006
-0.863847048883 , 1.51519172457 , 0.0592572998243 , -48 , -30 , 67 , 1569444571.1333773
-0.871038737508 , 1.50813219169 , 0.0632273918721 , -56 , -22 , 67 , 1569444571.178002
-0.877487407853 , 1.50047356698 , 0.0661682007964 , -56 , -7 , 68 , 1569444571.2230554
-0.883180037636 , 1.49270462102 , 0.0661682007964 , -56 , -11 , 67 , 1569444571.2641244
-0.888932289861 , 1.48437174506 , 0.064550755888 , -48 , 0 , 65 , 1569444571.3090823
-0.893732238326 , 1.47611061214 , 0.0620510683024 , -53 , 0 , 57 , 1569444571.350253
-0.898033689206 , 1.46808969844 , 0.0605806638403 , -60 , 0 , 57 , 1569444571.3951166
-0.902186804218 , 1.45983292938 , 0.060433623394 , -60 , 0 , 57 , 1569444571.436064
-0.906430986176 , 1.45145937922 , 0.0601395425016 , -57 , 0 , 50 , 1569444571.4811416
-0.910357987004 , 1.44341419508 , 0.0605806638403 , -65 , 0 , 53 , 1569444571.5220263
-0.913891649878 , 1.43533494397 , 0.062492189641 , -62 , 0 , 58 , 1569444571.5672393
-0.917725246079 , 1.42686531801 , 0.0642566749956 , -61 , 0 , 54 , 1569444571.608106
-0.921508159796 , 1.41858720831 , 0.0657270794578 , -69 , 0 , 61 , 1569444571.653959
-0.926359411474 , 1.40830055202 , 0.0667563625813 , -60 , 0 , 57 , 1569444571.7023098
-0.930385220086 , 1.39960338825 , 0.067932686151 , -64 , 0 , 54 , 1569444571.743208
-0.934153716583 , 1.39083429861 , 0.0704323737366 , -72 , 0 , 57 , 1569444571.7882922
-0.937926923859 , 1.38174585834 , 0.0735202231071 , -64 , 0 , 53 , 1569444571.829204
-0.941461537629 , 1.37308151555 , 0.0766080724776 , -72 , 0 , 57 , 1569444571.8745306
-0.945283593607 , 1.36407396273 , 0.0785195982784 , -60 , 0 , 50 , 1569444571.915243
-0.9487879955 , 1.35555916707 , 0.0807252049716 , -64 , 0 , 53 , 1569444571.9603167
-0.952071669653 , 1.34694088401 , 0.0836660138959 , -64 , 0 , 53 , 1569444572.0013309
-0.955105226755 , 1.33852808046 , 0.087194984605 , -64 , 0 , 57 , 1569444572.0463777
-0.957508259026 , 1.32934386285 , 0.0869009037126 , -56 , 33 , 56 , 1569444572.0914261
-0.958501155495 , 1.31955430791 , 0.0766080724776 , -48 , 41 , 67 , 1569444572.1323102
-0.959535821466 , 1.30963991575 , 0.062492189641 , -52 , 49 , 60 , 1569444572.1774323
-0.959540780805 , 1.2996463451 , 0.0488174281431 , -52 , 56 , 49 , 1569444572.2224944
-0.958668789751 , 1.2897312686 , 0.0366130711073 , -56 , 52 , 56 , 1569444572.2634037
-0.95848588061 , 1.27945000564 , 0.0252909567488 , -56 , 52 , 52 , 1569444572.3084905
-0.958133381226 , 1.26934224539 , 0.0148510850676 , -63 , 45 , 45 , 1569444572.3535295
-0.958035309322 , 1.25948061159 , 0.00838130543421 , -56 , 33 , 45 , 1569444572.3946793
-0.959023038998 , 1.25030845046 , 0.00338193026293 , -63 , 33 , 41 , 1569444572.4395537
-0.959620446919 , 1.24094725214 , 0.00132336401593 , -63 , 26 , 41 , 1569444572.4845178
-0.960575887308 , 1.23161479285 , 0.000294080892428 , -71 , 30 , 41 , 1569444572.5255644
-0.962024663487 , 1.22172442595 , -0.000147040446214 , -71 , 22 , 49 , 1569444572.570605
-0.964155230575 , 1.21200242483 , 0.000294080892428 , -71 , 18 , 41 , 1569444572.611662
-0.966281492442 , 1.20222360944 , 0.0030878493705 , -71 , 7 , 42 , 1569444572.6566317
-0.968964030491 , 1.19338697566 , 0.008234264988 , -75 , 18 , 45 , 1569444572.701688
-0.971352445714 , 1.18372848035 , 0.0113221143585 , -67 , 18 , 49 , 1569444572.7426217
-0.974441566043 , 1.17447347655 , 0.0152922064063 , -82 , 3 , 49 , 1569444572.787718
-0.977918693086 , 1.1645012616 , 0.0204386220238 , -78 , 3 , 56 , 1569444572.8286207
-0.981740623698 , 1.15495028207 , 0.0252909567488 , -75 , 0 , 50 , 1569444572.873673
-0.98552040392 , 1.14554844227 , 0.0310255341512 , -72 , 0 , 50 , 1569444572.9185553
-0.989158140732 , 1.13640732627 , 0.0364660306611 , -75 , 0 , 50 , 1569444572.9597526
-0.992886070948 , 1.12710166646 , 0.0416124462786 , -79 , 0 , 50 , 1569444573.0047307
-0.996610922154 , 1.11769119096 , 0.0471999832348 , -68 , 0 , 54 , 1569444573.0457873
-1.00044791343 , 1.10867179887 , 0.0510230348363 , -68 , 0 , 54 , 1569444573.090807
-1.00401018742 , 1.09967804458 , 0.0558753695614 , -78 , 15 , 53 , 1569444573.1317313
-1.00610421778 , 1.08945964948 , 0.0566105717925 , -75 , 33 , 63 , 1569444573.1768634
-1.00735767593 , 1.07822359255 , 0.0508759943901 , -78 , 52 , 63 , 1569444573.2218254
-1.00739775873 , 1.06568925316 , 0.0419065271711 , -82 , 60 , 60 , 1569444573.2628653
-1.00684765724 , 1.05257006943 , 0.0314666554898 , -93 , 63 , 56 , 1569444573.307848
-1.00552001818 , 1.03807706827 , 0.0251439163026 , -96 , 63 , 60 , 1569444573.3530974
-1.00441722249 , 1.02309752232 , 0.0189682175616 , -107 , 70 , 49 , 1569444573.3980129
-1.0026265051 , 1.00779094453 , 0.0141158828366 , -108 , 67 , 60 , 1569444573.438886
-1.00153316654 , 0.992047954811 , 0.0101457907888 , -107 , 70 , 60 , 1569444573.4840188
-1.00021371623 , 0.97647131164 , 0.00661682007964 , -115 , 66 , 60 , 1569444573.5290153
-0.999282231978 , 0.960021818626 , 0.00470529427885 , -107 , 63 , 52 , 1569444573.5741844
-0.998047019633 , 0.94432647805 , 0.00279376847807 , -115 , 70 , 45 , 1569444573.6150079
-0.996502852316 , 0.928545938605 , 0.00264672803186 , -122 , 63 , 52 , 1569444573.6604629
-0.99539510435 , 0.91223320546 , 0.00367601115536 , -119 , 63 , 52 , 1569444573.7051454
-0.994222280089 , 0.895949736519 , 0.00397009204778 , -119 , 63 , 45 , 1569444573.7502115
-0.992850667129 , 0.879555631769 , 0.00499937517128 , -119 , 63 , 48 , 1569444573.7911413
-0.991365682295 , 0.863219305985 , 0.00588161784857 , -123 , 67 , 45 , 1569444573.8361778
-0.989624506492 , 0.846913656912 , 0.008234264988 , -120 , 71 , 45 , 1569444573.8894866
-0.987384868788 , 0.827626504429 , 0.0107339525736 , -123 , 74 , 37 , 1569444573.9303615
-0.984835494163 , 0.811029990228 , 0.0132336401593 , -123 , 71 , 48 , 1569444573.9754298
-0.982630244637 , 0.794323036755 , 0.0151451659601 , -130 , 74 , 33 , 1569444574.0205379
-0.979519613842 , 0.777465913408 , 0.0201445411313 , -114 , 67 , 41 , 1569444574.0656207
-0.976680850254 , 0.761483621349 , 0.0230853500556 , -123 , 74 , 37 , 1569444574.106554
-0.973254571967 , 0.7451589404 , 0.0263202398723 , -126 , 78 , 33 , 1569444574.1516178
-0.969430276873 , 0.728602990736 , 0.0291140083504 , -121 , 78 , 33 , 1569444574.200736
-0.964668343203 , 0.709708039437 , 0.0326429790596 , -122 , 81 , 29 , 1569444574.2458916
-0.959586011698 , 0.693437886089 , 0.0344074644141 , -115 , 85 , 26 , 1569444574.2909594
-0.95439747948 , 0.677738478008 , 0.0351426666452 , -115 , 85 , 26 , 1569444574.335892
-0.949043493165 , 0.661796705432 , 0.0376423542308 , -118 , 86 , 18 , 1569444574.376931
-0.943232350932 , 0.646359359717 , 0.0408772440476 , -115 , 85 , 15 , 1569444574.4219017
-0.936856586806 , 0.631381360607 , 0.0445532552029 , -119 , 89 , 0 , 1569444574.4669478
-0.929701928828 , 0.616487137927 , 0.0505819134977 , -119 , 93 , 3 , 1569444574.5118825
-0.921982808468 , 0.601828196247 , 0.0566105717925 , -109 , 93 , 0 , 1569444574.5529907
-0.913870466562 , 0.587820973396 , 0.0608747447327 , -116 , 101 , 0 , 1569444574.5980716
-0.905138276896 , 0.573406791973 , 0.0644037154418 , -105 , 102 , 0 , 1569444574.6388867
-0.896237377687 , 0.559451055273 , 0.0661682007964 , -116 , 109 , 0 , 1569444574.684143
-0.886949868378 , 0.545171047236 , 0.0673445243661 , -105 , 109 , 0 , 1569444574.7291288
-0.877525168554 , 0.531274109734 , 0.0669034030275 , -105 , 109 , 0 , 1569444574.7700505
-0.867941211131 , 0.517076094159 , 0.0661682007964 , -108 , 111 , 3 , 1569444574.8150837
-0.858467956381 , 0.502920390353 , 0.0630803514259 , -104 , 112 , 0 , 1569444574.8600004
-0.848619668533 , 0.489013894789 , 0.060433623394 , -105 , 117 , 0 , 1569444574.901305
-0.838724486389 , 0.474498684454 , 0.0591102593781 , -101 , 109 , 0 , 1569444574.9461503
-0.829224616824 , 0.460591825861 , 0.057639854916 , -105 , 113 , 0 , 1569444574.98708
-0.819632493646 , 0.446397676013 , 0.0564635313463 , -101 , 102 , 0 , 1569444575.0321794
-0.810372174214 , 0.432622158401 , 0.0554342482228 , -109 , 113 , 0 , 1569444575.0770876
-0.800749134691 , 0.418158514774 , 0.0546990459917 , -101 , 105 , 0 , 1569444575.1186674
-0.791510081555 , 0.404310887116 , 0.0538168033144 , -105 , 105 , 0 , 1569444575.1632369
-0.782177593369 , 0.390292936159 , 0.0524934392985 , -103 , 108 , 3 , 1569444575.204155
-0.773112607734 , 0.376389448388 , 0.050140792159 , -100 , 110 , 0 , 1569444575.2492428
-0.763710530531 , 0.362818905445 , 0.047347023681 , -101 , 116 , 0 , 1569444575.2943163
-0.753998800193 , 0.349042835333 , 0.0435239720794 , -90 , 117 , 0 , 1569444575.3352227
-0.744356825378 , 0.335620494721 , 0.0386716373543 , -90 , 117 , 0 , 1569444575.3802736
-0.734786574268 , 0.322319027 , 0.0333781812906 , -94 , 114 , 0 , 1569444575.4218655
-0.725288732318 , 0.309022930418 , 0.0279376847807 , -86 , 114 , 0 , 1569444575.46629
-0.715774430855 , 0.295957329144 , 0.0213208647011 , -90 , 121 , 0 , 1569444575.5072312
-0.705907214076 , 0.282642825231 , 0.0136747614979 , -86 , 121 , 0 , 1569444575.5523558
-0.69609484993 , 0.269337732408 , 0.0051464156175 , -90 , 121 , 0 , 1569444575.5974154
-0.686686932329 , 0.256003821661 , -0.00220560669321 , -94 , 121 , 0 , 1569444575.6383126
-0.677377792268 , 0.242377603744 , -0.00896946721907 , -94 , 117 , 0 , 1569444575.6833599
-0.667970487109 , 0.228351757459 , -0.0157333277449 , -86 , 116 , -3 , 1569444575.724321
-0.658793306489 , 0.214907373909 , -0.022644228717 , -86 , 121 , 0 , 1569444575.7694442
-0.649662777722 , 0.201315002115 , -0.0299962510277 , -83 , 117 , 0 , 1569444575.8144746
-0.640663198056 , 0.188243749163 , -0.0382305160157 , -78 , 116 , -33 , 1569444575.8555105
-0.628799830957 , 0.176830404858 , -0.0389657182468 , -81 , 120 , -59 , 1569444575.9005375
-0.615380156522 , 0.165794683583 , -0.0338193026293 , -81 , 116 , -66 , 1569444575.9456272
-0.601109294166 , 0.155416269989 , -0.0249968758564 , -78 , 119 , -74 , 1569444575.9865441
-0.586096912003 , 0.146014236982 , -0.0147040446214 , -70 , 104 , -82 , 1569444576.031604
-0.571454321395 , 0.138003459396 , -0.00323488981671 , -74 , 109 , -85 , 1569444576.0766983
-0.555946410466 , 0.130214513662 , 0.00808722454178 , -70 , 112 , -89 , 1569444576.1217096
-0.539724298689 , 0.122858164009 , 0.018527096223 , -67 , 116 , -89 , 1569444576.1626315
-0.522805081199 , 0.116102216329 , 0.0285258465656 , -66 , 115 , -100 , 1569444576.2077754
-0.505484555113 , 0.109665067315 , 0.0383775564619 , -66 , 126 , -99 , 1569444576.2527752
-0.487411636625 , 0.10308985196 , 0.0469059023423 , -59 , 123 , -96 , 1569444576.297847
-0.469199727433 , 0.0969526133595 , 0.054257924653 , -55 , 127 , -96 , 1569444576.342814
-0.450876855111 , 0.0915126136646 , 0.0601395425016 , -51 , 130 , -101 , 1569444576.383864
-0.431696132303 , 0.086146256295 , 0.0642566749956 , -51 , 126 , -100 , 1569444576.428921
-0.412847651024 , 0.0810880835577 , 0.0683738074896 , -44 , 131 , -96 , 1569444576.4739537
-0.394202149566 , 0.0765402896797 , 0.069991252398 , -40 , 138 , -93 , 1569444576.5190377
-0.375004658966 , 0.0718647996719 , 0.0701382928442 , -40 , 134 , -92 , 1569444576.5599456
-0.356347246231 , 0.0672941745808 , 0.0705794141828 , -44 , 134 , -92 , 1569444576.605051
-0.338116329676 , 0.0626174635284 , 0.0696971715055 , -33 , 131 , -92 , 1569444576.65017
-0.319766499838 , 0.0589414645393 , 0.066609322135 , -37 , 138 , -89 , 1569444576.6950843
-0.301039925691 , 0.0544787225828 , 0.0648448367805 , -37 , 138 , -96 , 1569444576.7360399
-0.281927711435 , 0.0498965138312 , 0.0629333109797 , -29 , 138 , -92 , 1569444576.781153
-0.262855918012 , 0.045779662787 , 0.0592572998243 , -33 , 145 , -111 , 1569444576.8262837
-0.241653809206 , 0.0421957974857 , 0.0580809762546 , -37 , 156 , -125 , 1569444576.8714669
-0.218597526584 , 0.0383032653698 , 0.0588161784857 , -33 , 160 , -136 , 1569444576.9122355
-0.194331704405 , 0.035338322155 , 0.060433623394 , -29 , 163 , -139 , 1569444576.9573555
-0.169781435515 , 0.0325974869645 , 0.062492189641 , -33 , 167 , -140 , 1569444577.002346
-0.144939295759 , 0.0299810941852 , 0.0639625941032 , -33 , 170 , -140 , 1569444577.0476644
-0.120075478219 , 0.0271224266668 , 0.0644037154418 , -33 , 168 , -137 , 1569444577.0924635
-0.0953249608868 , 0.0245472964119 , 0.0649918772267 , -26 , 167 , -137 , 1569444577.1373863
-0.0707733403333 , 0.0220856678768 , 0.0635214727645 , -22 , 164 , -133 , 1569444577.1784623
